Sample	0	1	2	3	4	5	6	7	8	9	10	11	12	13	14	15	16	17	18	19	20	21	22	23	24	25	26	27	28	29	30	31	32	33	34	35	36	37	38	39	40	41	42	43	44	45	46	47	48	49	50	51	52	53	54
SRR20114171_1	(1, 36.17584273829925)	(2, 35.995940173246694)	(3, 36.02297152775802)	(4, 36.239012052947636)	(5, 36.22360773883374)	(6, 36.2825150970702)	(7, 36.244496957949224)	(8, 36.23415366630958)	(9, 36.28290028644119)	(10, 36.300003167729955)	(12, 36.29980837176055)	(14, 36.282482666390024)	(16, 36.30127596892602)	(18, 36.2768357727895)	(20, 36.27496618822016)	(22, 36.26572878277487)	(24, 36.227790348966245)	(26, 36.20151517079556)	(28, 36.172151679574334)	(30, 36.141616069410276)	(32, 36.14699856173759)	(34, 36.146870569437894)	(36, 36.13963893698255)	(38, 36.121102594181714)	(40, 36.12214230305523)	(42, 36.084658868306065)	(44, 36.09769213636572)	(46, 36.07159259482307)	(48, 36.058232127717204)	(50, 36.05109317240273)	(52, 35.98663555358879)	(54, 35.99194792590198)	(56, 36.01638462238855)	(58, 36.01181036823569)	(60, 35.97406781009896)	(62, 35.961666236372324)	(64, 35.9261269658299)	(66, 35.92066945592606)	(68, 35.897738103763174)	(70, 35.94978719584367)	(72, 35.906151603058305)	(74, 35.8621933942088)	(76, 35.849769666721826)	(78, 35.84722493700423)	(80, 35.776812360172144)	(82, 35.78612478969202)	(84, 35.731518394574465)	(86, 35.73833567055983)	(88, 35.73648592816877)	(90, 35.73291861660445)	(92, 35.73705084918667)	(94, 35.63714690529311)	(96, 35.72457884918461)	(98, 35.68082628973667)	(100, 35.5123424924716)
SRR20114171_2	(1, 35.297607240872715)	(2, 35.78935889465789)	(3, 36.23706658882676)	(4, 36.441292458308304)	(5, 36.40956713070163)	(6, 36.30634720912455)	(7, 36.244957485379445)	(8, 36.23171549128131)	(9, 36.20123353594131)	(10, 36.18218310696346)	(12, 36.154958127754114)	(14, 36.14075155929477)	(16, 36.1430627190638)	(18, 36.1366334926902)	(20, 36.12814292872915)	(22, 36.10588695950342)	(24, 36.07113919844755)	(26, 36.05000695523317)	(28, 36.004608411426034)	(30, 36.01387105512117)	(32, 36.009986536500236)	(34, 35.95663844428414)	(36, 35.98049062741655)	(38, 35.95465742185818)	(40, 35.942229261456546)	(42, 35.91791308162685)	(44, 35.88414241199722)	(46, 35.8624582551262)	(48, 35.83241527767692)	(50, 35.792832535189746)	(52, 35.805274460977714)	(54, 35.762984154733914)	(56, 35.7408876576084)	(58, 35.70640013452628)	(60, 35.686725084851304)	(62, 35.66977702481425)	(64, 35.65044232561273)	(66, 35.64813602959897)	(68, 35.58503382059074)	(70, 35.56181275087859)	(72, 35.58485101197158)	(74, 35.564498793477725)	(76, 35.51910692350148)	(78, 35.53552203036094)	(80, 35.47940702978754)	(82, 35.448102578334485)	(84, 35.432554702605245)	(86, 35.42636267474001)	(88, 35.422025548568655)	(90, 35.38213053325272)	(92, 35.35257936352298)	(94, 35.36917845572577)	(96, 35.34398179091414)	(98, 35.255620813133724)	(100, 35.125164541762544)
SRR20114172_1	(1, 35.7121593520364)	(2, 35.55896830157861)	(3, 35.60464410680916)	(4, 35.91215647673681)	(5, 35.84574143914509)	(6, 35.99165196159555)	(7, 35.94365314964342)	(8, 35.94085029532703)	(9, 36.0463459580928)	(10, 36.034085397557405)	(12, 36.041047856206646)	(14, 36.00104545534854)	(16, 35.98782056520682)	(18, 36.02579261402046)	(20, 35.97649833123479)	(22, 35.98503952291992)	(24, 35.95960075322617)	(26, 35.86246157484422)	(28, 35.81205414097031)	(30, 35.75275900855577)	(32, 35.794725668791955)	(34, 35.769754698062165)	(36, 35.93988482114009)	(38, 35.902225288914494)	(40, 35.92994576853707)	(42, 35.75182131021861)	(44, 35.773858614723345)	(46, 35.780505888233236)	(48, 35.74229009793795)	(50, 35.66591857123237)	(52, 35.49290836800667)	(54, 35.6469385319541)	(56, 35.74233247696652)	(58, 35.58246225621669)	(60, 35.527559492437355)	(62, 35.40732355208503)	(64, 35.42007026581378)	(66, 35.49277826624478)	(68, 35.33084881658375)	(70, 35.51583435364232)	(72, 35.491567435197155)	(74, 35.37488357977367)	(76, 35.367513507473376)	(78, 35.38550700216098)	(80, 35.38580194783392)	(82, 35.36249159351658)	(84, 35.19871884765204)	(86, 35.12557372297731)	(88, 35.12730161310442)	(90, 35.16423149095377)	(92, 35.16385215804633)	(94, 34.90449465789922)	(96, 35.15584873088369)	(98, 35.05714996450744)	(100, 34.86417198364974)
SRR20114172_2	(1, 35.316900692063804)	(2, 35.78407593260325)	(3, 36.08134635238062)	(4, 36.216816143589526)	(5, 36.177942954397274)	(6, 36.08494228458549)	(7, 36.03834467808991)	(8, 36.01973761850975)	(9, 36.006407194129174)	(10, 35.99196901197885)	(12, 35.97526002105006)	(14, 35.95457360910196)	(16, 35.947332309492474)	(18, 35.9356458581156)	(20, 35.91736042791007)	(22, 35.89352236529443)	(24, 35.84990341397997)	(26, 35.811124750687995)	(28, 35.757697740628466)	(30, 35.748781246457035)	(32, 35.72473825479343)	(34, 35.6674548003246)	(36, 35.87733417748812)	(38, 35.843749897329936)	(40, 35.81506508526535)	(42, 35.784122749175424)	(44, 35.74026755600923)	(46, 35.70910842044064)	(48, 35.671102873040695)	(50, 35.60531023332841)	(52, 35.57270277998009)	(54, 35.51690980582889)	(56, 35.47549249428178)	(58, 35.431575562999306)	(60, 35.39654197755591)	(62, 35.36510240637655)	(64, 35.33572261594088)	(66, 35.316339332491744)	(68, 35.266600781439195)	(70, 35.241566723432726)	(72, 35.25214493021318)	(74, 35.21847627190978)	(76, 35.16739191831422)	(78, 35.17195275354884)	(80, 35.131036671644196)	(82, 35.08924085635053)	(84, 35.06861908491264)	(86, 35.04922216325768)	(88, 35.03726158021924)	(90, 35.00802253243435)	(92, 34.989995838300324)	(94, 34.98738340161785)	(96, 34.94945611634752)	(98, 34.873154456430775)	(100, 34.882094231974975)
SRR20114173_1	(1, 36.00071242756894)	(2, 35.84209756120072)	(3, 35.875223659059245)	(4, 36.135709042316314)	(5, 36.10759095929885)	(6, 36.20074375022044)	(7, 36.16614636948961)	(8, 36.157698169952866)	(9, 36.22622118785779)	(10, 36.23197261093295)	(12, 36.238437050782416)	(14, 36.21541533868843)	(16, 36.23118496697319)	(18, 36.22428822344118)	(20, 36.20160688251195)	(22, 36.1981996562337)	(24, 36.172922597863305)	(26, 36.115067596276155)	(28, 36.08483207399958)	(30, 36.02919265762768)	(32, 36.050473119544904)	(34, 36.03320342385176)	(36, 36.02782704474264)	(38, 35.998345193499716)	(40, 36.01267302452064)	(42, 35.919502893593915)	(44, 35.9322779455321)	(46, 35.91017681110901)	(48, 35.881818239453835)	(50, 35.84743445189689)	(52, 35.74770907717996)	(54, 35.80463416197604)	(56, 35.8687462229316)	(58, 35.79234020331719)	(60, 35.74602018844752)	(62, 35.68693391038989)	(64, 35.679806966235354)	(66, 35.69835719114934)	(68, 35.6317744384461)	(70, 35.72871210871047)	(72, 35.682724023798805)	(74, 35.60219707049846)	(76, 35.58021357916562)	(78, 35.59280524314168)	(80, 35.55487626308823)	(82, 35.54958878431496)	(84, 35.44073811246656)	(86, 35.41821833796092)	(88, 35.41244609254672)	(90, 35.421262726485494)	(92, 35.428395835282416)	(94, 35.26983671097606)	(96, 35.41024352686606)	(98, 35.333369196516756)	(100, 35.154187269423645)
SRR20114173_2	(1, 35.46114621621381)	(2, 35.81892121360153)	(3, 36.23333137206234)	(4, 36.41018293549198)	(5, 36.38561022062815)	(6, 36.29089621679066)	(7, 36.23443577364889)	(8, 36.228183233473324)	(9, 36.20601058690787)	(10, 36.193912552694734)	(12, 36.17299252788713)	(14, 36.156428172817314)	(16, 36.15329029579593)	(18, 36.14534909305225)	(20, 36.13557042660446)	(22, 36.11243757307382)	(24, 36.07672609565003)	(26, 36.05065527876913)	(28, 36.00123937081767)	(30, 35.999868611324544)	(32, 35.987665661474075)	(34, 35.93324510086042)	(36, 35.98233879687347)	(38, 35.955596525934595)	(40, 35.93652814372313)	(42, 35.90946357656597)	(44, 35.87140466513016)	(46, 35.84604549166799)	(48, 35.810399050246176)	(50, 35.760274717373576)	(52, 35.7524035047947)	(54, 35.707191891238224)	(56, 35.68065163102351)	(58, 35.64612278029382)	(60, 35.62169386515765)	(62, 35.59860744347843)	(64, 35.56821585162288)	(66, 35.553701940879236)	(68, 35.494533512165376)	(70, 35.468136877522014)	(72, 35.481343023257885)	(74, 35.45989150050623)	(76, 35.41799939054383)	(78, 35.42588871582946)	(80, 35.3753706350694)	(82, 35.339803723657155)	(84, 35.32528773956643)	(86, 35.31573454526385)	(88, 35.307575987476)	(90, 35.27285128586053)	(92, 35.24651461591171)	(94, 35.249157028772565)	(96, 35.21973150643717)	(98, 35.14344500334572)	(100, 35.08309694881989)
SRR20114174_1	(1, 35.82515850331573)	(2, 35.709230961143405)	(3, 35.73136400052181)	(4, 36.05169580850162)	(5, 35.93810873387187)	(6, 36.10327248648641)	(7, 36.060042351265665)	(8, 36.066055438961094)	(9, 36.17825537557431)	(10, 36.16765111517837)	(12, 36.17107022624374)	(14, 36.13063975329899)	(16, 36.11267764101626)	(18, 36.14234214537209)	(20, 36.067790849593976)	(22, 36.0794334997378)	(24, 36.076631941647626)	(26, 35.977137146907836)	(28, 35.95538369165739)	(30, 35.86616055404306)	(32, 35.9144434009841)	(34, 35.88619293618006)	(36, 35.9393485024757)	(38, 35.88642755454555)	(40, 35.90209287171695)	(42, 35.72118678682373)	(44, 35.74590392908047)	(46, 35.742950260404996)	(48, 35.69600161841264)	(50, 35.62209872294035)	(52, 35.41866433233479)	(54, 35.62738075288429)	(56, 35.732377281870825)	(58, 35.546956761987275)	(60, 35.49922462158942)	(62, 35.36606713377822)	(64, 35.36069060781418)	(66, 35.46072248560593)	(68, 35.24027874371576)	(70, 35.47385466578325)	(72, 35.46543934537861)	(74, 35.345611002681665)	(76, 35.34046778642333)	(78, 35.37706797747032)	(80, 35.37732704699839)	(82, 35.3551537920912)	(84, 35.188183224652384)	(86, 35.067183726078994)	(88, 35.03172942749728)	(90, 35.10635434577943)	(92, 35.0977768889825)	(94, 34.81517795004582)	(96, 35.11120350032552)	(98, 35.05335696930456)	(100, 34.793631559603625)
SRR20114174_2	(1, 35.56340274645173)	(2, 35.88310855523046)	(3, 36.24299492923388)	(4, 36.37089166365114)	(5, 36.327551462487456)	(6, 36.24913863105174)	(7, 36.206206118272085)	(8, 36.18909963653233)	(9, 36.17617559267398)	(10, 36.168598478665515)	(12, 36.15019653749314)	(14, 36.12990675950982)	(16, 36.120256766354466)	(18, 36.10534225350824)	(20, 36.08575486448591)	(22, 36.06410521015807)	(24, 36.01542568958135)	(26, 35.97177445258161)	(28, 35.917291654540364)	(30, 35.90307819203363)	(32, 35.88171934472888)	(34, 35.82680589109239)	(36, 35.93256422491025)	(38, 35.90288626466416)	(40, 35.87453318969406)	(42, 35.84282572430449)	(44, 35.801669361559775)	(46, 35.77477044561654)	(48, 35.738751254583995)	(50, 35.673448015815595)	(52, 35.632326040496125)	(54, 35.57477886510738)	(56, 35.53178225664481)	(58, 35.49250663447108)	(60, 35.46013505181385)	(62, 35.433833917000385)	(64, 35.40945748919229)	(66, 35.38438981888344)	(68, 35.334910274245885)	(70, 35.304765248135965)	(72, 35.312885621968796)	(74, 35.270516248593864)	(76, 35.2092096748124)	(78, 35.1905337776393)	(80, 35.15181308339651)	(82, 35.120090307974294)	(84, 35.10862227929605)	(86, 35.087147530119374)	(88, 35.0605285024205)	(90, 35.021606671717876)	(92, 35.00185846591461)	(94, 34.999275129677386)	(96, 34.95898851678136)	(98, 34.882629721193624)	(100, 34.85720736507959)
SRR20114175_1	(1, 35.77749980351991)	(2, 35.625580613338514)	(3, 35.68573619689873)	(4, 35.96322502620712)	(5, 35.86817985663926)	(6, 36.0309633076847)	(7, 36.003408287719324)	(8, 36.025422008611756)	(9, 36.114853790788516)	(10, 36.0889575776344)	(12, 36.08738455083869)	(14, 36.05373005889972)	(16, 36.03846651425286)	(18, 36.067737408232716)	(20, 36.00358271512159)	(22, 36.009530249006424)	(24, 35.994905078935474)	(26, 35.92418260045281)	(28, 35.89433406151528)	(30, 35.8191195593424)	(32, 35.838971953590814)	(34, 35.82205815862897)	(36, 35.95022470147339)	(38, 35.89396450644945)	(40, 35.899404043352874)	(42, 35.77651471195444)	(44, 35.802919906154386)	(46, 35.784429746364154)	(48, 35.75220028369617)	(50, 35.69851375007866)	(52, 35.569902244456785)	(54, 35.69854598568293)	(56, 35.75933760239883)	(58, 35.62052430250437)	(60, 35.588944173121696)	(62, 35.438288356730865)	(64, 35.4459349033114)	(66, 35.51316953933515)	(68, 35.375383505450756)	(70, 35.55408507030017)	(72, 35.53871187088494)	(74, 35.39998412359776)	(76, 35.42765630274769)	(78, 35.42364084318627)	(80, 35.44415501895296)	(82, 35.44883831144896)	(84, 35.29649800789889)	(86, 35.18205182244278)	(88, 35.19239023713409)	(90, 35.24339027829217)	(92, 35.27853008606765)	(94, 35.02378304873546)	(96, 35.28822532821437)	(98, 35.218818544076086)	(100, 35.058546617059015)
SRR20114175_2	(1, 35.33332534379455)	(2, 35.73875498482705)	(3, 36.058833751513355)	(4, 36.21998375243221)	(5, 36.17953044972241)	(6, 36.086769597471914)	(7, 36.03354482802485)	(8, 36.01910430362437)	(9, 35.99635755232333)	(10, 35.984917432091855)	(12, 35.95880058775896)	(14, 35.93675895561479)	(16, 35.928436260880204)	(18, 35.91226252138635)	(20, 35.89291469974779)	(22, 35.863747787073706)	(24, 35.81173070223354)	(26, 35.76655591445485)	(28, 35.707854765825054)	(30, 35.69414809294401)	(32, 35.67318767478746)	(34, 35.61242906351788)	(36, 35.794550034348276)	(38, 35.76105622497578)	(40, 35.733218802012274)	(42, 35.698266406143674)	(44, 35.661629017533485)	(46, 35.64059270167703)	(48, 35.6043504009224)	(50, 35.541663066162144)	(52, 35.50762119046304)	(54, 35.43882057496539)	(56, 35.39557217332349)	(58, 35.34391811116929)	(60, 35.30872873299457)	(62, 35.28541268450749)	(64, 35.25462317535745)	(66, 35.247806987846076)	(68, 35.19500025399303)	(70, 35.1613626077794)	(72, 35.164483342313474)	(74, 35.12140759131653)	(76, 35.06418593849245)	(78, 35.05531312102856)	(80, 35.0090759893623)	(82, 34.98222659932403)	(84, 34.96349640287552)	(86, 34.94290044640533)	(88, 34.92887913656673)	(90, 34.89085777653617)	(92, 34.87284536366762)	(94, 34.87531647600562)	(96, 34.8442404436654)	(98, 34.7736276164579)	(100, 34.74112229523165)
SRR20114176_1	(1, 29.844954454005958)	(2, 29.844954454005958)	(3, 29.844954454005958)	(4, 29.844954454005958)	(5, 29.844954454005958)	(6, 29.844954454005958)	(7, 29.844954454005958)	(8, 29.844954454005958)	(9, 29.844954454005958)	(10, 29.844954454005958)	(12, 29.844954454005958)	(14, 29.844954454005958)	(16, 29.844954454005958)	(18, 29.844954454005958)	(20, 29.844954454005958)	(22, 29.844954454005958)	(24, 29.844954454005958)	(26, 29.844954454005958)	(28, 29.844954454005958)	(30, 29.844954454005958)	(32, 29.844954454005958)	(34, 29.844954454005958)	(36, 29.940378866796962)	(38, 29.94036494184011)	(40, 29.940348003201066)	(42, 29.940283443920094)	(44, 29.94020231220327)	(46, 29.940131423822713)	(48, 29.940062886099547)	(50, 29.939990456117407)	(52, 29.939915344634855)	(54, 29.939837505361716)	(56, 29.939747922348293)	(58, 29.939642850149)	(60, 29.9395414835124)	(62, 29.93944613674102)	(64, 29.939350239447222)	(66, 29.939252476097312)	(68, 29.93915553811133)	(70, 29.939061824997665)	(72, 29.938967729486244)	(74, 29.938864858112975)	(76, 29.9387380611778)	(78, 29.93860495967006)	(80, 29.938478597913278)	(82, 29.93836391446841)	(84, 29.938257044615455)	(86, 29.93814829377231)	(88, 29.93802667449567)	(90, 29.937902358604337)	(92, 29.93775980334066)	(94, 29.93758625571828)	(96, 29.937380491804184)	(98, 29.93730455622344)	(100, 29.93732236360283)
SRR20114176_2	(1, 29.772974501349786)	(2, 29.772974501349786)	(3, 29.772974501349786)	(4, 29.772974501349786)	(5, 29.772974501349786)	(6, 29.772974501349786)	(7, 29.772974501349786)	(8, 29.772974501349786)	(9, 29.772974501349786)	(10, 29.772974501349786)	(12, 29.772974501349786)	(14, 29.772974501349786)	(16, 29.772974501349786)	(18, 29.772974501349786)	(20, 29.772974501349786)	(22, 29.772974501349786)	(24, 29.772974501349786)	(26, 29.772974501349786)	(28, 29.772974501349786)	(30, 29.772974501349786)	(32, 29.772974501349786)	(34, 29.772974501349786)	(36, 29.85796816723365)	(38, 29.8579351391272)	(40, 29.85789461913412)	(42, 29.857744722126476)	(44, 29.857554277466267)	(46, 29.857389805765827)	(48, 29.857226721139224)	(50, 29.857053966364308)	(52, 29.856875479599516)	(54, 29.856691533485844)	(56, 29.85647756532253)	(58, 29.856227271701776)	(60, 29.855982371662385)	(62, 29.855749794166957)	(64, 29.855515772116046)	(66, 29.85527484487166)	(68, 29.855034553984066)	(70, 29.854803387668298)	(72, 29.854570215360212)	(74, 29.85431111958081)	(76, 29.8539935547768)	(78, 29.853664182645822)	(80, 29.853340128876944)	(82, 29.853038451402305)	(84, 29.852756856381422)	(86, 29.852473243674066)	(88, 29.85216268784388)	(90, 29.85184583968826)	(92, 29.851493426057907)	(94, 29.851056760226225)	(96, 29.85055928447617)	(98, 29.85042018044654)	(100, 29.850556388174816)
SRR20114177_1	(1, 35.69020010383558)	(2, 35.516428089124375)	(3, 35.573228702338994)	(4, 35.86685932570415)	(5, 35.816355766011334)	(6, 35.945640546814076)	(7, 35.90647322251316)	(8, 35.903016679189584)	(9, 35.998803917088864)	(10, 35.992964839899074)	(12, 35.99605597153358)	(14, 35.96325302658207)	(16, 35.977858718715794)	(18, 35.9888025162831)	(20, 35.94661490930787)	(22, 35.948520527429025)	(24, 35.92497628736038)	(26, 35.83707509759026)	(28, 35.802294588441555)	(30, 35.724101910751386)	(32, 35.74825403541358)	(34, 35.71904832730421)	(36, 35.947681734442064)	(38, 35.90972826956528)	(40, 35.9332104470007)	(42, 35.7883404139619)	(44, 35.805047675562015)	(46, 35.809940287095344)	(48, 35.77878189861206)	(50, 35.719551513010686)	(52, 35.598451844375944)	(54, 35.69478732924626)	(56, 35.783242104280156)	(58, 35.654048172210665)	(60, 35.6095006352774)	(62, 35.50508671692029)	(64, 35.51643613208377)	(66, 35.571859196753806)	(68, 35.45092448445223)	(70, 35.59713142270368)	(72, 35.54836297957075)	(74, 35.4629145597451)	(76, 35.44925635972571)	(78, 35.46840439337984)	(80, 35.455597782861105)	(82, 35.436393522425234)	(84, 35.28886756352768)	(86, 35.241508967338)	(88, 35.22940071487169)	(90, 35.249626398896254)	(92, 35.25706927438692)	(94, 35.031848963002574)	(96, 35.23457650457665)	(98, 35.143579134649094)	(100, 34.95275602868165)
SRR20114177_2	(1, 35.445677776642086)	(2, 35.84154374316273)	(3, 36.13568052324329)	(4, 36.264096666434604)	(5, 36.22801962388973)	(6, 36.14593258154079)	(7, 36.10307107759296)	(8, 36.07889356989362)	(9, 36.06439314937376)	(10, 36.05463926408477)	(12, 36.03689475440789)	(14, 36.01712144573868)	(16, 36.012008654091034)	(18, 36.00268281395938)	(20, 35.981424880910396)	(22, 35.96969251458562)	(24, 35.92287215307965)	(26, 35.880853290763454)	(28, 35.83170153232162)	(30, 35.81908579715851)	(32, 35.78954557173035)	(34, 35.732614283261626)	(36, 35.96466701231118)	(38, 35.936965751487165)	(40, 35.91012230382859)	(42, 35.8796545707024)	(44, 35.83895963116036)	(46, 35.81164279129381)	(48, 35.775476651863166)	(50, 35.709205714698626)	(52, 35.681614015821864)	(54, 35.63491083929698)	(56, 35.59332626161721)	(58, 35.557950458941605)	(60, 35.5221930349509)	(62, 35.49037367896709)	(64, 35.466375378022406)	(66, 35.441434842848146)	(68, 35.396329187680564)	(70, 35.3719095989798)	(72, 35.38695595778351)	(74, 35.3529693472974)	(76, 35.292176636888605)	(78, 35.295843171376134)	(80, 35.25726136651973)	(82, 35.22110288254255)	(84, 35.20811325107176)	(86, 35.189298849482725)	(88, 35.177698036631284)	(90, 35.1412317419542)	(92, 35.1109938441011)	(94, 35.104573580069086)	(96, 35.07119356597889)	(98, 34.999617771998004)	(100, 34.9718157223693)
SRR20114178_1	(1, 36.0898551401217)	(2, 35.930338543625716)	(3, 35.94909892339424)	(4, 36.18065045073533)	(5, 36.15770999268847)	(6, 36.23152526223338)	(7, 36.19579874055298)	(8, 36.20273047932919)	(9, 36.240442087185656)	(10, 36.240424390836495)	(12, 36.25220758015307)	(14, 36.23453646440929)	(16, 36.23789508818986)	(18, 36.23340484377878)	(20, 36.21449644515451)	(22, 36.208462025913015)	(24, 36.170563388423005)	(26, 36.134103499942384)	(28, 36.08970733620137)	(30, 36.060135060256286)	(32, 36.051000061528846)	(34, 36.061643419682056)	(36, 36.06979448896902)	(38, 36.0442590547641)	(40, 36.045400258515286)	(42, 35.99860251612631)	(44, 36.02785950590656)	(46, 35.999952721434234)	(48, 35.97440413249625)	(50, 35.95869121288398)	(52, 35.90633964328387)	(54, 35.91506214399054)	(56, 35.929558461629284)	(58, 35.918837851142015)	(60, 35.876219928052905)	(62, 35.863359950425476)	(64, 35.83236657421634)	(66, 35.823742705484435)	(68, 35.81052224975768)	(70, 35.85988122623468)	(72, 35.82188745604652)	(74, 35.76612314104639)	(76, 35.75913340599982)	(78, 35.73932932048464)	(80, 35.68132086976302)	(82, 35.70381678801043)	(84, 35.64731623155073)	(86, 35.64056511544993)	(88, 35.65552897004753)	(90, 35.633829139234095)	(92, 35.640728719211474)	(94, 35.54512009995858)	(96, 35.645399239492335)	(98, 35.60774800286572)	(100, 35.468518333123484)
SRR20114178_2	(1, 35.947327998865596)	(2, 36.064297255908095)	(3, 36.37197933708358)	(4, 36.499494228310645)	(5, 36.45302845862391)	(6, 36.358872790417365)	(7, 36.3084501027291)	(8, 36.30167702927618)	(9, 36.27444380947747)	(10, 36.26273206469281)	(12, 36.2408060731463)	(14, 36.226103666846896)	(16, 36.22631514896615)	(18, 36.218217249438254)	(20, 36.20964059560266)	(22, 36.188644772886775)	(24, 36.15260413742649)	(26, 36.127283011736935)	(28, 36.08619376548019)	(30, 36.08711515778137)	(32, 36.07689492148596)	(34, 36.03003513936112)	(36, 36.06743796232243)	(38, 36.04516186630039)	(40, 36.02965483053165)	(42, 36.00674208771338)	(44, 35.976899081403786)	(46, 35.956233245824414)	(48, 35.93002629500541)	(50, 35.89234410767372)	(52, 35.900432537614435)	(54, 35.86172173755391)	(56, 35.838138803749814)	(58, 35.80726439260306)	(60, 35.78510585906426)	(62, 35.76721964428702)	(64, 35.74826031839176)	(66, 35.74562036885528)	(68, 35.69196849976322)	(70, 35.66921005293379)	(72, 35.68399359537814)	(74, 35.665601484824066)	(76, 35.62376695112707)	(78, 35.63338386621364)	(80, 35.58307913226177)	(82, 35.55411498957923)	(84, 35.533540290157404)	(86, 35.52163752519207)	(88, 35.51403408940065)	(90, 35.47512664952483)	(92, 35.445347757642956)	(94, 35.45434071972561)	(96, 35.42890218318034)	(98, 35.35435076222908)	(100, 35.255886336484835)
SRR20114179_1	(1, 29.96971279146842)	(2, 29.96971279146842)	(3, 29.96971279146842)	(4, 29.96971279146842)	(5, 29.96971279146842)	(6, 29.96971279146842)	(7, 29.96971279146842)	(8, 29.96971279146842)	(9, 29.96971279146842)	(10, 29.96971279146842)	(12, 29.96971279146842)	(14, 29.96971279146842)	(16, 29.96971279146842)	(18, 29.96971279146842)	(20, 29.96971279146842)	(22, 29.96971279146842)	(24, 29.96971279146842)	(26, 29.96971279146842)	(28, 29.96971279146842)	(30, 29.96971279146842)	(32, 29.96971279146842)	(34, 29.96971279146842)	(36, 29.98156163767105)	(38, 29.981561217413855)	(40, 29.981560842211135)	(42, 29.981560271076358)	(44, 29.981559489902207)	(46, 29.98155842011779)	(48, 29.9815573889233)	(50, 29.981556287658833)	(52, 29.981555209694893)	(54, 29.981554138095127)	(56, 29.98155306692137)	(58, 29.98155201179902)	(60, 29.981551007951317)	(62, 29.981550022154742)	(64, 29.98154935169576)	(66, 29.981548477476437)	(68, 29.981547737389906)	(70, 29.98154676497852)	(72, 29.98154570842992)	(74, 29.981544608341352)	(76, 29.981543185260954)	(78, 29.98154166930614)	(80, 29.98154001922062)	(82, 29.98153827438832)	(84, 29.98153632859782)	(86, 29.981534467223625)	(88, 29.98153244439287)	(90, 29.981529984902586)	(92, 29.981527684844295)	(94, 29.98152332718167)	(96, 29.98150924529469)	(98, 29.981449990677515)	(100, 29.981590201737795)
SRR20114179_2	(1, 29.894712002230673)	(2, 29.894712002230673)	(3, 29.894712002230673)	(4, 29.894712002230673)	(5, 29.894712002230673)	(6, 29.894712002230673)	(7, 29.894712002230673)	(8, 29.894712002230673)	(9, 29.894712002230673)	(10, 29.894712002230673)	(12, 29.894712002230673)	(14, 29.894712002230673)	(16, 29.894712002230673)	(18, 29.894712002230673)	(20, 29.894712002230673)	(22, 29.894712002230673)	(24, 29.894712002230673)	(26, 29.894712002230673)	(28, 29.894712002230673)	(30, 29.894712002230673)	(32, 29.894712002230673)	(34, 29.894712002230673)	(36, 29.905719808279365)	(38, 29.905717559400912)	(40, 29.905716185894892)	(42, 29.905713124521476)	(44, 29.90570899198093)	(46, 29.905703369651206)	(48, 29.905698218248528)	(50, 29.905692374159173)	(52, 29.90568661316061)	(54, 29.90568121908551)	(56, 29.905675659942588)	(58, 29.905670163701345)	(60, 29.905664721832636)	(62, 29.905659872294294)	(64, 29.905654964788724)	(66, 29.90564934491479)	(68, 29.905644189738986)	(70, 29.905638976075878)	(72, 29.905632779449405)	(74, 29.90562635496496)	(76, 29.905619591121955)	(78, 29.90561134765567)	(80, 29.90560308139907)	(82, 29.905594104567804)	(84, 29.905584028375216)	(86, 29.905572596146097)	(88, 29.9055599079557)	(90, 29.905546917591472)	(92, 29.905528820361344)	(94, 29.905506166344352)	(96, 29.905458531521568)	(98, 29.9052348823762)	(100, 29.905844244465907)
SRR20114180_1	(1, 36.060009570996186)	(2, 35.88677238851383)	(3, 35.914315450932186)	(4, 36.15546821609789)	(5, 36.146613086406326)	(6, 36.22342701847704)	(7, 36.18764231998449)	(8, 36.175515799406476)	(9, 36.21986474981681)	(10, 36.23413332240034)	(12, 36.23838837036216)	(14, 36.21583382656568)	(16, 36.2323341823424)	(18, 36.216074365638924)	(20, 36.202578021639496)	(22, 36.19488385983314)	(24, 36.155521078178225)	(26, 36.118467382391046)	(28, 36.07584056681556)	(30, 36.0382077975014)	(32, 36.032700325248285)	(34, 36.03705330414277)	(36, 36.04618754683037)	(38, 36.023506675731085)	(40, 36.01767259800545)	(42, 35.971406741457265)	(44, 35.987508237085365)	(46, 35.960730668983985)	(48, 35.94087061679299)	(50, 35.93121942652042)	(52, 35.86039757784357)	(54, 35.86588906905013)	(56, 35.8907647054398)	(58, 35.875021001649905)	(60, 35.82589603927484)	(62, 35.814976392034865)	(64, 35.78923615108887)	(66, 35.76820111018947)	(68, 35.75415691035673)	(70, 35.797106821331866)	(72, 35.755558181497996)	(74, 35.6943119616073)	(76, 35.688284939794755)	(78, 35.67484723058853)	(80, 35.60480316346935)	(82, 35.626406477234326)	(84, 35.55928587530866)	(86, 35.569508945664126)	(88, 35.56520961552677)	(90, 35.55940451011321)	(92, 35.56629139927032)	(94, 35.45917710274243)	(96, 35.555437261086865)	(98, 35.5088546246503)	(100, 35.35836729559241)
SRR20114180_2	(1, 35.852025775754626)	(2, 36.03238488789972)	(3, 36.32069643894593)	(4, 36.432267781263526)	(5, 36.364613549339936)	(6, 36.26408201846985)	(7, 36.210149331039126)	(8, 36.20440424465203)	(9, 36.1783501647063)	(10, 36.16483682135646)	(12, 36.13691818682123)	(14, 36.122221725368135)	(16, 36.12484484064757)	(18, 36.1190138948992)	(20, 36.11211714589979)	(22, 36.090275008243125)	(24, 36.052002029213796)	(26, 36.02759615750233)	(28, 35.98406963060843)	(30, 35.98824292403898)	(32, 35.978621128105445)	(34, 35.92371452513437)	(36, 35.96940953798449)	(38, 35.94420124530081)	(40, 35.92961485775713)	(42, 35.90193473970795)	(44, 35.86683209911915)	(46, 35.843685744796765)	(48, 35.81292162223525)	(50, 35.773115855828436)	(52, 35.782944525060046)	(54, 35.740934397351225)	(56, 35.716337885755244)	(58, 35.68053434253422)	(60, 35.659205839846365)	(62, 35.64204414225797)	(64, 35.62143040538328)	(66, 35.61808616637352)	(68, 35.5564528671072)	(70, 35.53094045139149)	(72, 35.54859321510465)	(74, 35.52850796193826)	(76, 35.48154588236774)	(78, 35.49361030415392)	(80, 35.438537355878566)	(82, 35.40741612851075)	(84, 35.38610277004439)	(86, 35.37543145619509)	(88, 35.366049945795254)	(90, 35.3224855340344)	(92, 35.290539526232365)	(94, 35.30272519375056)	(96, 35.27385089876453)	(98, 35.19017865304545)	(100, 35.08984467160276)
