Sample	0	1	2	3	4	5	6	7	8	9	10	11	12	13	14	15	16	17	18	19	20	21	22	23	24	25	26	27	28	29	30	31	32	33	34	35
SRR20114171_1	(2.0, 22744.0)	(3.0, 0.0)	(4.0, 0.0)	(5.0, 0.0)	(6.0, 0.0)	(7.0, 0.0)	(8.0, 0.0)	(9.0, 0.0)	(10.0, 0.0)	(11.0, 0.0)	(12.0, 0.0)	(13.0, 0.0)	(14.0, 2.0)	(15.0, 43.0)	(16.0, 273.0)	(17.0, 928.0)	(18.0, 2510.0)	(19.0, 4855.0)	(20.0, 8299.0)	(21.0, 15555.0)	(22.0, 27986.0)	(23.0, 52560.0)	(24.0, 96358.0)	(25.0, 163172.0)	(26.0, 242225.0)	(27.0, 358695.0)	(28.0, 510016.0)	(29.0, 729526.0)	(30.0, 987036.0)	(31.0, 1344499.0)	(32.0, 1740550.0)	(33.0, 2360154.0)	(34.0, 3301473.0)	(35.0, 6345427.0)	(36.0, 47213052.0)	(37.0, 19422485.0)
SRR20114171_2	(2.0, 17279.0)	(3.0, 0.0)	(4.0, 0.0)	(5.0, 0.0)	(6.0, 0.0)	(7.0, 0.0)	(8.0, 0.0)	(9.0, 0.0)	(10.0, 0.0)	(11.0, 9.0)	(12.0, 138.0)	(13.0, 1557.0)	(14.0, 5016.0)	(15.0, 8077.0)	(16.0, 10974.0)	(17.0, 15470.0)	(18.0, 20792.0)	(19.0, 28927.0)	(20.0, 39846.0)	(21.0, 59764.0)	(22.0, 90702.0)	(23.0, 141013.0)	(24.0, 206043.0)	(25.0, 296685.0)	(26.0, 389365.0)	(27.0, 503101.0)	(28.0, 617856.0)	(29.0, 774972.0)	(30.0, 960675.0)	(31.0, 1248712.0)	(32.0, 1629270.0)	(33.0, 2354994.0)	(34.0, 3803472.0)	(35.0, 9226874.0)	(36.0, 48913156.0)	(37.0, 13585684.0)
SRR20114172_1	(2.0, 744252.0)	(3.0, 0.0)	(4.0, 0.0)	(5.0, 0.0)	(6.0, 0.0)	(7.0, 0.0)	(8.0, 0.0)	(9.0, 0.0)	(10.0, 0.0)	(11.0, 0.0)	(12.0, 0.0)	(13.0, 2.0)	(14.0, 50.0)	(15.0, 493.0)	(16.0, 2248.0)	(17.0, 7157.0)	(18.0, 15837.0)	(19.0, 26777.0)	(20.0, 41626.0)	(21.0, 72365.0)	(22.0, 120320.0)	(23.0, 204893.0)	(24.0, 336907.0)	(25.0, 502437.0)	(26.0, 631880.0)	(27.0, 826899.0)	(28.0, 1072494.0)	(29.0, 1406247.0)	(30.0, 1767565.0)	(31.0, 2326470.0)	(32.0, 2998597.0)	(33.0, 4128631.0)	(34.0, 5749962.0)	(35.0, 10460257.0)	(36.0, 55791131.0)	(37.0, 28039239.0)
SRR20114172_2	(2.0, 648898.0)	(3.0, 0.0)	(4.0, 0.0)	(5.0, 0.0)	(6.0, 0.0)	(7.0, 0.0)	(8.0, 0.0)	(9.0, 0.0)	(10.0, 0.0)	(11.0, 8.0)	(12.0, 210.0)	(13.0, 2325.0)	(14.0, 7237.0)	(15.0, 12199.0)	(16.0, 18942.0)	(17.0, 30393.0)	(18.0, 45322.0)	(19.0, 69582.0)	(20.0, 103971.0)	(21.0, 159884.0)	(22.0, 230465.0)	(23.0, 336086.0)	(24.0, 460267.0)	(25.0, 633300.0)	(26.0, 825058.0)	(27.0, 1052426.0)	(28.0, 1252016.0)	(29.0, 1509786.0)	(30.0, 1755600.0)	(31.0, 2124231.0)	(32.0, 2536253.0)	(33.0, 3325229.0)	(34.0, 4756065.0)	(35.0, 9765599.0)	(36.0, 60253693.0)	(37.0, 25359691.0)
SRR20114173_1	(2.0, 119952.0)	(3.0, 0.0)	(4.0, 0.0)	(5.0, 0.0)	(6.0, 0.0)	(7.0, 0.0)	(8.0, 0.0)	(9.0, 0.0)	(10.0, 0.0)	(11.0, 0.0)	(12.0, 0.0)	(13.0, 0.0)	(14.0, 19.0)	(15.0, 302.0)	(16.0, 1236.0)	(17.0, 3955.0)	(18.0, 9047.0)	(19.0, 16396.0)	(20.0, 27613.0)	(21.0, 48439.0)	(22.0, 84063.0)	(23.0, 149191.0)	(24.0, 258259.0)	(25.0, 401514.0)	(26.0, 528024.0)	(27.0, 715917.0)	(28.0, 950783.0)	(29.0, 1278161.0)	(30.0, 1656308.0)	(31.0, 2207456.0)	(32.0, 2852495.0)	(33.0, 3863056.0)	(34.0, 5342158.0)	(35.0, 9772288.0)	(36.0, 61292796.0)	(37.0, 29770452.0)
SRR20114173_2	(2.0, 107574.0)	(3.0, 0.0)	(4.0, 0.0)	(5.0, 0.0)	(6.0, 0.0)	(7.0, 0.0)	(8.0, 0.0)	(9.0, 0.0)	(10.0, 0.0)	(11.0, 9.0)	(12.0, 180.0)	(13.0, 2093.0)	(14.0, 6575.0)	(15.0, 10919.0)	(16.0, 15901.0)	(17.0, 23850.0)	(18.0, 34643.0)	(19.0, 51314.0)	(20.0, 74800.0)	(21.0, 113235.0)	(22.0, 167578.0)	(23.0, 253104.0)	(24.0, 359639.0)	(25.0, 506420.0)	(26.0, 667537.0)	(27.0, 861315.0)	(28.0, 1034131.0)	(29.0, 1266182.0)	(30.0, 1517983.0)	(31.0, 1908536.0)	(32.0, 2398279.0)	(33.0, 3327722.0)	(34.0, 5028868.0)	(35.0, 11088443.0)	(36.0, 66127947.0)	(37.0, 24395103.0)
SRR20114174_1	(2.0, 252689.0)	(3.0, 0.0)	(4.0, 0.0)	(5.0, 0.0)	(6.0, 0.0)	(7.0, 0.0)	(8.0, 0.0)	(9.0, 0.0)	(10.0, 0.0)	(11.0, 0.0)	(12.0, 0.0)	(13.0, 1.0)	(14.0, 47.0)	(15.0, 527.0)	(16.0, 2094.0)	(17.0, 6033.0)	(18.0, 13121.0)	(19.0, 19880.0)	(20.0, 27886.0)	(21.0, 47308.0)	(22.0, 80710.0)	(23.0, 135442.0)	(24.0, 220314.0)	(25.0, 322187.0)	(26.0, 401442.0)	(27.0, 524063.0)	(28.0, 677822.0)	(29.0, 892156.0)	(30.0, 1123419.0)	(31.0, 1473635.0)	(32.0, 1889093.0)	(33.0, 2578267.0)	(34.0, 3617158.0)	(35.0, 6747558.0)	(36.0, 34594873.0)	(37.0, 17935436.0)
SRR20114174_2	(2.0, 180330.0)	(3.0, 0.0)	(4.0, 0.0)	(5.0, 0.0)	(6.0, 0.0)	(7.0, 0.0)	(8.0, 0.0)	(9.0, 0.0)	(10.0, 0.0)	(11.0, 2.0)	(12.0, 123.0)	(13.0, 1436.0)	(14.0, 4618.0)	(15.0, 7754.0)	(16.0, 11478.0)	(17.0, 18367.0)	(18.0, 28002.0)	(19.0, 43220.0)	(20.0, 65871.0)	(21.0, 101310.0)	(22.0, 147806.0)	(23.0, 213774.0)	(24.0, 287597.0)	(25.0, 394939.0)	(26.0, 509851.0)	(27.0, 649406.0)	(28.0, 763758.0)	(29.0, 911761.0)	(30.0, 1048783.0)	(31.0, 1266482.0)	(32.0, 1505180.0)	(33.0, 1965776.0)	(34.0, 2805052.0)	(35.0, 5687531.0)	(36.0, 36915057.0)	(37.0, 18047897.0)
SRR20114175_1	(2.0, 404768.0)	(3.0, 0.0)	(4.0, 0.0)	(5.0, 0.0)	(6.0, 0.0)	(7.0, 0.0)	(8.0, 0.0)	(9.0, 0.0)	(10.0, 0.0)	(11.0, 0.0)	(12.0, 0.0)	(13.0, 4.0)	(14.0, 119.0)	(15.0, 922.0)	(16.0, 3497.0)	(17.0, 9672.0)	(18.0, 20259.0)	(19.0, 27247.0)	(20.0, 30777.0)	(21.0, 46074.0)	(22.0, 74914.0)	(23.0, 125042.0)	(24.0, 204773.0)	(25.0, 307383.0)	(26.0, 389128.0)	(27.0, 514350.0)	(28.0, 671927.0)	(29.0, 881516.0)	(30.0, 1119710.0)	(31.0, 1470790.0)	(32.0, 1887684.0)	(33.0, 2577386.0)	(34.0, 3608037.0)	(35.0, 6623947.0)	(36.0, 37153899.0)	(37.0, 18571505.0)
SRR20114175_2	(2.0, 357789.0)	(3.0, 0.0)	(4.0, 0.0)	(5.0, 0.0)	(6.0, 0.0)	(7.0, 0.0)	(8.0, 0.0)	(9.0, 0.0)	(10.0, 0.0)	(11.0, 8.0)	(12.0, 184.0)	(13.0, 1851.0)	(14.0, 5557.0)	(15.0, 9524.0)	(16.0, 14942.0)	(17.0, 24360.0)	(18.0, 36561.0)	(19.0, 53316.0)	(20.0, 77312.0)	(21.0, 116764.0)	(22.0, 169254.0)	(23.0, 244023.0)	(24.0, 325267.0)	(25.0, 435939.0)	(26.0, 552766.0)	(27.0, 701754.0)	(28.0, 834762.0)	(29.0, 1017630.0)	(30.0, 1202710.0)	(31.0, 1472808.0)	(32.0, 1748556.0)	(33.0, 2263313.0)	(34.0, 3271971.0)	(35.0, 6947696.0)	(36.0, 39726695.0)	(37.0, 15112018.0)
SRR20114176_1	(3.0, 491138.0)	(4.0, 0.0)	(5.0, 0.0)	(6.0, 0.0)	(7.0, 0.0)	(8.0, 0.0)	(9.0, 0.0)	(10.0, 0.0)	(11.0, 0.0)	(12.0, 0.0)	(13.0, 0.0)	(14.0, 0.0)	(15.0, 0.0)	(16.0, 0.0)	(17.0, 0.0)	(18.0, 0.0)	(19.0, 0.0)	(20.0, 0.0)	(21.0, 0.0)	(22.0, 0.0)	(23.0, 0.0)	(24.0, 0.0)	(25.0, 0.0)	(26.0, 0.0)	(27.0, 0.0)	(28.0, 0.0)	(29.0, 0.0)	(30.0, 85036801.0)								
SRR20114176_2	(3.0, 719149.0)	(4.0, 0.0)	(5.0, 0.0)	(6.0, 0.0)	(7.0, 0.0)	(8.0, 0.0)	(9.0, 0.0)	(10.0, 0.0)	(11.0, 0.0)	(12.0, 0.0)	(13.0, 0.0)	(14.0, 0.0)	(15.0, 0.0)	(16.0, 0.0)	(17.0, 0.0)	(18.0, 0.0)	(19.0, 0.0)	(20.0, 0.0)	(21.0, 0.0)	(22.0, 0.0)	(23.0, 0.0)	(24.0, 0.0)	(25.0, 0.0)	(26.0, 0.0)	(27.0, 0.0)	(28.0, 0.0)	(29.0, 0.0)	(30.0, 84808790.0)								
SRR20114177_1	(2.0, 688131.0)	(3.0, 0.0)	(4.0, 0.0)	(5.0, 0.0)	(6.0, 0.0)	(7.0, 0.0)	(8.0, 0.0)	(9.0, 0.0)	(10.0, 0.0)	(11.0, 0.0)	(12.0, 0.0)	(13.0, 1.0)	(14.0, 25.0)	(15.0, 271.0)	(16.0, 1277.0)	(17.0, 4255.0)	(18.0, 10057.0)	(19.0, 17983.0)	(20.0, 29574.0)	(21.0, 52439.0)	(22.0, 90914.0)	(23.0, 154154.0)	(24.0, 260214.0)	(25.0, 389340.0)	(26.0, 487909.0)	(27.0, 642722.0)	(28.0, 843348.0)	(29.0, 1122974.0)	(30.0, 1435400.0)	(31.0, 1899336.0)	(32.0, 2455167.0)	(33.0, 3347469.0)	(34.0, 4643811.0)	(35.0, 8447472.0)	(36.0, 46799570.0)	(37.0, 23248889.0)
SRR20114177_2	(2.0, 521752.0)	(3.0, 0.0)	(4.0, 0.0)	(5.0, 0.0)	(6.0, 0.0)	(7.0, 0.0)	(8.0, 0.0)	(9.0, 0.0)	(10.0, 0.0)	(11.0, 2.0)	(12.0, 175.0)	(13.0, 1662.0)	(14.0, 5566.0)	(15.0, 9602.0)	(16.0, 14958.0)	(17.0, 23253.0)	(18.0, 33706.0)	(19.0, 49797.0)	(20.0, 74044.0)	(21.0, 113014.0)	(22.0, 164687.0)	(23.0, 241414.0)	(24.0, 335743.0)	(25.0, 468926.0)	(26.0, 618842.0)	(27.0, 796895.0)	(28.0, 951088.0)	(29.0, 1145773.0)	(30.0, 1334635.0)	(31.0, 1634073.0)	(32.0, 1983814.0)	(33.0, 2654670.0)	(34.0, 3826579.0)	(35.0, 7812507.0)	(36.0, 49517337.0)	(37.0, 22738188.0)
SRR20114178_1	(2.0, 61671.0)	(3.0, 0.0)	(4.0, 0.0)	(5.0, 0.0)	(6.0, 0.0)	(7.0, 0.0)	(8.0, 0.0)	(9.0, 0.0)	(10.0, 0.0)	(11.0, 0.0)	(12.0, 0.0)	(13.0, 0.0)	(14.0, 53.0)	(15.0, 385.0)	(16.0, 1579.0)	(17.0, 4889.0)	(18.0, 11139.0)	(19.0, 14228.0)	(20.0, 15094.0)	(21.0, 24068.0)	(22.0, 41990.0)	(23.0, 74303.0)	(24.0, 125560.0)	(25.0, 192945.0)	(26.0, 265966.0)	(27.0, 369524.0)	(28.0, 492552.0)	(29.0, 663347.0)	(30.0, 865374.0)	(31.0, 1148701.0)	(32.0, 1460877.0)	(33.0, 1960628.0)	(34.0, 2715679.0)	(35.0, 5015870.0)	(36.0, 36901897.0)	(37.0, 17360087.0)
SRR20114178_2	(2.0, 47834.0)	(3.0, 0.0)	(4.0, 0.0)	(5.0, 0.0)	(6.0, 0.0)	(7.0, 0.0)	(8.0, 0.0)	(9.0, 0.0)	(10.0, 1.0)	(11.0, 8.0)	(12.0, 136.0)	(13.0, 1612.0)	(14.0, 4862.0)	(15.0, 7183.0)	(16.0, 9289.0)	(17.0, 13018.0)	(18.0, 18353.0)	(19.0, 25776.0)	(20.0, 36408.0)	(21.0, 57377.0)	(22.0, 88938.0)	(23.0, 136078.0)	(24.0, 193021.0)	(25.0, 263809.0)	(26.0, 330435.0)	(27.0, 411621.0)	(28.0, 486839.0)	(29.0, 594556.0)	(30.0, 718700.0)	(31.0, 917845.0)	(32.0, 1177483.0)	(33.0, 1660301.0)	(34.0, 2555753.0)	(35.0, 5814861.0)	(36.0, 39354105.0)	(37.0, 14862204.0)
SRR20114179_1	(3.0, 94126.0)	(4.0, 0.0)	(5.0, 0.0)	(6.0, 0.0)	(7.0, 0.0)	(8.0, 0.0)	(9.0, 0.0)	(10.0, 0.0)	(11.0, 0.0)	(12.0, 0.0)	(13.0, 0.0)	(14.0, 0.0)	(15.0, 0.0)	(16.0, 0.0)	(17.0, 0.0)	(18.0, 0.0)	(19.0, 0.0)	(20.0, 0.0)	(21.0, 0.0)	(22.0, 0.0)	(23.0, 0.0)	(24.0, 0.0)	(25.0, 0.0)	(26.0, 0.0)	(27.0, 0.0)	(28.0, 0.0)	(29.0, 0.0)	(30.0, 83815951.0)								
SRR20114179_2	(3.0, 327212.0)	(4.0, 0.0)	(5.0, 0.0)	(6.0, 0.0)	(7.0, 0.0)	(8.0, 0.0)	(9.0, 0.0)	(10.0, 0.0)	(11.0, 0.0)	(12.0, 0.0)	(13.0, 0.0)	(14.0, 0.0)	(15.0, 0.0)	(16.0, 0.0)	(17.0, 0.0)	(18.0, 0.0)	(19.0, 0.0)	(20.0, 0.0)	(21.0, 0.0)	(22.0, 0.0)	(23.0, 0.0)	(24.0, 0.0)	(25.0, 0.0)	(26.0, 0.0)	(27.0, 0.0)	(28.0, 0.0)	(29.0, 0.0)	(30.0, 83582865.0)								
SRR20114180_1	(2.0, 85588.0)	(3.0, 0.0)	(4.0, 0.0)	(5.0, 0.0)	(6.0, 0.0)	(7.0, 0.0)	(8.0, 0.0)	(9.0, 0.0)	(10.0, 0.0)	(11.0, 0.0)	(12.0, 0.0)	(13.0, 1.0)	(14.0, 20.0)	(15.0, 426.0)	(16.0, 1678.0)	(17.0, 4942.0)	(18.0, 10681.0)	(19.0, 16570.0)	(20.0, 23873.0)	(21.0, 39436.0)	(22.0, 66029.0)	(23.0, 113060.0)	(24.0, 188136.0)	(25.0, 294373.0)	(26.0, 407853.0)	(27.0, 562918.0)	(28.0, 744830.0)	(29.0, 998546.0)	(30.0, 1291391.0)	(31.0, 1721338.0)	(32.0, 2208643.0)	(33.0, 2977071.0)	(34.0, 4159864.0)	(35.0, 7672110.0)	(36.0, 53265737.0)	(37.0, 24001681.0)
SRR20114180_2	(2.0, 78314.0)	(3.0, 0.0)	(4.0, 0.0)	(5.0, 0.0)	(6.0, 0.0)	(7.0, 0.0)	(8.0, 0.0)	(9.0, 0.0)	(10.0, 0.0)	(11.0, 8.0)	(12.0, 186.0)	(13.0, 2296.0)	(14.0, 7254.0)	(15.0, 10370.0)	(16.0, 13262.0)	(17.0, 18554.0)	(18.0, 25567.0)	(19.0, 37343.0)	(20.0, 55423.0)	(21.0, 87021.0)	(22.0, 134032.0)	(23.0, 205503.0)	(24.0, 295790.0)	(25.0, 411545.0)	(26.0, 521496.0)	(27.0, 651815.0)	(28.0, 776562.0)	(29.0, 949482.0)	(30.0, 1153560.0)	(31.0, 1479959.0)	(32.0, 1894936.0)	(33.0, 2673094.0)	(34.0, 4182637.0)	(35.0, 9955385.0)	(36.0, 57979577.0)	(37.0, 17255824.0)
