Sample	0	1	2	3	4	5	6	7	8	9	10	11	12	13	14	15	16	17	18	19	20	21	22	23	24	25	26	27	28	29	30	31	32	33
SRR20114171_1	(34, 32690.0)	(36, 2502.0)	(38, 2277.0)	(40, 3165.0)	(42, 5422.0)	(44, 5972.0)	(46, 6448.0)	(48, 7251.0)	(50, 7851.0)	(52, 8261.0)	(54, 8992.0)	(56, 10295.0)	(58, 10752.0)	(60, 10663.0)	(62, 11386.0)	(64, 12539.0)	(66, 13795.0)	(68, 14897.0)	(70, 16783.0)	(72, 19062.0)	(74, 22724.0)	(76, 26427.0)	(78, 30220.0)	(80, 35246.0)	(82, 41096.0)	(84, 49995.0)	(86, 61332.0)	(88, 73641.0)	(90, 89958.0)	(92, 105888.0)	(94, 132864.0)	(96, 555008.0)	(98, 7174913.0)	(100, 76340108.0)
SRR20114171_2	(34, 26892.0)	(36, 2518.0)	(38, 2345.0)	(40, 3224.0)	(42, 5506.0)	(44, 6086.0)	(46, 6583.0)	(48, 7392.0)	(50, 8066.0)	(52, 8439.0)	(54, 9200.0)	(56, 10514.0)	(58, 11047.0)	(60, 10992.0)	(62, 11747.0)	(64, 12864.0)	(66, 14166.0)	(68, 15238.0)	(70, 17164.0)	(72, 19424.0)	(74, 23161.0)	(76, 26944.0)	(78, 30714.0)	(80, 35682.0)	(82, 41404.0)	(84, 50165.0)	(86, 61393.0)	(88, 74095.0)	(90, 91013.0)	(92, 107065.0)	(94, 134195.0)	(96, 582076.0)	(98, 7555672.0)	(100, 75927437.0)
SRR20114172_1	(34, 896611.0)	(36, 30553.0)	(38, 28187.0)	(40, 49563.0)	(42, 98122.0)	(44, 105544.0)	(46, 112607.0)	(48, 122716.0)	(50, 133263.0)	(52, 130919.0)	(54, 142692.0)	(56, 165653.0)	(58, 171766.0)	(60, 166057.0)	(62, 163803.0)	(64, 166907.0)	(66, 170840.0)	(68, 179777.0)	(70, 185496.0)	(72, 203115.0)	(74, 239735.0)	(76, 255699.0)	(78, 253180.0)	(80, 248894.0)	(82, 237517.0)	(84, 253620.0)	(86, 287645.0)	(88, 304753.0)	(90, 333785.0)	(92, 375308.0)	(94, 427446.0)	(96, 651360.0)	(98, 6956673.0)	(100, 103024930.0)
SRR20114172_2	(34, 792160.0)	(36, 29898.0)	(38, 28387.0)	(40, 50005.0)	(42, 98439.0)	(44, 106062.0)	(46, 113372.0)	(48, 123623.0)	(50, 134489.0)	(52, 132663.0)	(54, 144849.0)	(56, 168350.0)	(58, 175494.0)	(60, 171657.0)	(62, 170335.0)	(64, 174080.0)	(66, 178549.0)	(68, 188671.0)	(70, 193618.0)	(72, 214083.0)	(74, 252594.0)	(76, 269918.0)	(78, 269429.0)	(80, 266969.0)	(82, 255746.0)	(84, 269182.0)	(86, 303619.0)	(88, 321091.0)	(90, 345303.0)	(92, 392388.0)	(94, 444859.0)	(96, 715956.0)	(98, 7658131.0)	(100, 102120767.0)
SRR20114173_1	(34, 188456.0)	(36, 22337.0)	(38, 21375.0)	(40, 35838.0)	(42, 70406.0)	(44, 79292.0)	(46, 86652.0)	(48, 94375.0)	(50, 100807.0)	(52, 99780.0)	(54, 106769.0)	(56, 123160.0)	(58, 122153.0)	(60, 115390.0)	(62, 113614.0)	(64, 112703.0)	(66, 115534.0)	(68, 118253.0)	(70, 121805.0)	(72, 126410.0)	(74, 144010.0)	(76, 151761.0)	(78, 145936.0)	(80, 141742.0)	(82, 135844.0)	(84, 142587.0)	(86, 165170.0)	(88, 185778.0)	(90, 203922.0)	(92, 216552.0)	(94, 244741.0)	(96, 628862.0)	(98, 8818372.0)	(100, 108049494.0)
SRR20114173_2	(34, 175866.0)	(36, 22526.0)	(38, 21714.0)	(40, 36230.0)	(42, 70718.0)	(44, 79784.0)	(46, 87406.0)	(48, 95260.0)	(50, 101827.0)	(52, 101034.0)	(54, 108426.0)	(56, 125058.0)	(58, 124640.0)	(60, 118731.0)	(62, 117498.0)	(64, 116577.0)	(66, 119536.0)	(68, 122792.0)	(70, 126542.0)	(72, 131790.0)	(74, 150232.0)	(76, 158289.0)	(78, 152686.0)	(80, 148643.0)	(82, 143165.0)	(84, 148645.0)	(86, 171086.0)	(88, 192249.0)	(90, 209157.0)	(92, 224307.0)	(94, 254719.0)	(96, 675008.0)	(98, 8803162.0)	(100, 107914577.0)
SRR20114174_1	(34, 355731.0)	(36, 23926.0)	(38, 21768.0)	(40, 47855.0)	(42, 101036.0)	(44, 105338.0)	(46, 106905.0)	(48, 104666.0)	(50, 110166.0)	(52, 108608.0)	(54, 120430.0)	(56, 138251.0)	(58, 139343.0)	(60, 137065.0)	(62, 144277.0)	(64, 150276.0)	(66, 153625.0)	(68, 155968.0)	(70, 160586.0)	(72, 170415.0)	(74, 197225.0)	(76, 213058.0)	(78, 217800.0)	(80, 225002.0)	(82, 222702.0)	(84, 234036.0)	(86, 266113.0)	(88, 280416.0)	(90, 307776.0)	(92, 344491.0)	(94, 392105.0)	(96, 499214.0)	(98, 3843029.0)	(100, 63783959.0)
SRR20114174_2	(34, 271910.0)	(36, 23244.0)	(38, 21789.0)	(40, 48012.0)	(42, 101105.0)	(44, 105379.0)	(46, 107234.0)	(48, 105291.0)	(50, 110810.0)	(52, 109466.0)	(54, 121660.0)	(56, 139755.0)	(58, 141499.0)	(60, 140448.0)	(62, 148813.0)	(64, 155021.0)	(66, 158904.0)	(68, 161928.0)	(70, 166287.0)	(72, 177232.0)	(74, 205616.0)	(76, 222288.0)	(78, 229269.0)	(80, 238067.0)	(82, 235968.0)	(84, 245965.0)	(86, 275897.0)	(88, 290494.0)	(90, 313236.0)	(92, 356192.0)	(94, 404924.0)	(96, 571893.0)	(98, 4463712.0)	(100, 63013853.0)
SRR20114175_1	(34, 500618.0)	(36, 21342.0)	(38, 19561.0)	(40, 46882.0)	(42, 103889.0)	(44, 108417.0)	(46, 106906.0)	(48, 110609.0)	(50, 116618.0)	(52, 108951.0)	(54, 113661.0)	(56, 124504.0)	(58, 122348.0)	(60, 115627.0)	(62, 115877.0)	(64, 118940.0)	(66, 116837.0)	(68, 120542.0)	(70, 128403.0)	(72, 136584.0)	(74, 152068.0)	(76, 168381.0)	(78, 168062.0)	(80, 174001.0)	(82, 165459.0)	(84, 173793.0)	(86, 194723.0)	(88, 205330.0)	(90, 212271.0)	(92, 240949.0)	(94, 261027.0)	(96, 412761.0)	(98, 4570315.0)	(100, 67169074.0)
SRR20114175_2	(34, 449034.0)	(36, 21155.0)	(38, 19769.0)	(40, 46978.0)	(42, 104045.0)	(44, 108831.0)	(46, 107381.0)	(48, 111220.0)	(50, 117256.0)	(52, 110097.0)	(54, 115019.0)	(56, 126191.0)	(58, 124524.0)	(60, 118720.0)	(62, 119792.0)	(64, 123164.0)	(66, 121704.0)	(68, 126235.0)	(70, 134029.0)	(72, 143677.0)	(74, 160423.0)	(76, 178024.0)	(78, 179974.0)	(80, 187287.0)	(82, 180579.0)	(84, 187351.0)	(86, 207539.0)	(88, 219483.0)	(90, 222381.0)	(92, 254909.0)	(94, 273296.0)	(96, 461046.0)	(98, 5182582.0)	(100, 66381635.0)
SRR20114176_1	(34, 378524.0)	(36, 20244.0)	(38, 19571.0)	(40, 66055.0)	(42, 126852.0)	(44, 100660.0)	(46, 97571.0)	(48, 98774.0)	(50, 108015.0)	(52, 106971.0)	(54, 119746.0)	(56, 144979.0)	(58, 145110.0)	(60, 133105.0)	(62, 132901.0)	(64, 136075.0)	(66, 134600.0)	(68, 129900.0)	(70, 128241.0)	(72, 133989.0)	(74, 166536.0)	(76, 182023.0)	(78, 176909.0)	(80, 164424.0)	(82, 147951.0)	(84, 146725.0)	(86, 166215.0)	(88, 175403.0)	(90, 193213.0)	(92, 225375.0)	(94, 259455.0)	(96, 415208.0)	(98, 4395116.0)	(100, 76251503.0)
SRR20114176_2	(34, 344004.0)	(36, 20242.0)	(38, 19917.0)	(40, 66517.0)	(42, 127024.0)	(44, 101233.0)	(46, 98205.0)	(48, 99496.0)	(50, 108953.0)	(52, 108321.0)	(54, 121709.0)	(56, 147495.0)	(58, 148546.0)	(60, 138174.0)	(62, 139713.0)	(64, 142950.0)	(66, 142082.0)	(68, 137097.0)	(70, 135222.0)	(72, 142143.0)	(74, 176700.0)	(76, 193338.0)	(78, 190616.0)	(80, 179403.0)	(82, 163246.0)	(84, 159284.0)	(86, 177307.0)	(88, 186674.0)	(90, 201392.0)	(92, 239464.0)	(94, 274324.0)	(96, 447939.0)	(98, 5047893.0)	(100, 75401316.0)
SRR20114177_1	(34, 908631.0)	(36, 39363.0)	(38, 32123.0)	(40, 47461.0)	(42, 88102.0)	(44, 99726.0)	(46, 106847.0)	(48, 113662.0)	(50, 119710.0)	(52, 114559.0)	(54, 120799.0)	(56, 135727.0)	(58, 135875.0)	(60, 127795.0)	(62, 127690.0)	(64, 129734.0)	(66, 133684.0)	(68, 138311.0)	(70, 144982.0)	(72, 156262.0)	(74, 178717.0)	(76, 189162.0)	(78, 187007.0)	(80, 187234.0)	(82, 185783.0)	(84, 195591.0)	(86, 223185.0)	(88, 244835.0)	(90, 272782.0)	(92, 301946.0)	(94, 348029.0)	(96, 566470.0)	(98, 6221789.0)	(100, 84749129.0)
SRR20114177_2	(34, 728937.0)	(36, 38084.0)	(38, 32109.0)	(40, 47689.0)	(42, 88110.0)	(44, 99885.0)	(46, 107117.0)	(48, 114191.0)	(50, 120412.0)	(52, 115357.0)	(54, 121806.0)	(56, 137235.0)	(58, 137801.0)	(60, 130699.0)	(62, 131142.0)	(64, 132991.0)	(66, 137695.0)	(68, 143315.0)	(70, 150297.0)	(72, 162877.0)	(74, 186378.0)	(76, 196423.0)	(78, 195190.0)	(80, 195899.0)	(82, 194907.0)	(84, 203695.0)	(86, 230662.0)	(88, 252189.0)	(90, 277408.0)	(92, 312181.0)	(94, 359002.0)	(96, 623450.0)	(98, 6501270.0)	(100, 84466299.0)
SRR20114178_1	(34, 79829.0)	(36, 4444.0)	(38, 4116.0)	(40, 5473.0)	(42, 10063.0)	(44, 16691.0)	(46, 18038.0)	(48, 19243.0)	(50, 21113.0)	(52, 20892.0)	(54, 22028.0)	(56, 23968.0)	(58, 24205.0)	(60, 24243.0)	(62, 26005.0)	(64, 27756.0)	(66, 29552.0)	(68, 32222.0)	(70, 34541.0)	(72, 37476.0)	(74, 42181.0)	(76, 46527.0)	(78, 51190.0)	(80, 58722.0)	(82, 65902.0)	(84, 75580.0)	(86, 90123.0)	(88, 107334.0)	(90, 129527.0)	(92, 146103.0)	(94, 180733.0)	(96, 488425.0)	(98, 5878250.0)	(100, 61945911.0)
SRR20114178_2	(34, 63091.0)	(36, 4346.0)	(38, 4098.0)	(40, 5549.0)	(42, 10122.0)	(44, 16834.0)	(46, 18093.0)	(48, 19422.0)	(50, 21293.0)	(52, 21148.0)	(54, 22246.0)	(56, 24260.0)	(58, 24607.0)	(60, 24768.0)	(62, 26695.0)	(64, 28328.0)	(66, 30379.0)	(68, 33156.0)	(70, 35637.0)	(72, 38801.0)	(74, 43683.0)	(76, 47868.0)	(78, 52709.0)	(80, 60730.0)	(82, 68484.0)	(84, 77891.0)	(86, 92369.0)	(88, 109918.0)	(90, 130459.0)	(92, 148992.0)	(94, 181596.0)	(96, 514967.0)	(98, 6071440.0)	(100, 61714427.0)
SRR20114179_1	(34, 42577.0)	(36, 1926.0)	(38, 1686.0)	(40, 2174.0)	(42, 3548.0)	(44, 4549.0)	(46, 4755.0)	(48, 4865.0)	(50, 4981.0)	(52, 4838.0)	(54, 4897.0)	(56, 4790.0)	(58, 4637.0)	(60, 4506.0)	(62, 4426.0)	(64, 4707.0)	(66, 4727.0)	(68, 5068.0)	(70, 5535.0)	(72, 5539.0)	(74, 6357.0)	(76, 6709.0)	(78, 7367.0)	(80, 7800.0)	(82, 8605.0)	(84, 9494.0)	(86, 11436.0)	(88, 13911.0)	(90, 19135.0)	(92, 20351.0)	(94, 30155.0)	(96, 446313.0)	(98, 7301985.0)	(100, 75895728.0)
SRR20114179_2	(34, 40240.0)	(36, 2010.0)	(38, 1768.0)	(40, 2297.0)	(42, 3664.0)	(44, 4683.0)	(46, 4925.0)	(48, 5049.0)	(50, 5194.0)	(52, 5054.0)	(54, 5107.0)	(56, 5033.0)	(58, 4887.0)	(60, 4764.0)	(62, 4715.0)	(64, 4998.0)	(66, 5053.0)	(68, 5375.0)	(70, 5944.0)	(72, 5960.0)	(74, 6745.0)	(76, 7126.0)	(78, 7795.0)	(80, 8241.0)	(82, 9047.0)	(84, 9871.0)	(86, 11814.0)	(88, 14625.0)	(90, 20834.0)	(92, 21178.0)	(94, 32576.0)	(96, 490840.0)	(98, 7785612.0)	(100, 75357053.0)
SRR20114180_1	(34, 117893.0)	(36, 11197.0)	(38, 11239.0)	(40, 17624.0)	(42, 32584.0)	(44, 49069.0)	(46, 52526.0)	(48, 51280.0)	(50, 53836.0)	(52, 52813.0)	(54, 54681.0)	(56, 57574.0)	(58, 58128.0)	(60, 57427.0)	(62, 58500.0)	(64, 60454.0)	(66, 63705.0)	(68, 67326.0)	(70, 68640.0)	(72, 70297.0)	(74, 75868.0)	(76, 79657.0)	(78, 80277.0)	(80, 83232.0)	(82, 84305.0)	(84, 88808.0)	(86, 96654.0)	(88, 105880.0)	(90, 118168.0)	(92, 121865.0)	(94, 141179.0)	(96, 606837.0)	(98, 8398178.0)	(100, 89709094.0)
SRR20114180_2	(34, 110726.0)	(36, 11311.0)	(38, 11476.0)	(40, 17819.0)	(42, 32784.0)	(44, 49347.0)	(46, 52930.0)	(48, 51763.0)	(50, 54369.0)	(52, 53462.0)	(54, 55443.0)	(56, 58458.0)	(58, 59085.0)	(60, 58738.0)	(62, 59732.0)	(64, 61799.0)	(66, 65250.0)	(68, 69005.0)	(70, 70662.0)	(72, 72440.0)	(74, 78260.0)	(76, 82198.0)	(78, 83286.0)	(80, 86673.0)	(82, 87930.0)	(84, 92376.0)	(86, 100000.0)	(88, 109861.0)	(90, 121866.0)	(92, 126791.0)	(94, 146196.0)	(96, 625777.0)	(98, 8620415.0)	(100, 89418567.0)
