Sample	0	1	2	3	4	5	6	7	8	9	10	11	12	13	14	15
SRR20114171_1	(1.0, 39.83563881996569)	(2.0, 16.694706352985992)	(3.0, 6.9563632292691215)	(4.0, 3.3274493495987523)	(5.0, 1.8753934492210835)	(6.0, 1.2773195012415777)	(7.0, 0.9104737927798965)	(8.0, 0.6899690580087691)	(9.0, 0.565706789806303)	('>10', 5.306753439046358)	('>50', 1.6340560953438124)	('>100', 3.8182125074421163)	('>500', 1.7440845651100156)	('>1k', 4.715830715048838)	('>5k', 2.4031572401594774)	('>10k+', 8.244885094972176)
SRR20114171_2	(1.0, 62.81855017325051)	(2.0, 19.672880968417545)	(3.0, 5.393411948707544)	(4.0, 1.5227621991058133)	(5.0, 0.7142782346656521)	(6.0, 0.43983460811987257)	(7.0, 0.3124019913306325)	(8.0, 0.2742622960273193)	(9.0, 0.24099229683630635)	('>10', 3.0046493957874962)	('>50', 1.008018887294295)	('>100', 1.878404019817594)	('>500', 0.6832799659292579)	('>1k', 1.3032714307421736)	('>5k', 0.2503152401360575)	('>10k+', 0.48268634383208586)
SRR20114172_1	(1.0, 3.0062027443076373)	(2.0, 0.8002460093727364)	(3.0, 0.9461893823463583)	(4.0, 1.2681931894824705)	(5.0, 1.640957010405078)	(6.0, 2.007247886650588)	(7.0, 2.0986267679925232)	(8.0, 2.0839308791715667)	(9.0, 1.95781407857007)	('>10', 10.205375690426692)	('>50', 1.9518278014467219)	('>100', 5.472204282812795)	('>500', 2.796841650460936)	('>1k', 8.318701447248564)	('>5k', 4.4385927206589155)	('>10k+', 51.00704845864645)
SRR20114172_2	(1.0, 7.386660717881302)	(2.0, 1.9467851188345482)	(3.0, 2.5702705627090214)	(4.0, 3.573272980115947)	(5.0, 4.559149089941755)	(6.0, 5.452538107423513)	(7.0, 5.869502125576581)	(8.0, 5.837897608660956)	(9.0, 5.323198079758285)	('>10', 27.171351914746882)	('>50', 4.1450850531412575)	('>100', 8.600570883854514)	('>500', 3.2799035086397725)	('>1k', 6.325735951589227)	('>5k', 2.220963155740472)	('>10k+', 5.737115141385827)
SRR20114173_1	(1.0, 13.3318365588895)	(2.0, 10.381951777136969)	(3.0, 7.301296054256479)	(4.0, 4.349922292927118)	(5.0, 2.5248330963694845)	(6.0, 1.5275454891237743)	(7.0, 0.9918622892782043)	(8.0, 0.7141911340550652)	(9.0, 0.5445527779016446)	('>10', 5.373198037199612)	('>50', 1.9779221442074706)	('>100', 5.128814326398046)	('>500', 2.467127557859001)	('>1k', 6.835101972638801)	('>5k', 3.6627657396211544)	('>10k+', 32.88707875213768)
SRR20114173_2	(1.0, 26.077643044278176)	(2.0, 19.75456343557635)	(3.0, 13.001011267838036)	(4.0, 7.121620738040066)	(5.0, 3.5260331707729375)	(6.0, 1.9200102089713584)	(7.0, 1.1434974129696212)	(8.0, 0.7731775283253689)	(9.0, 0.6143961009942421)	('>10', 7.21425096248994)	('>50', 2.559644652188721)	('>100', 5.605621680116308)	('>500', 2.1520476895350966)	('>1k', 4.100981286459908)	('>5k', 1.5435415230913998)	('>10k+', 2.891959298352662)
SRR20114174_1	(1.0, 2.629258770956409)	(2.0, 0.6518369390267327)	(3.0, 0.5971170191479312)	(4.0, 0.714589583899583)	(5.0, 0.8648189768764969)	(6.0, 1.0447179250955547)	(7.0, 1.1478045587637467)	(8.0, 1.2377064409843328)	(9.0, 1.2376735523030546)	('>10', 8.919244563583998)	('>50', 2.1069169375355945)	('>100', 5.820878331926435)	('>500', 3.1106768353356475)	('>1k', 9.115637220964945)	('>5k', 4.7728587617262805)	('>10k+', 56.02826358187322)
SRR20114174_2	(1.0, 6.928565732543289)	(2.0, 1.665599258551842)	(3.0, 1.919054100559786)	(4.0, 2.5294983707903995)	(5.0, 3.4148256721928054)	(6.0, 4.08608727687513)	(7.0, 4.488351499860063)	(8.0, 4.862463742182217)	(9.0, 4.739663196789639)	('>10', 30.7001209048164)	('>50', 4.800670842436791)	('>100', 10.013145423639813)	('>500', 3.7187193700075767)	('>1k', 7.497665151792196)	('>5k', 2.484820337668903)	('>10k+', 6.150749119293047)
SRR20114175_1	(1.0, 2.789714784963847)	(2.0, 0.47669859588723734)	(3.0, 0.34028774945592183)	(4.0, 0.3059201410621919)	(5.0, 0.3036651452016648)	(6.0, 0.3571360939080334)	(7.0, 0.42290102298046667)	(8.0, 0.5273988666475291)	(9.0, 0.6272913692915314)	('>10', 21.150710700512764)	('>50', 2.272823803860143)	('>100', 6.114556780615121)	('>500', 3.213402080986296)	('>1k', 9.084560722996143)	('>5k', 4.296145358138971)	('>10k+', 47.716786783492196)
SRR20114175_2	(1.0, 7.281979062190495)	(2.0, 0.8126449242864684)	(3.0, 0.747326649822831)	(4.0, 0.7253369193072206)	(5.0, 0.9449933444020265)	(6.0, 1.1362873932670599)	(7.0, 1.311341172128132)	(8.0, 1.6583459519747688)	(9.0, 1.9919479033397505)	('>10', 55.570210136750134)	('>50', 4.649986678478396)	('>100', 8.407744566229912)	('>500', 3.1098738183894663)	('>1k', 5.89161233222291)	('>5k', 2.0625208189986535)	('>10k+', 3.697848328211819)
SRR20114176_1	(1.0, 3.105628947445118)	(2.0, 0.8771722503521348)	(3.0, 1.0708944593322227)	(4.0, 1.492271685347939)	(5.0, 1.960904275113828)	(6.0, 2.3332204599955944)	(7.0, 2.4870244376012995)	(8.0, 2.5016779981657065)	(9.0, 2.265965040343397)	('>10', 11.52019509990057)	('>50', 2.20201758683262)	('>100', 5.819555087398586)	('>500', 2.8860469193477907)	('>1k', 7.747845109102401)	('>5k', 4.591406847358709)	('>10k+', 47.13817379636212)
SRR20114176_2	(1.0, 6.9582571829575866)	(2.0, 1.7562621737473587)	(3.0, 2.506469037499631)	(4.0, 3.6033149450678543)	(5.0, 4.548660329995845)	(6.0, 5.459158308818165)	(7.0, 5.7138711590166045)	(8.0, 5.690891507331634)	(9.0, 5.098113458950288)	('>10', 25.302788617072864)	('>50', 4.030189668415995)	('>100', 8.716499812648584)	('>500', 3.4506674458080635)	('>1k', 6.982935041111173)	('>5k', 2.567940029761618)	('>10k+', 7.613981281797118)
SRR20114177_1	(1.0, 3.4397641758546564)	(2.0, 1.400359902174193)	(3.0, 1.9544403996912447)	(4.0, 2.7383361393261954)	(5.0, 3.2098339394391924)	(6.0, 3.3780019117056845)	(7.0, 3.220359714795006)	(8.0, 2.7322751404228227)	(9.0, 2.1941774516422106)	('>10', 9.5448638531955)	('>50', 2.007562601898017)	('>100', 5.220665805247959)	('>500', 2.482372631036907)	('>1k', 7.66552299431309)	('>5k', 4.30300651466157)	('>10k+', 44.5084568245959)
SRR20114177_2	(1.0, 7.284654949134102)	(2.0, 3.041549045925639)	(3.0, 4.709163780807657)	(4.0, 6.2713026237743135)	(5.0, 7.414670552505687)	(6.0, 7.729006196911651)	(7.0, 7.312558389294459)	(8.0, 6.130397706626313)	(9.0, 4.9175985974658225)	('>10', 19.587411537408496)	('>50', 3.5398981212663703)	('>100', 7.264621116493575)	('>500', 2.869140130986485)	('>1k', 5.537053670099507)	('>5k', 1.9240450262607824)	('>10k+', 4.466928555039106)
SRR20114178_1	(1.0, 4.556178463095011)	(2.0, 1.0980722410202368)	(3.0, 1.3811336932634781)	(4.0, 1.927332486076576)	(5.0, 2.6071675619752677)	(6.0, 3.286831334667645)	(7.0, 3.989089400646177)	(8.0, 4.4291146390080085)	(9.0, 4.788636492666893)	('>10', 40.53104481740151)	('>50', 1.8912203120631448)	('>100', 4.198902105410378)	('>500', 1.9469911356137946)	('>1k', 4.6298591917664815)	('>5k', 2.064779458582085)	('>10k+', 16.673646666743128)
SRR20114178_2	(1.0, 6.314220300060837)	(2.0, 1.776889289860328)	(3.0, 2.1893917560139093)	(4.0, 2.964132678256867)	(5.0, 3.9679620328608207)	(6.0, 4.735496806771163)	(7.0, 5.854907473187083)	(8.0, 6.394714617918754)	(9.0, 6.916714143470837)	('>10', 52.96900584404064)	('>50', 1.4522407595945963)	('>100', 2.353329438807784)	('>500', 0.6926910696675642)	('>1k', 1.04762397919107)	('>5k', 0.17758313234615167)	('>10k+', 0.19309667795152113)
SRR20114179_1	(1.0, 43.79111911352749)	(2.0, 19.28987558037437)	(3.0, 8.541805083408754)	(4.0, 4.1373790257523675)	(5.0, 2.315275485442442)	(6.0, 1.5761637187382243)	(7.0, 1.1327075188163822)	(8.0, 0.8310303855556055)	(9.0, 0.6481411073591078)	('>10', 5.459547895429934)	('>50', 1.2650936588088475)	('>100', 2.4628877311374664)	('>500', 1.1093354588157611)	('>1k', 2.551695960043874)	('>5k', 1.142317981724269)	('>10k+', 3.7456242950655185)
SRR20114179_2	(1.0, 66.81445123168963)	(2.0, 20.66852846975993)	(3.0, 5.76691622312981)	(4.0, 1.5469685553730053)	(5.0, 0.5666873387049554)	(6.0, 0.27357541672454544)	(7.0, 0.19809481820797117)	(8.0, 0.14542815673332105)	(9.0, 0.12060256941866007)	('>10', 1.5074935973987307)	('>50', 0.47355340068077484)	('>100', 0.9038934426080081)	('>500', 0.2510344385163067)	('>1k', 0.5255754070484784)	('>5k', 0.09217389075911979)	('>10k+', 0.14502304324677498)
SRR20114180_1	(1.0, 23.524815960419957)	(2.0, 19.043101695397084)	(3.0, 12.642363946369633)	(4.0, 6.851042526823687)	(5.0, 3.85561471773336)	(6.0, 2.128600776525899)	(7.0, 1.3593404253817647)	(8.0, 0.9513880430280227)	(9.0, 0.6485140609896681)	('>10', 5.089488372754633)	('>50', 1.3640283310327412)	('>100', 3.23699584678054)	('>500', 1.439597826040324)	('>1k', 3.8192347868344543)	('>5k', 1.8687305719310592)	('>10k+', 12.177142111956897)
SRR20114180_2	(1.0, 34.94296187424621)	(2.0, 26.8754581572815)	(3.0, 15.996312696272467)	(4.0, 7.652367337647297)	(5.0, 3.3392486440845794)	(6.0, 1.4382004893397884)	(7.0, 0.6766408412420666)	(8.0, 0.42472805983652906)	(9.0, 0.28593271825803396)	('>10', 3.078999948604662)	('>50', 1.0164217560984048)	('>100', 1.7880995939568463)	('>500', 0.701492792526609)	('>1k', 1.1610818877980786)	('>5k', 0.27842654081363666)	('>10k+', 0.34362666199336434)
