Sample	0	1	2	3	4	5	6	7	8	9	10	11	12	13	14	15	16	17	18	19	20	21	22	23	24	25	26	27	28	29	30	31	32	33	34	35	36	37	38	39	40	41	42	43	44	45	46	47	48	49	50	51	52	53	54	55	56	57	58	59	60	61	62	63	64	65	66	67	68	69	70	71	72	73	74	75	76	77	78	79	80	81	82	83	84	85	86	87	88	89	90	91	92	93	94	95	96	97	98	99	100
SRR20114171_1	(0.0, 0.027610590510494203)	(1.0, 0.01449553069619803)	(2.0, 0.003158545526730423)	(3.0, 0.0072231350265017855)	(4.0, 0.011017377424932131)	(5.0, 0.012932091711002468)	(6.0, 0.013948972131230941)	(7.0, 0.01433953865941558)	(8.0, 0.013265773925022074)	(9.0, 0.011664216584973658)	(10.0, 0.010266152616216632)	(11.0, 0.009373010240202812)	(12.0, 0.009233438417818512)	(13.0, 0.009741292191704245)	(14.0, 0.01068780026451206)	(15.0, 0.012485813741109809)	(16.0, 0.015409198340209544)	(17.0, 0.01972126392841021)	(18.0, 0.026775505321102424)	(19.0, 0.03769260215096012)	(20.0, 0.05476434719898265)	(21.0, 0.08104724608814048)	(22.0, 0.12185792966606417)	(23.0, 0.17810830626807964)	(24.0, 0.25581110654505346)	(25.0, 0.3636362036992104)	(26.0, 0.5098863618537308)	(27.0, 0.7110480627005887)	(28.0, 0.9573354448947133)	(29.0, 1.2290295902526087)	(30.0, 1.5275027595489776)	(31.0, 1.844529011806574)	(32.0, 2.153348675482465)	(33.0, 2.434996989383012)	(34.0, 2.6692067174510665)	(35.0, 2.868551638862015)	(36.0, 3.058560495515156)	(37.0, 3.211195184889415)	(38.0, 3.3005405036109075)	(39.0, 3.334529760978856)	(40.0, 3.340617555466971)	(41.0, 3.297425940801315)	(42.0, 3.1798648293815104)	(43.0, 3.0544313980302484)	(44.0, 2.980145761656776)	(45.0, 2.8625477047545758)	(46.0, 2.7169320705992983)	(47.0, 2.798936967048588)	(48.0, 2.6626010997731813)	(49.0, 2.3107974198565255)	(50.0, 2.178112704539793)	(51.0, 2.179079737880599)	(52.0, 2.1318252930238573)	(53.0, 1.8993842566209749)	(54.0, 1.7262231263765675)	(55.0, 1.5942081212327885)	(56.0, 1.4268937601865805)	(57.0, 1.3769170783571165)	(58.0, 1.4217542330799586)	(59.0, 1.3938105467916735)	(60.0, 1.3003537236721288)	(61.0, 1.3420329193044689)	(62.0, 1.7122542154135674)	(63.0, 1.8551863173872036)	(64.0, 1.3728765327427137)	(65.0, 0.9495176635325071)	(66.0, 0.8205820350246106)	(67.0, 0.789441684854742)	(68.0, 0.7282347492493982)	(69.0, 0.6518432203793626)	(70.0, 0.5933526573844563)	(71.0, 0.430787843352914)	(72.0, 0.30410530283493536)	(73.0, 0.39111074100469134)	(74.0, 0.5015472386843831)	(75.0, 0.63780862855877)	(76.0, 0.6895070871551261)	(77.0, 0.5601990716421285)	(78.0, 0.4851176413065741)	(79.0, 0.46131595410022286)	(80.0, 0.49206280556076426)	(81.0, 0.5629518032987331)	(82.0, 0.7129938581067699)	(83.0, 1.0152055583598611)	(84.0, 0.8073707996688394)	(85.0, 0.3588796194498026)	(86.0, 0.4011581529076755)	(87.0, 0.36372358269725774)	(88.0, 0.2551249761577021)	(89.0, 0.28564663610649743)	(90.0, 0.21800297645707778)	(91.0, 0.10539021393340224)	(92.0, 0.05965229316357569)	(93.0, 0.032707307772435176)	(94.0, 0.021643601885451117)	(95.0, 0.01794729433718119)	(96.0, 0.013708533277543702)	(97.0, 0.006588611027258875)	(98.0, 0.0016883499018672274)	(99.0, 0.0008638205645885469)	(100.0, 0.00047618621754643586)
SRR20114171_2	(0.0, 0.02058674353510109)	(1.0, 0.011013450412335328)	(2.0, 0.0025490080365467827)	(3.0, 0.004570857521251937)	(4.0, 0.006045025039972574)	(5.0, 0.007284639254203055)	(6.0, 0.008749424640744085)	(7.0, 0.01051678379007742)	(8.0, 0.012231368445900467)	(9.0, 0.013733095977898699)	(10.0, 0.015009065954325152)	(11.0, 0.015878085947461186)	(12.0, 0.01657001819570715)	(13.0, 0.017331730052038936)	(14.0, 0.018309817331762887)	(15.0, 0.01951366216705862)	(16.0, 0.021309167712930774)	(17.0, 0.02423170188687813)	(18.0, 0.0286278171962849)	(19.0, 0.0350451956071356)	(20.0, 0.045449980194318965)	(21.0, 0.062418152624398156)	(22.0, 0.08803137347472331)	(23.0, 0.1268610866498076)	(24.0, 0.1843061228357532)	(25.0, 0.26581925997869504)	(26.0, 0.3738246064805389)	(27.0, 0.5134395290619989)	(28.0, 0.6914959790996118)	(29.0, 0.9043560348407355)	(30.0, 1.146637284330582)	(31.0, 1.4134375635053071)	(32.0, 1.6936888883092815)	(33.0, 1.9771125465564854)	(34.0, 2.2548025492754276)	(35.0, 2.5211436903566127)	(36.0, 2.7652374505069073)	(37.0, 2.970217687983684)	(38.0, 3.12778004304147)	(39.0, 3.227363166762333)	(40.0, 3.267163930618007)	(41.0, 3.254095793258337)	(42.0, 3.193887132762237)	(43.0, 3.1026329968838184)	(44.0, 2.995522471238605)	(45.0, 2.8792725760839315)	(46.0, 2.7631440622643324)	(47.0, 2.6543576532585362)	(48.0, 2.5546244154227993)	(49.0, 2.4557713388621614)	(50.0, 2.3429670317504487)	(51.0, 2.220312658616672)	(52.0, 2.109822219853755)	(53.0, 2.019670484506441)	(54.0, 1.9285594261437617)	(55.0, 1.834223259844343)	(56.0, 1.7589820780634677)	(57.0, 1.7089266437354846)	(58.0, 1.676860275095374)	(59.0, 1.6611938735052152)	(60.0, 1.674466658623052)	(61.0, 1.7263070435982055)	(62.0, 1.718012065984911)	(63.0, 1.5447750999713095)	(64.0, 1.3005230163404844)	(65.0, 1.127263181379695)	(66.0, 1.0555983511090337)	(67.0, 1.0404808042513818)	(68.0, 0.9695554032731257)	(69.0, 0.7889704686131088)	(70.0, 0.6197906883839258)	(71.0, 0.5461403643907553)	(72.0, 0.5326846276954162)	(73.0, 0.5302499643948083)	(74.0, 0.5261018892049)	(75.0, 0.5471759172300793)	(76.0, 0.5730946437595029)	(77.0, 0.5619944086245062)	(78.0, 0.5338485984689486)	(79.0, 0.5131480965811698)	(80.0, 0.5221772260375184)	(81.0, 0.5798269099816317)	(82.0, 0.6662469022545076)	(83.0, 0.7415291308636685)	(84.0, 0.766446314782919)	(85.0, 0.727807176167733)	(86.0, 0.6610275048463404)	(87.0, 0.5490711079303598)	(88.0, 0.3713277865542412)	(89.0, 0.2479310522117532)	(90.0, 0.20768580984407084)	(91.0, 0.1630520751493776)	(92.0, 0.11082643637159922)	(93.0, 0.0742630945011511)	(94.0, 0.05049991283999205)	(95.0, 0.03374928859982748)	(96.0, 0.020862343667877026)	(97.0, 0.012129924141708475)	(98.0, 0.006898799068316745)	(99.0, 0.004349204648508739)	(100.0, 0.00759073131656271)
SRR20114172_1	(0.0, 0.6238965271342412)	(1.0, 0.31563154662221554)	(2.0, 0.012687324935384338)	(3.0, 0.02600665078254307)	(4.0, 0.042685582264452626)	(5.0, 0.05011314911924573)	(6.0, 0.04829765076795684)	(7.0, 0.04444796432112095)	(8.0, 0.03821177935582508)	(9.0, 0.03258186709709677)	(10.0, 0.026380539700145655)	(11.0, 0.01979328922509198)	(12.0, 0.015569298889601787)	(13.0, 0.01340522485486543)	(14.0, 0.01137892120930117)	(15.0, 0.01002611558068362)	(16.0, 0.009571722279046745)	(17.0, 0.009387060161029932)	(18.0, 0.00944432616616773)	(19.0, 0.010004122114942293)	(20.0, 0.011370621788266705)	(21.0, 0.013687405170037189)	(22.0, 0.017315497075252904)	(23.0, 0.02298773638125698)	(24.0, 0.030767198687911328)	(25.0, 0.04127343577543867)	(26.0, 0.05584555922774966)	(27.0, 0.07486658732558481)	(28.0, 0.09771240360715247)	(29.0, 0.12655455158612)	(30.0, 0.16285746410401847)	(31.0, 0.20629414397209003)	(32.0, 0.25293689018577487)	(33.0, 0.29790149346629113)	(34.0, 0.34121077722148374)	(35.0, 0.38508649646227844)	(36.0, 0.4306611071888278)	(37.0, 0.47278813841766104)	(38.0, 0.5074635344707012)	(39.0, 0.5387498619443183)	(40.0, 0.5663396272891852)	(41.0, 0.5862117610141047)	(42.0, 0.6101842237011007)	(43.0, 0.7141452614051007)	(44.0, 0.9282914876178966)	(45.0, 1.0075256452628678)	(46.0, 1.0951447079789576)	(47.0, 2.6431514744139326)	(48.0, 2.749573705425703)	(49.0, 1.3764104269527184)	(50.0, 1.2802886073868207)	(51.0, 1.490212918119385)	(52.0, 1.9408876641617698)	(53.0, 1.9208595013214025)	(54.0, 1.7615977613805658)	(55.0, 1.69491398822391)	(56.0, 1.5138932411859682)	(57.0, 1.6608573140089888)	(58.0, 2.095508367860135)	(59.0, 1.9983752638411882)	(60.0, 1.534025561760318)	(61.0, 1.5663874942000013)	(62.0, 1.8905732540824387)	(63.0, 1.9560901286416486)	(64.0, 1.7842568406888577)	(65.0, 1.7972010327052585)	(66.0, 1.8457987075436115)	(67.0, 1.665099563070755)	(68.0, 1.2885461163450602)	(69.0, 1.4055094420127026)	(70.0, 1.7681372901846708)	(71.0, 1.3196361625112123)	(72.0, 0.8803295484307838)	(73.0, 1.7037254835362)	(74.0, 2.246875283541939)	(75.0, 2.63063553252291)	(76.0, 2.7843200615285877)	(77.0, 1.9868818106216115)	(78.0, 1.6788359348248956)	(79.0, 1.7354155778431437)	(80.0, 1.932518942961669)	(81.0, 2.373275465896818)	(82.0, 3.469872987527858)	(83.0, 5.897820889489204)	(84.0, 4.623258882616164)	(85.0, 1.516676037058824)	(86.0, 1.8404970373867962)	(87.0, 1.7919342201167883)	(88.0, 1.3525392172023427)	(89.0, 1.801994778294765)	(90.0, 1.4740004140996126)	(91.0, 0.6088866092223623)	(92.0, 0.30883224593973135)	(93.0, 0.1784562259382926)	(94.0, 0.10095083769480011)	(95.0, 0.07107084711547294)	(96.0, 0.05041151330543469)	(97.0, 0.025693347638492077)	(98.0, 0.009666335678839628)	(99.0, 0.006458194477967766)	(100.0, 0.00467962855028224)
SRR20114172_2	(0.0, 0.5409319982624987)	(1.0, 0.27628226252820415)	(2.0, 0.02184511684355315)	(3.0, 0.03648141981856835)	(4.0, 0.04107608947644671)	(5.0, 0.040432097124868345)	(6.0, 0.03892668201434882)	(7.0, 0.03712582711367221)	(8.0, 0.03478305596869062)	(9.0, 0.032689250939009935)	(10.0, 0.030708310548265668)	(11.0, 0.027703289536583645)	(12.0, 0.024528971566497)	(13.0, 0.02148577575046883)	(14.0, 0.018292370378209116)	(15.0, 0.01559855701065323)	(16.0, 0.013454128870861365)	(17.0, 0.01218855111808172)	(18.0, 0.011462814891979556)	(19.0, 0.011401403250205331)	(20.0, 0.012115521057593451)	(21.0, 0.013818034342726198)	(22.0, 0.016435913045115304)	(23.0, 0.02064593005485375)	(24.0, 0.027409924464054065)	(25.0, 0.036046973947368256)	(26.0, 0.04746331516449164)	(27.0, 0.06288967061206174)	(28.0, 0.08177126079648302)	(29.0, 0.10613881933155991)	(30.0, 0.13623052380093034)	(31.0, 0.17077208263777907)	(32.0, 0.20895601574148015)	(33.0, 0.2511022445701953)	(34.0, 0.29657341586875413)	(35.0, 0.3414889777866664)	(36.0, 0.38582486359945306)	(37.0, 0.43263796225948387)	(38.0, 0.4766999853454395)	(39.0, 0.5150677384309378)	(40.0, 0.5468341549692324)	(41.0, 0.5751727230433588)	(42.0, 0.6045511395923922)	(43.0, 0.639947482091774)	(44.0, 0.6883274075040985)	(45.0, 0.7414849926690474)	(46.0, 0.8105490229405719)	(47.0, 0.9281797032108965)	(48.0, 1.0905217931845865)	(49.0, 1.266572787353796)	(50.0, 1.3997007784145514)	(51.0, 1.4770466665115607)	(52.0, 1.5718649965803881)	(53.0, 1.6982252587402138)	(54.0, 1.7869044993492462)	(55.0, 1.8258154135096258)	(56.0, 1.8605146508861654)	(57.0, 1.9033127559934433)	(58.0, 1.9275960809928434)	(59.0, 1.9220101112525418)	(60.0, 1.8906304220800147)	(61.0, 1.8342225842798123)	(62.0, 1.7492994124636194)	(63.0, 1.605644719104416)	(64.0, 1.4553525891112902)	(65.0, 1.4290069947901476)	(66.0, 1.5152239605188538)	(67.0, 1.5608026021905177)	(68.0, 1.5103247223132574)	(69.0, 1.4677257900982201)	(70.0, 1.5563846984745027)	(71.0, 1.7442039059704608)	(72.0, 1.969270519033063)	(73.0, 2.163581103041967)	(74.0, 2.2350999392103588)	(75.0, 2.290109417329621)	(76.0, 2.339398484006319)	(77.0, 2.288672467900809)	(78.0, 2.241536543177938)	(79.0, 2.2830030945118818)	(80.0, 2.5109983789774737)	(81.0, 2.9910560873312715)	(82.0, 3.546493266414727)	(83.0, 3.8792738244316927)	(84.0, 3.8381325888217424)	(85.0, 3.5594569320384455)	(86.0, 3.2519468496680477)	(87.0, 2.6956279155929015)	(88.0, 1.8202842163146906)	(89.0, 1.2147040167790546)	(90.0, 0.9993271649239641)	(91.0, 0.7923566539520086)	(92.0, 0.5538728419923147)	(93.0, 0.3780903162841047)	(94.0, 0.2527338025124673)	(95.0, 0.16448942271816053)	(96.0, 0.10063542335283324)	(97.0, 0.05865932136957372)	(98.0, 0.03216559220982702)	(99.0, 0.017152105570130933)	(100.0, 0.020429744478067457)
SRR20114173_1	(0.0, 0.09913967992428456)	(1.0, 0.05087490690502203)	(2.0, 0.005379600268739191)	(3.0, 0.011949126439109966)	(4.0, 0.01969155061064605)	(5.0, 0.02421164733203977)	(6.0, 0.025426709658169195)	(7.0, 0.025216293459550183)	(8.0, 0.02254939990556975)	(9.0, 0.019165712827199317)	(10.0, 0.01570621104913379)	(11.0, 0.012591726968611182)	(12.0, 0.010807446255466169)	(13.0, 0.009995782999906905)	(14.0, 0.009822666011833077)	(15.0, 0.010242687556667941)	(16.0, 0.011289092582940896)	(17.0, 0.013169864732061486)	(18.0, 0.016277456567157265)	(19.0, 0.02130393061432197)	(20.0, 0.02908162686539535)	(21.0, 0.04100399517520116)	(22.0, 0.05977725543927292)	(23.0, 0.08599941130493825)	(24.0, 0.12096620491244064)	(25.0, 0.16916975857526487)	(26.0, 0.2353324766893921)	(27.0, 0.324804768837048)	(28.0, 0.43589722403625675)	(29.0, 0.5631872668409118)	(30.0, 0.708402823722139)	(31.0, 0.8672739459249181)	(32.0, 1.0238686000058366)	(33.0, 1.1670460793717308)	(34.0, 1.2856583797578092)	(35.0, 1.3903974009520883)	(36.0, 1.4956768552730708)	(37.0, 1.588997047499904)	(38.0, 1.6483725255734134)	(39.0, 1.6773223889232955)	(40.0, 1.6919347600805719)	(41.0, 1.6847145248566682)	(42.0, 1.6747953674088596)	(43.0, 1.7204260863964693)	(44.0, 1.8472101573015554)	(45.0, 1.8482821041785276)	(46.0, 1.8236670577759178)	(47.0, 2.494415923026495)	(48.0, 2.4630752613659066)	(49.0, 1.7440425680645928)	(50.0, 1.6372496577331193)	(51.0, 1.7699201116589167)	(52.0, 1.9508176339672298)	(53.0, 1.8065179348753675)	(54.0, 1.7262832787306677)	(55.0, 1.6496212382742736)	(56.0, 1.4049485527529262)	(57.0, 1.4571625824017604)	(58.0, 1.7621334960314088)	(59.0, 1.8146349728571618)	(60.0, 1.6325300913205492)	(61.0, 1.8120771389514057)	(62.0, 2.610787838222653)	(63.0, 2.9094032907163636)	(64.0, 2.130677265199503)	(65.0, 1.4889001563136937)	(66.0, 1.3508509129715602)	(67.0, 1.3004592740988192)	(68.0, 1.0970630301601336)	(69.0, 1.0800768885926177)	(70.0, 1.1647655569878541)	(71.0, 0.8701897711666675)	(72.0, 0.6308310068694037)	(73.0, 1.0093896140688796)	(74.0, 1.387213588991096)	(75.0, 1.839088254205342)	(76.0, 2.0077042005892514)	(77.0, 1.5278462080896846)	(78.0, 1.3161589983287278)	(79.0, 1.3073762505239424)	(80.0, 1.4411433823250086)	(81.0, 1.7523319121820577)	(82.0, 2.3204588918629967)	(83.0, 3.3331255659192314)	(84.0, 2.559796573997778)	(85.0, 1.0314926397265118)	(86.0, 1.227287953238012)	(87.0, 1.1617272930332283)	(88.0, 0.8394438697437943)	(89.0, 0.95833550878276)	(90.0, 0.7295976946882364)	(91.0, 0.338226808666491)	(92.0, 0.20172386085717622)	(93.0, 0.11655881667508561)	(94.0, 0.06950788970334777)	(95.0, 0.050971398340997606)	(96.0, 0.035797511894535804)	(97.0, 0.017867132703544814)	(98.0, 0.0069044082128742485)	(99.0, 0.005314326650285124)	(100.0, 0.0040964263407446515)
SRR20114173_2	(0.0, 0.08791679156935214)	(1.0, 0.04564891625174981)	(2.0, 0.006191414685931067)	(3.0, 0.010640835373424603)	(4.0, 0.013049553459212004)	(5.0, 0.014709270868146785)	(6.0, 0.01638479510954761)	(7.0, 0.018130842141950793)	(8.0, 0.01978853303390275)	(9.0, 0.02089987494728472)	(10.0, 0.02162496272373999)	(11.0, 0.021507830042132626)	(12.0, 0.020651018661793644)	(13.0, 0.01963573365339764)	(14.0, 0.01850412657018741)	(15.0, 0.017616106828312904)	(16.0, 0.017325098989579037)	(17.0, 0.017666364449486997)	(18.0, 0.019065066471033742)	(19.0, 0.0219796031957346)	(20.0, 0.026668558190598213)	(21.0, 0.03440904245820174)	(22.0, 0.04645992834827692)	(23.0, 0.06496972916601623)	(24.0, 0.092843254354603)	(25.0, 0.13134059217395863)	(26.0, 0.18189408482754477)	(27.0, 0.24658942359408628)	(28.0, 0.3288583123323014)	(29.0, 0.429237778042639)	(30.0, 0.543870142996591)	(31.0, 0.6713514362284551)	(32.0, 0.8073359947202586)	(33.0, 0.9448489523205097)	(34.0, 1.081123708044254)	(35.0, 1.2167763230542705)	(36.0, 1.3438275893823788)	(37.0, 1.451243527360486)	(38.0, 1.5361059525333223)	(39.0, 1.597323788157334)	(40.0, 1.6333609343595383)	(41.0, 1.6479307808592667)	(42.0, 1.6451621533573293)	(43.0, 1.6348382652400189)	(44.0, 1.6288122143398864)	(45.0, 1.6221413257358184)	(46.0, 1.6195165809396617)	(47.0, 1.6422427529918695)	(48.0, 1.6906485429470566)	(49.0, 1.7412693159644725)	(50.0, 1.7596984614062954)	(51.0, 1.7410030316329288)	(52.0, 1.7314111214498151)	(53.0, 1.7545361120442433)	(54.0, 1.773930284873288)	(55.0, 1.7842197222018907)	(56.0, 1.8129699186372479)	(57.0, 1.8497317473125112)	(58.0, 1.8897355978568997)	(59.0, 1.951949669229669)	(60.0, 2.0431028084205947)	(61.0, 2.153213203379068)	(62.0, 2.1858129714750025)	(63.0, 2.0355949683026195)	(64.0, 1.7977986018970167)	(65.0, 1.6400922131696944)	(66.0, 1.6104406219803757)	(67.0, 1.6512481891601534)	(68.0, 1.608685658273248)	(69.0, 1.400441989028202)	(70.0, 1.2112183975771709)	(71.0, 1.1752631226610726)	(72.0, 1.2264237598027135)	(73.0, 1.2719883729479777)	(74.0, 1.2927678727864826)	(75.0, 1.3727804375160189)	(76.0, 1.4674426935144067)	(77.0, 1.478312120003494)	(78.0, 1.4581036926507498)	(79.0, 1.4618563967995477)	(80.0, 1.5586432532027306)	(81.0, 1.7907057924571246)	(82.0, 2.074320897237638)	(83.0, 2.286310785777137)	(84.0, 2.376308810287852)	(85.0, 2.3311426103814115)	(86.0, 2.1737888356091006)	(87.0, 1.810952318329146)	(88.0, 1.2189236204492733)	(89.0, 0.8115248053237606)	(90.0, 0.6897424831510007)	(91.0, 0.5522518172375608)	(92.0, 0.3732901024841657)	(93.0, 0.2408831570738439)	(94.0, 0.15435979858188315)	(95.0, 0.0982966115553887)	(96.0, 0.05860484462635524)	(97.0, 0.033378355920736257)	(98.0, 0.01866260019824443)	(99.0, 0.010637998249648645)	(100.0, 0.013559019828694547)
SRR20114174_1	(0.0, 0.3385061427205864)	(1.0, 0.1725578669009716)	(2.0, 0.00842450363340043)	(3.0, 0.012268388611570822)	(4.0, 0.017955421033151578)	(5.0, 0.02010718240545502)	(6.0, 0.01790683075498543)	(7.0, 0.016097171205986867)	(8.0, 0.01354618160226429)	(9.0, 0.011147529086846382)	(10.0, 0.009152044555131347)	(11.0, 0.006997656681305408)	(12.0, 0.00548347855358745)	(13.0, 0.0046764859608010795)	(14.0, 0.003945005286786421)	(15.0, 0.0036731623792082622)	(16.0, 0.0035871444543465743)	(17.0, 0.003572042070592232)	(18.0, 0.0037375116665093722)	(19.0, 0.004225384324312686)	(20.0, 0.005365285985075207)	(21.0, 0.006735663154436602)	(22.0, 0.008837520997812655)	(23.0, 0.011513926049234336)	(24.0, 0.014985504436591161)	(25.0, 0.0195772857232918)	(26.0, 0.02517107734082401)	(27.0, 0.03174455402624659)	(28.0, 0.04128729068284896)	(29.0, 0.053463751741132486)	(30.0, 0.06695018043376003)	(31.0, 0.08162641431607748)	(32.0, 0.0991484625980175)	(33.0, 0.11904027187862799)	(34.0, 0.1386175576019198)	(35.0, 0.15598070254174892)	(36.0, 0.174045123388084)	(37.0, 0.195945549708022)	(38.0, 0.21400406092593147)	(39.0, 0.2325622640584955)	(40.0, 0.25612198271526926)	(41.0, 0.279062503638115)	(42.0, 0.30575301210970196)	(43.0, 0.39244594786267095)	(44.0, 0.5447922289226683)	(45.0, 0.6186225300946022)	(46.0, 0.7734849996131492)	(47.0, 1.918839934161749)	(48.0, 2.042591493146351)	(49.0, 1.0831521556167483)	(50.0, 1.09816983469699)	(51.0, 1.3969875695365457)	(52.0, 1.6962747915232472)	(53.0, 1.635439106633854)	(54.0, 1.6045547318562243)	(55.0, 1.5433776017689067)	(56.0, 1.2170380707258945)	(57.0, 1.3267332501874878)	(58.0, 2.021323397067954)	(59.0, 2.004383118873246)	(60.0, 1.3839056220783823)	(61.0, 1.4700463358862468)	(62.0, 1.9934739447995662)	(63.0, 2.2637862586154913)	(64.0, 2.119749571747285)	(65.0, 2.016871476987326)	(66.0, 1.9094856489893854)	(67.0, 1.6491317156959975)	(68.0, 1.2706338041685326)	(69.0, 1.3674459936622914)	(70.0, 1.8367486290761899)	(71.0, 1.492300683286341)	(72.0, 1.018810091194825)	(73.0, 1.7617606973582167)	(74.0, 2.183100131844467)	(75.0, 2.405402624330719)	(76.0, 2.649661356294262)	(77.0, 2.119199319678323)	(78.0, 1.8393941727347225)	(79.0, 1.8736673911017503)	(80.0, 2.116308198127437)	(81.0, 2.715009370799301)	(82.0, 4.306770413739455)	(83.0, 7.612892337686753)	(84.0, 5.845093313328322)	(85.0, 1.6319215644698535)	(86.0, 1.7581197096226593)	(87.0, 1.8482133082218775)	(88.0, 1.9429164169930735)	(89.0, 3.039628543345079)	(90.0, 2.5461502746673816)	(91.0, 0.9281590176474572)	(92.0, 0.37387001584483004)	(93.0, 0.20945364703821015)	(94.0, 0.12582780843813385)	(95.0, 0.09837561452502355)	(96.0, 0.07467734791293823)	(97.0, 0.03951440215516532)	(98.0, 0.014039307263112593)	(99.0, 0.008799436725736489)	(100.0, 0.006366639690526154)
SRR20114174_2	(0.0, 0.23787708064534424)	(1.0, 0.12102251967263698)	(2.0, 0.007308048606069693)	(3.0, 0.011770903848115487)	(4.0, 0.013261806187989505)	(5.0, 0.01347394779846497)	(6.0, 0.013155406990165895)	(7.0, 0.012585974246258068)	(8.0, 0.012185992076661909)	(9.0, 0.011858913061130075)	(10.0, 0.01096962593857967)	(11.0, 0.00977033621496295)	(12.0, 0.00881734093075273)	(13.0, 0.007821654610378715)	(14.0, 0.00675569227662738)	(15.0, 0.005789561288982146)	(16.0, 0.00498894016461808)	(17.0, 0.004646098304964231)	(18.0, 0.004702581829734789)	(19.0, 0.004894363099885984)	(20.0, 0.005661488180490766)	(21.0, 0.007086055218017966)	(22.0, 0.008790412738710951)	(23.0, 0.01093153239861813)	(24.0, 0.013870646042202374)	(25.0, 0.01769576288247827)	(26.0, 0.0229782860188689)	(27.0, 0.029347131829335137)	(28.0, 0.03745777191528415)	(29.0, 0.047563068567839935)	(30.0, 0.058401337472069464)	(31.0, 0.07132095858557688)	(32.0, 0.08599353932248682)	(33.0, 0.10295107567191734)	(34.0, 0.12142118827188965)	(35.0, 0.14103213671519285)	(36.0, 0.16315988593664466)	(37.0, 0.18692631416161434)	(38.0, 0.20995517263870805)	(39.0, 0.23315413847528518)	(40.0, 0.2554290075752091)	(41.0, 0.27641395059781476)	(42.0, 0.30270177709713525)	(43.0, 0.34402472974817205)	(44.0, 0.40247401253777937)	(45.0, 0.47072581401576535)	(46.0, 0.5632011661982596)	(47.0, 0.6999602585860425)	(48.0, 0.8787890683651428)	(49.0, 1.076001951886716)	(50.0, 1.2216480044334577)	(51.0, 1.3049703984624343)	(52.0, 1.407417719907619)	(53.0, 1.5283312132417455)	(54.0, 1.5935473536558997)	(55.0, 1.6146905819048973)	(56.0, 1.6641537299746119)	(57.0, 1.7440923667987294)	(58.0, 1.8291237158446014)	(59.0, 1.929750428793693)	(60.0, 1.9916918383414985)	(61.0, 1.9685132328452457)	(62.0, 1.8846654106788683)	(63.0, 1.7317743609025456)	(64.0, 1.5534604706980977)	(65.0, 1.4738962014218782)	(66.0, 1.5176650220525145)	(67.0, 1.564812345606636)	(68.0, 1.540067307475758)	(69.0, 1.4701571234391015)	(70.0, 1.4723199170096766)	(71.0, 1.5428763776553356)	(72.0, 1.628065355142428)	(73.0, 1.7244669690816474)	(74.0, 1.827072575753224)	(75.0, 2.0146366283166084)	(76.0, 2.2376657665841853)	(77.0, 2.3515017429075264)	(78.0, 2.3763498963103693)	(79.0, 2.4545138996004168)	(80.0, 2.765093158047529)	(81.0, 3.426810129652874)	(82.0, 4.273785837868758)	(83.0, 4.865146011520656)	(84.0, 4.907620965362943)	(85.0, 4.546473189402059)	(86.0, 4.198602325688115)	(87.0, 3.620957139992715)	(88.0, 2.508356491195365)	(89.0, 1.5532187737548935)	(90.0, 1.1254276632016411)	(91.0, 0.8482124346942905)	(92.0, 0.5934822465418241)	(93.0, 0.43196892103075835)	(94.0, 0.3083054681825119)	(95.0, 0.20343001195736515)	(96.0, 0.12454945604493808)	(97.0, 0.07549088764102187)	(98.0, 0.04287953350808592)	(99.0, 0.023248224724458425)	(100.0, 0.023966747702353654)
SRR20114175_1	(0.0, 0.5286882358704672)	(1.0, 0.2704427089110609)	(2.0, 0.014016204112337602)	(3.0, 0.017261117167565832)	(4.0, 0.020625486507842395)	(5.0, 0.020878936086172452)	(6.0, 0.017640975513142802)	(7.0, 0.014819531828191726)	(8.0, 0.012375418313472683)	(9.0, 0.010177801894885118)	(10.0, 0.008500989597354831)	(11.0, 0.006817224817625964)	(12.0, 0.005682074087748694)	(13.0, 0.005261132892816477)	(14.0, 0.004988089955563147)	(15.0, 0.004900235862326543)	(16.0, 0.005060142952893886)	(17.0, 0.005800898328960791)	(18.0, 0.007022639064402194)	(19.0, 0.008885272249785442)	(20.0, 0.011611909359301335)	(21.0, 0.015567871730293444)	(22.0, 0.021371930278435407)	(23.0, 0.030494218966808814)	(24.0, 0.041759768303853605)	(25.0, 0.05464777416851252)	(26.0, 0.07144433911644595)	(27.0, 0.09370871529164455)	(28.0, 0.12070077936187767)	(29.0, 0.15064322405965372)	(30.0, 0.18440637374746768)	(31.0, 0.22452346012094768)	(32.0, 0.27103872624863007)	(33.0, 0.31212789604223884)	(34.0, 0.3498545926270797)	(35.0, 0.3901909982117331)	(36.0, 0.4287216545562644)	(37.0, 0.46792796576173035)	(38.0, 0.5027605336204531)	(39.0, 0.5371974420376932)	(40.0, 0.571976286170336)	(41.0, 0.6029729799869513)	(42.0, 0.6458622106261561)	(43.0, 0.7736734831456726)	(44.0, 0.9860989921972546)	(45.0, 1.1073667148802346)	(46.0, 1.2867388594720939)	(47.0, 3.241489905811184)	(48.0, 3.482601988457944)	(49.0, 1.8010891809175804)	(50.0, 1.8680592817173218)	(51.0, 2.1928798820788233)	(52.0, 2.436750836070747)	(53.0, 2.3735186425184964)	(54.0, 2.32071959657097)	(55.0, 2.155251784332435)	(56.0, 1.7349679149899018)	(57.0, 1.6674618410170334)	(58.0, 1.903047332359758)	(59.0, 1.8014545022549238)	(60.0, 1.4399127870520307)	(61.0, 1.6083480451016874)	(62.0, 2.056094851172448)	(63.0, 2.1052994638233087)	(64.0, 2.018690496944087)	(65.0, 2.1717316953184147)	(66.0, 2.052466919552462)	(67.0, 1.5823988533612412)	(68.0, 1.1427472647449728)	(69.0, 1.2339638311903445)	(70.0, 1.7468952142234841)	(71.0, 1.429961888894354)	(72.0, 0.8539531630488415)	(73.0, 1.3107065937859448)	(74.0, 1.4929311522107307)	(75.0, 1.4819854170548206)	(76.0, 1.6479961549486815)	(77.0, 1.4283666102516979)	(78.0, 1.3507364581100243)	(79.0, 1.4636169590861718)	(80.0, 1.7097354609597457)	(81.0, 2.2170220604914745)	(82.0, 3.0535263893533884)	(83.0, 4.987852939124559)	(84.0, 3.8181028655641365)	(85.0, 1.1190557335875566)	(86.0, 1.5418608257928292)	(87.0, 1.5644601852012319)	(88.0, 1.4394665641036493)	(89.0, 2.6210194242619154)	(90.0, 2.4559403189826643)	(91.0, 0.9500958791538252)	(92.0, 0.3175761139105807)	(93.0, 0.15392163543820236)	(94.0, 0.08388043363819715)	(95.0, 0.05853168354217388)	(96.0, 0.036219272035421454)	(97.0, 0.015816897001769862)	(98.0, 0.006339399677432636)	(99.0, 0.0038150165955118036)	(100.0, 0.0024295765064856483)
SRR20114175_2	(0.0, 0.4537584738662172)	(1.0, 0.2301777288631038)	(2.0, 0.011857885723427917)	(3.0, 0.018190054845217934)	(4.0, 0.018841663425372194)	(5.0, 0.016769914709808993)	(6.0, 0.014032021044214188)	(7.0, 0.012078459335914664)	(8.0, 0.011017936350949734)	(9.0, 0.01036885583512197)	(10.0, 0.009361422201013448)	(11.0, 0.008520840812453639)	(12.0, 0.008101814150336983)	(13.0, 0.007429349039489136)	(14.0, 0.006556534830766507)	(15.0, 0.006285399931749848)	(16.0, 0.006167212924486175)	(17.0, 0.006185541390853269)	(18.0, 0.007062147696065641)	(19.0, 0.008359044695557918)	(20.0, 0.010385920269325815)	(21.0, 0.01317690328577703)	(22.0, 0.01736274579437223)	(23.0, 0.024208743990522488)	(24.0, 0.03309425808207313)	(25.0, 0.04410208217571688)	(26.0, 0.058958884206450284)	(27.0, 0.07757618192284599)	(28.0, 0.09931500706638219)	(29.0, 0.12486615321427388)	(30.0, 0.15509611441442742)	(31.0, 0.1890657147695497)	(32.0, 0.2265436363937663)	(33.0, 0.2686384354942456)	(34.0, 0.31181714217470996)	(35.0, 0.351457190814162)	(36.0, 0.3952135601932306)	(37.0, 0.4430059842695495)	(38.0, 0.4841281106204096)	(39.0, 0.5254025528469412)	(40.0, 0.5614388457889735)	(41.0, 0.5937955411037915)	(42.0, 0.630976415169645)	(43.0, 0.6826765946786445)	(44.0, 0.7600214587156161)	(45.0, 0.8638503246369564)	(46.0, 1.0175218748034036)	(47.0, 1.229928575483406)	(48.0, 1.4535295450011314)	(49.0, 1.6623116334530206)	(50.0, 1.8213534242650264)	(51.0, 1.9212088050811968)	(52.0, 2.057374141802743)	(53.0, 2.213204026887936)	(54.0, 2.2440950769094683)	(55.0, 2.1768296053422347)	(56.0, 2.149772364871833)	(57.0, 2.1588955170100745)	(58.0, 2.135068510732853)	(59.0, 2.082706610386393)	(60.0, 1.9865320912296)	(61.0, 1.8580305815138254)	(62.0, 1.7287592762106327)	(63.0, 1.579990906805424)	(64.0, 1.4624517160254162)	(65.0, 1.4630375949330816)	(66.0, 1.5929270119641026)	(67.0, 1.7399579691609268)	(68.0, 1.762773117691469)	(69.0, 1.63199319000144)	(70.0, 1.5159133243539018)	(71.0, 1.4714016957572926)	(72.0, 1.5040200457299029)	(73.0, 1.644981752494893)	(74.0, 1.7681711670446187)	(75.0, 1.8407651661960234)	(76.0, 1.868956243516858)	(77.0, 1.854903997958032)	(78.0, 1.8776755373789416)	(79.0, 2.0022174663433425)	(80.0, 2.2935301107819277)	(81.0, 2.7734780670384764)	(82.0, 3.2725824307290465)	(83.0, 3.5174241967179887)	(84.0, 3.436318204979273)	(85.0, 3.1850817002764606)	(86.0, 2.967972799949176)	(87.0, 2.595866379716197)	(88.0, 1.9248523777917588)	(89.0, 1.3186908100349137)	(90.0, 1.0059711488956447)	(91.0, 0.7967017760448234)	(92.0, 0.5710107293451677)	(93.0, 0.3957172770102848)	(94.0, 0.2584610805318557)	(95.0, 0.16190798374217)	(96.0, 0.09875251275373693)	(97.0, 0.058676373017964384)	(98.0, 0.032518491431713745)	(99.0, 0.017204109757884625)	(100.0, 0.02072507134861146)
SRR20114176_1	(0.0, 0.3606823455401195)	(1.0, 0.18670144563571694)	(2.0, 0.013729318557749415)	(3.0, 0.01778943015907193)	(4.0, 0.0248229764331277)	(5.0, 0.028068791141860044)	(6.0, 0.026905916040360807)	(7.0, 0.02498503971133175)	(8.0, 0.02232265280413399)	(9.0, 0.020186829390329036)	(10.0, 0.01738853678667244)	(11.0, 0.013857263251068402)	(12.0, 0.011219327996371601)	(13.0, 0.009871643893411608)	(14.0, 0.009011855554308015)	(15.0, 0.008614942683478448)	(16.0, 0.008697964573365434)	(17.0, 0.009105113019660521)	(18.0, 0.010099669769060113)	(19.0, 0.011819815090348714)	(20.0, 0.014835897994188298)	(21.0, 0.019431102735124887)	(22.0, 0.026445315144412455)	(23.0, 0.037262043839140314)	(24.0, 0.051574221555342886)	(25.0, 0.06908842846300864)	(26.0, 0.09268029262486698)	(27.0, 0.12257613398732214)	(28.0, 0.15814930787465184)	(29.0, 0.2021531840870806)	(30.0, 0.25390709685615154)	(31.0, 0.31405418150694797)	(32.0, 0.37867648720850183)	(33.0, 0.4426693050189263)	(34.0, 0.4956571732746736)	(35.0, 0.5415375716557809)	(36.0, 0.5925926220777894)	(37.0, 0.6404393882344391)	(38.0, 0.6742844557973404)	(39.0, 0.7022332632490214)	(40.0, 0.7249744373610787)	(41.0, 0.7412541201389866)	(42.0, 0.770630221725026)	(43.0, 0.8425231978655868)	(44.0, 0.9607088386212828)	(45.0, 0.995088999323798)	(46.0, 1.063889125744528)	(47.0, 2.2065017683236063)	(48.0, 2.2625642897205793)	(49.0, 1.2274547589696836)	(50.0, 1.1811148969787908)	(51.0, 1.2881158969660815)	(52.0, 1.3977593813527205)	(53.0, 1.306343182297845)	(54.0, 1.2975838042716867)	(55.0, 1.2632951951052795)	(56.0, 1.1141253301292948)	(57.0, 1.297431976568948)	(58.0, 1.6629091205715818)	(59.0, 1.691259958681825)	(60.0, 1.5061080654429715)	(61.0, 1.6255890751381368)	(62.0, 1.891329634518591)	(63.0, 1.8309033461148188)	(64.0, 1.5817580664224589)	(65.0, 1.5276169899975967)	(66.0, 1.4256570109270739)	(67.0, 1.1584772159075514)	(68.0, 0.9351386651791721)	(69.0, 1.0785129198693475)	(70.0, 1.450632952349103)	(71.0, 1.1591607248914155)	(72.0, 0.6999876917205028)	(73.0, 1.032433496409744)	(74.0, 1.32211620409021)	(75.0, 1.6699341371994163)	(76.0, 1.962378744326328)	(77.0, 1.7127415883685424)	(78.0, 1.7221361407166444)	(79.0, 1.9412286335560776)	(80.0, 2.2732280534264055)	(81.0, 2.9924916083208064)	(82.0, 4.754454941816866)	(83.0, 8.59253871471367)	(84.0, 6.65723704799521)	(85.0, 1.831923491802882)	(86.0, 1.9949375412390624)	(87.0, 2.0566961603825966)	(88.0, 1.8582351758231614)	(89.0, 2.370195346242081)	(90.0, 1.796052917583971)	(91.0, 0.7071059658136898)	(92.0, 0.3833626748424653)	(93.0, 0.2187217375503487)	(94.0, 0.12264095929860377)	(95.0, 0.08521344032277091)	(96.0, 0.05847527399142833)	(97.0, 0.028394623627512397)	(98.0, 0.010107630772199961)	(99.0, 0.007147843533420732)	(100.0, 0.00534069582067522)
SRR20114176_2	(0.0, 0.3020927585715914)	(1.0, 0.15330339088134912)	(2.0, 0.008344689219025949)	(3.0, 0.01499860955009828)	(4.0, 0.019329570339752165)	(5.0, 0.021898129127840404)	(6.0, 0.02360993313645787)	(7.0, 0.024678744672891228)	(8.0, 0.024961866026691124)	(9.0, 0.024598015290884023)	(10.0, 0.02374410309528674)	(11.0, 0.022076074878321063)	(12.0, 0.01979575409500501)	(13.0, 0.0173346449773348)	(14.0, 0.014641581015587565)	(15.0, 0.01210542768365714)	(16.0, 0.010557356506152872)	(17.0, 0.010196348354219266)	(18.0, 0.01069550608240463)	(19.0, 0.0117176992433127)	(20.0, 0.013502841915866284)	(21.0, 0.01669165250515069)	(22.0, 0.02204253238861385)	(23.0, 0.029423585674525684)	(24.0, 0.03954943794868233)	(25.0, 0.054250144708838544)	(26.0, 0.07360472978667744)	(27.0, 0.09787925903275796)	(28.0, 0.12773719152315338)	(29.0, 0.16262081230188435)	(30.0, 0.20303439574810853)	(31.0, 0.25103142445203724)	(32.0, 0.30279942492254175)	(33.0, 0.3581632939930148)	(34.0, 0.4161986233877966)	(35.0, 0.47332773704370884)	(36.0, 0.5302470680097572)	(37.0, 0.5834602381215456)	(38.0, 0.6274020366715493)	(39.0, 0.6647405128834286)	(40.0, 0.6946444952325747)	(41.0, 0.7162867918118007)	(42.0, 0.7340500984372582)	(43.0, 0.7576401334866016)	(44.0, 0.7933310480854047)	(45.0, 0.8262578341256231)	(46.0, 0.8628930550872004)	(47.0, 0.9302691150902801)	(48.0, 1.0260289435869616)	(49.0, 1.124912771760612)	(50.0, 1.1924275498567183)	(51.0, 1.2291724945558125)	(52.0, 1.2704001940234049)	(53.0, 1.3183028489427338)	(54.0, 1.3436251546045836)	(55.0, 1.34661214173885)	(56.0, 1.3680025853868845)	(57.0, 1.4007662071127647)	(58.0, 1.4436949087702553)	(59.0, 1.5397344475200887)	(60.0, 1.6745178359488564)	(61.0, 1.7960468242923011)	(62.0, 1.8366002628651013)	(63.0, 1.7143054824261372)	(64.0, 1.4834859663481845)	(65.0, 1.299379768096891)	(66.0, 1.233358483567918)	(67.0, 1.24223871558871)	(68.0, 1.2204378028293432)	(69.0, 1.1549452389008399)	(70.0, 1.1279395550691074)	(71.0, 1.1311687303493954)	(72.0, 1.162469558413976)	(73.0, 1.2450420718047488)	(74.0, 1.3586533270269663)	(75.0, 1.5381687523225687)	(76.0, 1.7358426034020442)	(77.0, 1.8505078887245527)	(78.0, 1.9389401045121442)	(79.0, 2.127122568038027)	(80.0, 2.564809988475881)	(81.0, 3.345098693232925)	(82.0, 4.297151097062557)	(83.0, 5.00048196009575)	(84.0, 5.187012313874359)	(85.0, 4.973817954845612)	(86.0, 4.715167837095839)	(87.0, 3.9938866254183107)	(88.0, 2.554929166931619)	(89.0, 1.5540019444979245)	(90.0, 1.2678344778191901)	(91.0, 0.9957992011259134)	(92.0, 0.6792069907324091)	(93.0, 0.4555212231433741)	(94.0, 0.30974215177516096)	(95.0, 0.20840574223546082)	(96.0, 0.12705156029286685)	(97.0, 0.07296344286481743)	(98.0, 0.04065975120966867)	(99.0, 0.022924870422946064)	(100.0, 0.024921501335687525)
SRR20114177_1	(0.0, 0.6915409947278277)	(1.0, 0.3486793296398248)	(2.0, 0.010222667735335408)	(3.0, 0.02090388785110923)	(4.0, 0.03486098216999328)	(5.0, 0.04191128752637414)	(6.0, 0.0409921825370112)	(7.0, 0.0396295268808556)	(8.0, 0.03577558664526249)	(9.0, 0.03135108123400936)	(10.0, 0.026442520529120044)	(11.0, 0.020294818277091793)	(12.0, 0.016279859648367635)	(13.0, 0.013957094318884047)	(14.0, 0.011959866175513229)	(15.0, 0.010896244678029571)	(16.0, 0.010875242278925522)	(17.0, 0.011561820706779335)	(18.0, 0.01240191667094132)	(19.0, 0.013818578496221624)	(20.0, 0.016744912771385876)	(21.0, 0.022358554017625435)	(22.0, 0.030415474359636104)	(23.0, 0.04080466111643933)	(24.0, 0.057022513681737864)	(25.0, 0.07989212607756184)	(26.0, 0.10933148893598117)	(27.0, 0.1470147934998615)	(28.0, 0.1929575415399701)	(29.0, 0.24835336940538716)	(30.0, 0.3141183817427465)	(31.0, 0.39142471244490257)	(32.0, 0.47035872907762255)	(33.0, 0.5444256897465398)	(34.0, 0.6117168764187934)	(35.0, 0.6733684188744881)	(36.0, 0.736697652972899)	(37.0, 0.7944427491952406)	(38.0, 0.8396399120671555)	(39.0, 0.8747739254255014)	(40.0, 0.9024310847028056)	(41.0, 0.9198755773872049)	(42.0, 0.9404284251390036)	(43.0, 1.0357038084460388)	(44.0, 1.236826282666269)	(45.0, 1.289952351257084)	(46.0, 1.3390029543074706)	(47.0, 2.6001455146221355)	(48.0, 2.662697159896575)	(49.0, 1.4963344262815141)	(50.0, 1.3708720947193798)	(51.0, 1.5589700811523701)	(52.0, 1.9298604479589705)	(53.0, 1.8414303465884907)	(54.0, 1.661685314313454)	(55.0, 1.5454695389854383)	(56.0, 1.283978168826225)	(57.0, 1.3213304355756559)	(58.0, 1.6431802004743004)	(59.0, 1.6880443253032795)	(60.0, 1.4607253586577196)	(61.0, 1.5810085986122195)	(62.0, 2.11527262759225)	(63.0, 2.278825310215186)	(64.0, 1.8883332043019274)	(65.0, 1.6572688098161454)	(66.0, 1.6570187812553827)	(67.0, 1.5839584355720953)	(68.0, 1.2529806279771338)	(69.0, 1.2283998201114512)	(70.0, 1.5752069358882865)	(71.0, 1.2791076124625715)	(72.0, 0.8542590820149385)	(73.0, 1.5574829112729547)	(74.0, 2.071837165959468)	(75.0, 2.540752730184369)	(76.0, 2.7625635676363314)	(77.0, 2.0544956850421023)	(78.0, 1.7310197343842586)	(79.0, 1.667945029360704)	(80.0, 1.7791802357583306)	(81.0, 2.184047483744068)	(82.0, 3.146275899095954)	(83.0, 5.110355755938)	(84.0, 4.000276951636185)	(85.0, 1.375711147484377)	(86.0, 1.610503467811128)	(87.0, 1.603012112073562)	(88.0, 1.315952821290776)	(89.0, 1.713530236558922)	(90.0, 1.3020592342263257)	(91.0, 0.5070169165423766)	(92.0, 0.2631860637440615)	(93.0, 0.13969245706937103)	(94.0, 0.08387208070777924)	(95.0, 0.0668336344060582)	(96.0, 0.05094981999793837)	(97.0, 0.025829950555251925)	(98.0, 0.007997913601670719)	(99.0, 0.00429149021692748)	(100.0, 0.0025257885208227336)
SRR20114177_2	(0.0, 0.5238718132485388)	(1.0, 0.26571550761680174)	(2.0, 0.01434777170103097)	(3.0, 0.024937960474360994)	(4.0, 0.029513214264209144)	(5.0, 0.03078475750822141)	(6.0, 0.031137046545523506)	(7.0, 0.031232124552749926)	(8.0, 0.031104019448276437)	(9.0, 0.030662156919955764)	(10.0, 0.02980995772886844)	(11.0, 0.027865362275805997)	(12.0, 0.025540454793837878)	(13.0, 0.023316630245868372)	(14.0, 0.020770040883893396)	(15.0, 0.018271490936095973)	(16.0, 0.01652756011933771)	(17.0, 0.015190963501960001)	(18.0, 0.014537927715483807)	(19.0, 0.01521598403017748)	(20.0, 0.0168928598313129)	(21.0, 0.0199433626315879)	(22.0, 0.025038542997795253)	(23.0, 0.03293101841871673)	(24.0, 0.04497590070261096)	(25.0, 0.06165358399125354)	(26.0, 0.08405296167266915)	(27.0, 0.11336701253226715)	(28.0, 0.15008313645972407)	(29.0, 0.19501199856928617)	(30.0, 0.24824917727874424)	(31.0, 0.31045971822811885)	(32.0, 0.3793992800363022)	(33.0, 0.4502739294968253)	(34.0, 0.5227649050801976)	(35.0, 0.593810194543164)	(36.0, 0.6631871151845887)	(37.0, 0.7273527602088772)	(38.0, 0.784025257442595)	(39.0, 0.8364707866392521)	(40.0, 0.8790907544049053)	(41.0, 0.9125612154119908)	(42.0, 0.9433299597821531)	(43.0, 0.9756584838813929)	(44.0, 1.0144648227361381)	(45.0, 1.0558968158220252)	(46.0, 1.1047814234427709)	(47.0, 1.1929822882833336)	(48.0, 1.319092756247327)	(49.0, 1.453010129425738)	(50.0, 1.5405989921461012)	(51.0, 1.5621992141562506)	(52.0, 1.590560483301327)	(53.0, 1.6488428013205576)	(54.0, 1.6791686823412704)	(55.0, 1.674030466666529)	(56.0, 1.6678468933228612)	(57.0, 1.6847157334470853)	(58.0, 1.7179234789078874)	(59.0, 1.7516361386281183)	(60.0, 1.7858331957746394)	(61.0, 1.8205216560953517)	(62.0, 1.8110438800065707)	(63.0, 1.691380201343093)	(64.0, 1.5358350835734933)	(65.0, 1.4946117616929397)	(66.0, 1.5771149518478182)	(67.0, 1.6516030659935097)	(68.0, 1.6236801565028034)	(69.0, 1.526388332939702)	(70.0, 1.505014796915203)	(71.0, 1.6083130484821924)	(72.0, 1.7672869794387154)	(73.0, 1.8942891790283796)	(74.0, 1.942372128925037)	(75.0, 2.0169227943912724)	(76.0, 2.1064202230040645)	(77.0, 2.102328866229943)	(78.0, 2.0825756596128073)	(79.0, 2.0979037356093992)	(80.0, 2.239608497990219)	(81.0, 2.619859977217608)	(82.0, 3.098218949227989)	(83.0, 3.424184889613608)	(84.0, 3.4650449134244434)	(85.0, 3.2498158276448703)	(86.0, 2.945221421641493)	(87.0, 2.434456361894398)	(88.0, 1.684782288052144)	(89.0, 1.1702726560520211)	(90.0, 0.9659360070266452)	(91.0, 0.7553907641293838)	(92.0, 0.5160714133714577)	(93.0, 0.3475236274977987)	(94.0, 0.2327199362352839)	(95.0, 0.15149079137723942)	(96.0, 0.0919049038378783)	(97.0, 0.053416325691495216)	(98.0, 0.029001794667443875)	(99.0, 0.015209979103405285)	(100.0, 0.019741196763590672)
SRR20114178_1	(0.0, 0.09716801097790846)	(1.0, 0.055164029814432795)	(2.0, 0.023388297740173165)	(3.0, 0.03964930190334275)	(4.0, 0.04620729331090278)	(5.0, 0.04380215156134354)	(6.0, 0.03892221561203096)	(7.0, 0.03527825528401966)	(8.0, 0.030948431543382875)	(9.0, 0.02598889279384848)	(10.0, 0.022112520718760974)	(11.0, 0.01951619010081183)	(12.0, 0.017889307871278404)	(13.0, 0.01728873317317629)	(14.0, 0.017378286323425838)	(15.0, 0.01796819993221253)	(16.0, 0.019727990408544883)	(17.0, 0.022924895724596148)	(18.0, 0.027233397286602092)	(19.0, 0.033716050329666465)	(20.0, 0.04422575217680964)	(21.0, 0.05899562531439552)	(22.0, 0.0792317943136422)	(23.0, 0.11060453721177887)	(24.0, 0.154354094065833)	(25.0, 0.21578968735488482)	(26.0, 0.30490715442107413)	(27.0, 0.42641158934894063)	(28.0, 0.5773434737445231)	(29.0, 0.7565556743974822)	(30.0, 0.9699935254493848)	(31.0, 1.21495337464984)	(32.0, 1.4673162842709244)	(33.0, 1.6997266098685526)	(34.0, 1.9009255303863506)	(35.0, 2.0765257539792445)	(36.0, 2.237150700780409)	(37.0, 2.376094545610443)	(38.0, 2.475485038340973)	(39.0, 2.5201912502762642)	(40.0, 2.527341998249762)	(41.0, 2.5077781886166743)	(42.0, 2.4567485292387623)	(43.0, 2.403658436665823)	(44.0, 2.377005713377268)	(45.0, 2.3751890637579196)	(46.0, 2.522217567985482)	(47.0, 3.213018486442591)	(48.0, 3.2873930884641274)	(49.0, 2.651434234924125)	(50.0, 2.731495461986507)	(51.0, 2.873933301154849)	(52.0, 2.867561523440665)	(53.0, 2.771175325679221)	(54.0, 2.556392045155712)	(55.0, 2.311845846220695)	(56.0, 1.9445386252971673)	(57.0, 1.8149530846682107)	(58.0, 1.886066814837803)	(59.0, 1.7677699463153027)	(60.0, 1.5440654662526487)	(61.0, 1.6150491311325927)	(62.0, 1.850556147806707)	(63.0, 1.846806287324829)	(64.0, 1.638271826618733)	(65.0, 1.3528716226877304)	(66.0, 1.1385659589655526)	(67.0, 1.1133055739415911)	(68.0, 0.9449285937295395)	(69.0, 0.7900258089336062)	(70.0, 0.7382299726035592)	(71.0, 0.6451444480941697)	(72.0, 0.7031656498451355)	(73.0, 1.0521166071853696)	(74.0, 1.1560828394500788)	(75.0, 1.085087092002244)	(76.0, 1.015527037915553)	(77.0, 0.7439976219232025)	(78.0, 0.5217693473610904)	(79.0, 0.4000403188183123)	(80.0, 0.42829575920061963)	(81.0, 0.5973422558216798)	(82.0, 0.8406610080068476)	(83.0, 0.9624319701675997)	(84.0, 0.6566307057226055)	(85.0, 0.36242941719207833)	(86.0, 0.4533372365239709)	(87.0, 0.410544334751154)	(88.0, 0.30587660280948986)	(89.0, 0.32689245280733775)	(90.0, 0.24483902352154716)	(91.0, 0.13152514814507565)	(92.0, 0.08008539219816367)	(93.0, 0.043949274593896366)	(94.0, 0.030612251860303225)	(95.0, 0.02679487114609439)	(96.0, 0.01936267041466975)	(97.0, 0.00867386226702748)	(98.0, 0.00318482274816045)	(99.0, 0.0023845303102160926)	(100.0, 0.0019673263483392382)
SRR20114178_2	(0.0, 0.0707072266484547)	(1.0, 0.04225389033324642)	(2.0, 0.027559882648094884)	(3.0, 0.04820669420124545)	(4.0, 0.05102921171286626)	(5.0, 0.04332930433351896)	(6.0, 0.036697703128930184)	(7.0, 0.03200867063732545)	(8.0, 0.02886345784736775)	(9.0, 0.026527115600906512)	(10.0, 0.024450919768258732)	(11.0, 0.02238467489133059)	(12.0, 0.021364701930067467)	(13.0, 0.020658184073973018)	(14.0, 0.020174851939019064)	(15.0, 0.020554409821468198)	(16.0, 0.02155092695853502)	(17.0, 0.023099011355490473)	(18.0, 0.025664225583503432)	(19.0, 0.030408699114117588)	(20.0, 0.037586892100735174)	(21.0, 0.04917406925370476)	(22.0, 0.06747814151743146)	(23.0, 0.09469542697575017)	(24.0, 0.13417157909811417)	(25.0, 0.18725779551474034)	(26.0, 0.258700682103897)	(27.0, 0.351260918295233)	(28.0, 0.466173133380535)	(29.0, 0.6063387417346295)	(30.0, 0.7701812276585052)	(31.0, 0.9614599200665316)	(32.0, 1.1735645412306621)	(33.0, 1.395479383169255)	(34.0, 1.614305874922002)	(35.0, 1.8328281517427492)	(36.0, 2.043017213930849)	(37.0, 2.216530607249112)	(38.0, 2.3516645859218257)	(39.0, 2.450373801965348)	(40.0, 2.5014719595857002)	(41.0, 2.5065099863100437)	(42.0, 2.483140166802469)	(43.0, 2.4461083958743792)	(44.0, 2.4076827803629888)	(45.0, 2.3974084185824602)	(46.0, 2.4351587906700183)	(47.0, 2.5127343091126786)	(48.0, 2.6002693126655965)	(49.0, 2.653441533770942)	(50.0, 2.6540904782403727)	(51.0, 2.623021462136002)	(52.0, 2.610815193380761)	(53.0, 2.609238677681749)	(54.0, 2.55493986623243)	(55.0, 2.4679294202024473)	(56.0, 2.3990091008882195)	(57.0, 2.335510630876093)	(58.0, 2.2511599331534597)	(59.0, 2.1575491603511505)	(60.0, 2.0450145129002912)	(61.0, 1.895455202346856)	(62.0, 1.7276422850908442)	(63.0, 1.5640514161901653)	(64.0, 1.4371454563324912)	(65.0, 1.3546783323710758)	(66.0, 1.3069819800417377)	(67.0, 1.2583935956103889)	(68.0, 1.1616411639308788)	(69.0, 1.0420228575727384)	(70.0, 0.9697185025312814)	(71.0, 0.9733370965004734)	(72.0, 1.008929532761972)	(73.0, 1.0305671751917784)	(74.0, 1.0418487158476448)	(75.0, 1.0477411031987744)	(76.0, 1.012992365825791)	(77.0, 0.9124137916720793)	(78.0, 0.7960999133954108)	(79.0, 0.7102011312758225)	(80.0, 0.6661411424794614)	(81.0, 0.6627350724931389)	(82.0, 0.6712907620643752)	(83.0, 0.6664816073215835)	(84.0, 0.6435745072549717)	(85.0, 0.5976124643510565)	(86.0, 0.5285386160057256)	(87.0, 0.4385833978652812)	(88.0, 0.3446698316960742)	(89.0, 0.2854083364728599)	(90.0, 0.251419425647326)	(91.0, 0.20486530087809224)	(92.0, 0.14794156946644196)	(93.0, 0.10099935742414222)	(94.0, 0.0681299291170679)	(95.0, 0.04456180127765154)	(96.0, 0.028421351100395162)	(97.0, 0.017888975253707435)	(98.0, 0.01083232608337974)	(99.0, 0.00659250816426162)	(100.0, 0.009509559755219)
SRR20114179_1	(0.0, 0.04742431892888372)	(1.0, 0.026309383881821486)	(2.0, 0.009747916002408784)	(3.0, 0.019189611635094462)	(4.0, 0.027022312470749637)	(5.0, 0.03076712002126632)	(6.0, 0.03221735590816854)	(7.0, 0.03226492412094106)	(8.0, 0.029989974345095267)	(9.0, 0.026552576369620995)	(10.0, 0.023474318400579258)	(11.0, 0.021305207898152316)	(12.0, 0.02045670990282248)	(13.0, 0.020896715870968297)	(14.0, 0.022186409039763263)	(15.0, 0.024750335708202124)	(16.0, 0.028715740845451372)	(17.0, 0.03467187568723061)	(18.0, 0.043793675089021086)	(19.0, 0.057218613938745715)	(20.0, 0.07778413612828534)	(21.0, 0.10885093589001853)	(22.0, 0.1540187377255058)	(23.0, 0.2146717766264275)	(24.0, 0.29849053514756674)	(25.0, 0.41426383520130633)	(26.0, 0.5637701333426789)	(27.0, 0.748909185069287)	(28.0, 0.9660580763758435)	(29.0, 1.2125946095332634)	(30.0, 1.487828450853685)	(31.0, 1.7846648014020874)	(32.0, 2.071389933723031)	(33.0, 2.325912575202297)	(34.0, 2.540083696389294)	(35.0, 2.7347910941150944)	(36.0, 2.928633344971095)	(37.0, 3.087468364239818)	(38.0, 3.204153784773471)	(39.0, 3.2824243058773552)	(40.0, 3.3235327553553677)	(41.0, 3.3201137900623428)	(42.0, 3.2595184276194074)	(43.0, 3.17931425866632)	(44.0, 3.117232389574244)	(45.0, 3.0481639392312037)	(46.0, 2.979048515278051)	(47.0, 2.9920732865378263)	(48.0, 2.8900692002737527)	(49.0, 2.6978085924924384)	(50.0, 2.619526773938021)	(51.0, 2.5954186091022478)	(52.0, 2.50844667267695)	(53.0, 2.295795950490695)	(54.0, 2.1167230350979027)	(55.0, 1.9700928300212885)	(56.0, 1.8047052894431501)	(57.0, 1.703600242400477)	(58.0, 1.633949676053633)	(59.0, 1.5377596145956807)	(60.0, 1.422727189455873)	(61.0, 1.388133801319717)	(62.0, 1.5613106367393554)	(63.0, 1.581299988951688)	(64.0, 1.2043766061741508)	(65.0, 0.86801761144104)	(66.0, 0.7414677327836858)	(67.0, 0.6835968397272969)	(68.0, 0.5771201522572867)	(69.0, 0.4669890368410278)	(70.0, 0.4096473401517332)	(71.0, 0.3334561445486676)	(72.0, 0.28298686539968293)	(73.0, 0.3433925495941876)	(74.0, 0.39950758099661077)	(75.0, 0.4407801408086883)	(76.0, 0.44902311747950646)	(77.0, 0.37307154674828247)	(78.0, 0.3248617577059925)	(79.0, 0.2870456231544983)	(80.0, 0.27355646721753074)	(81.0, 0.3089495959309247)	(82.0, 0.38887192322333486)	(83.0, 0.5051833386840635)	(84.0, 0.3991942253949718)	(85.0, 0.23082950929993346)	(86.0, 0.31985223029838644)	(87.0, 0.28582609309954277)	(88.0, 0.18731172984499297)	(89.0, 0.22754730261862954)	(90.0, 0.1710903746869038)	(91.0, 0.07849171329327657)	(92.0, 0.04801832698588057)	(93.0, 0.02397616304532935)	(94.0, 0.01373888905402326)	(95.0, 0.009905485707217757)	(96.0, 0.0061368940503148135)	(97.0, 0.0025056556077925223)	(98.0, 0.0008431465713929275)	(99.0, 0.000480438949002458)	(100.0, 0.00026697659418577186)
SRR20114179_2	(0.0, 0.04140369538207356)	(1.0, 0.023563363858094794)	(2.0, 0.010146996971364869)	(3.0, 0.01726184508505347)	(4.0, 0.02155441660513634)	(5.0, 0.02509192360575865)	(6.0, 0.02880184691397432)	(7.0, 0.032531390008916125)	(8.0, 0.035596238511135955)	(9.0, 0.037378071869264534)	(10.0, 0.03793634398247199)	(11.0, 0.037621238316870344)	(12.0, 0.0367288352903268)	(13.0, 0.035590887660210645)	(14.0, 0.03490181696882892)	(15.0, 0.03477636924157996)	(16.0, 0.03574844049301147)	(17.0, 0.0380374156110612)	(18.0, 0.04277351321895319)	(19.0, 0.050825354783562926)	(20.0, 0.0628612021315626)	(21.0, 0.08159393668208491)	(22.0, 0.1105818743004617)	(23.0, 0.15410985749988373)	(24.0, 0.2169044712643758)	(25.0, 0.30374402547024065)	(26.0, 0.41759586422505907)	(27.0, 0.5590937660939846)	(28.0, 0.7318388537497518)	(29.0, 0.9380992934457004)	(30.0, 1.1720384959002998)	(31.0, 1.4273162973060483)	(32.0, 1.6937589464369536)	(33.0, 1.959308598002324)	(34.0, 2.2159401646921757)	(35.0, 2.4587225401093393)	(36.0, 2.677906473867898)	(37.0, 2.8658372764496973)	(38.0, 3.0216207612112203)	(39.0, 3.1391486345517277)	(40.0, 3.2160397678094554)	(41.0, 3.251540880081919)	(42.0, 3.24371971964609)	(43.0, 3.2029616936090037)	(44.0, 3.143909108258279)	(45.0, 3.071982970120248)	(46.0, 2.995751775143308)	(47.0, 2.923336331415107)	(48.0, 2.849868553671594)	(49.0, 2.7737265395434094)	(50.0, 2.6887496759985448)	(51.0, 2.5924908405471574)	(52.0, 2.4930203054626)	(53.0, 2.398225225008781)	(54.0, 2.3046340860131567)	(55.0, 2.202589791633525)	(56.0, 2.100959296392117)	(57.0, 2.0053324558889076)	(58.0, 1.9127306297754747)	(59.0, 1.8179646817322492)	(60.0, 1.7230833931246334)	(61.0, 1.6437980513473245)	(62.0, 1.5437734059225015)	(63.0, 1.3729855406274147)	(64.0, 1.1831652931299885)	(65.0, 1.0403332457636854)	(66.0, 0.9540168858705175)	(67.0, 0.9091369210039668)	(68.0, 0.8457019887454126)	(69.0, 0.7096476858845034)	(70.0, 0.5624255626034784)	(71.0, 0.47548077499608243)	(72.0, 0.4311049791944944)	(73.0, 0.40149396471281473)	(74.0, 0.38340689950727996)	(75.0, 0.3834907295051098)	(76.0, 0.3875764014560807)	(77.0, 0.38509955201665336)	(78.0, 0.38427254827919693)	(79.0, 0.37791633191891916)	(80.0, 0.36820037571653763)	(81.0, 0.3692378462570563)	(82.0, 0.37631583295325943)	(83.0, 0.3824128303131555)	(84.0, 0.3907524287497487)	(85.0, 0.3917173655332797)	(86.0, 0.36411589284355017)	(87.0, 0.3002814303825727)	(88.0, 0.22185400837028854)	(89.0, 0.16901138278788336)	(90.0, 0.14407225570299192)	(91.0, 0.11903621876245317)	(92.0, 0.08733718334191878)	(93.0, 0.058382539907077244)	(94.0, 0.03760934753703632)	(95.0, 0.02421676220997444)	(96.0, 0.015263004994953939)	(97.0, 0.009493004080493517)	(98.0, 0.005939444527095273)	(99.0, 0.004017299966925202)	(100.0, 0.00699772393232346)
SRR20114180_1	(0.0, 0.09355656016730488)	(1.0, 0.05543923538785618)	(2.0, 0.02750359647137547)	(3.0, 0.045596906360317026)	(4.0, 0.05612775705973784)	(5.0, 0.0572551867774415)	(6.0, 0.053768442413425384)	(7.0, 0.04856088426975631)	(8.0, 0.04170067795355078)	(9.0, 0.03506017086028184)	(10.0, 0.029222448650823636)	(11.0, 0.024783347387381468)	(12.0, 0.022582922357657093)	(13.0, 0.02186644788285716)	(14.0, 0.021952267891816767)	(15.0, 0.02287765278842695)	(16.0, 0.02493439060315038)	(17.0, 0.028300006154520642)	(18.0, 0.03369931071820804)	(19.0, 0.042326918818930324)	(20.0, 0.05612628585958424)	(21.0, 0.07768034890982843)	(22.0, 0.10899974817957371)	(23.0, 0.15250558872158346)	(24.0, 0.21494283284003174)	(25.0, 0.30384451572136745)	(26.0, 0.41929547657444777)	(27.0, 0.5640517636870042)	(28.0, 0.7414392702062598)	(29.0, 0.949469423924608)	(30.0, 1.1874468375694498)	(31.0, 1.4507691066602946)	(32.0, 1.7150304918491832)	(33.0, 1.9535723559529539)	(34.0, 2.155018398583921)	(35.0, 2.3414552572479286)	(36.0, 2.523813458686125)	(37.0, 2.666888654423176)	(38.0, 2.7688320362660646)	(39.0, 2.8336158446294943)	(40.0, 2.856051646971792)	(41.0, 2.8427147271794175)	(42.0, 2.79158218504118)	(43.0, 2.7322697700489638)	(44.0, 2.697951084066093)	(45.0, 2.6513753392035855)	(46.0, 2.599798494618963)	(47.0, 2.701964518085096)	(48.0, 2.617307738046928)	(49.0, 2.35673170924279)	(50.0, 2.2877490956410056)	(51.0, 2.292321585718373)	(52.0, 2.2821761894591943)	(53.0, 2.160878188795683)	(54.0, 2.044031549396894)	(55.0, 1.9084962544470092)	(56.0, 1.7112161602509672)	(57.0, 1.6648208826073003)	(58.0, 1.7452352118025563)	(59.0, 1.6530601085794752)	(60.0, 1.4491316608893454)	(61.0, 1.437947106921678)	(62.0, 1.6695674647028431)	(63.0, 1.7668500844591488)	(64.0, 1.4245425119222384)	(65.0, 1.0521851858481333)	(66.0, 0.9649910759450684)	(67.0, 0.9488917326642969)	(68.0, 0.7991117874272705)	(69.0, 0.7312644499440085)	(70.0, 0.7095068708725174)	(71.0, 0.5615266938233868)	(72.0, 0.5222701697250057)	(73.0, 0.7963111127348802)	(74.0, 1.0018416973922732)	(75.0, 1.169286342873494)	(76.0, 1.1814458121429428)	(77.0, 0.861167500305887)	(78.0, 0.61474147457901)	(79.0, 0.4948435660616683)	(80.0, 0.5188349173663653)	(81.0, 0.6633901404579307)	(82.0, 0.8844776859394703)	(83.0, 1.0582735024837535)	(84.0, 0.8081998811760676)	(85.0, 0.5314994986885477)	(86.0, 0.6704666131967144)	(87.0, 0.57513333364392)	(88.0, 0.38422696891329555)	(89.0, 0.40942568514404154)	(90.0, 0.31966089817259774)	(91.0, 0.18442278565373882)	(92.0, 0.11717814983339885)	(93.0, 0.0596027318225252)	(94.0, 0.034497682001558)	(95.0, 0.02465976657447963)	(96.0, 0.015411312008940973)	(97.0, 0.006901890320557349)	(98.0, 0.002896302702374002)	(99.0, 0.002198463429519582)	(100.0, 0.0015722225641400355)
SRR20114180_2	(0.0, 0.07978026339137395)	(1.0, 0.0464283239470181)	(2.0, 0.022693420997739317)	(3.0, 0.03660681571286762)	(4.0, 0.04173037734734782)	(5.0, 0.042554638722365645)	(6.0, 0.04246833889963921)	(7.0, 0.042404594712398096)	(8.0, 0.0424315634070001)	(9.0, 0.0421054873722667)	(10.0, 0.04069281811502319)	(11.0, 0.03877804079828042)	(12.0, 0.036655359363151244)	(13.0, 0.03469890315475082)	(14.0, 0.033240141946732964)	(15.0, 0.03185934478311001)	(16.0, 0.031583773758267646)	(17.0, 0.03295231242434423)	(18.0, 0.03549717651497034)	(19.0, 0.04009558411456411)	(20.0, 0.04837497335738143)	(21.0, 0.06162886090451511)	(22.0, 0.08230355252631846)	(23.0, 0.11316554594905592)	(24.0, 0.15896280244238697)	(25.0, 0.22422066896052906)	(26.0, 0.3110564331996909)	(27.0, 0.42092199160926436)	(28.0, 0.5580538809412745)	(29.0, 0.7277987674855454)	(30.0, 0.9239361992471478)	(31.0, 1.1421423589715267)	(32.0, 1.3789981065230486)	(33.0, 1.6214324511379719)	(34.0, 1.8603530200162044)	(35.0, 2.0909441849816304)	(36.0, 2.301029335251491)	(37.0, 2.4825007005486177)	(38.0, 2.6336425815564217)	(39.0, 2.749858041695014)	(40.0, 2.823149637165144)	(41.0, 2.8501600106588127)	(42.0, 2.8411583507405633)	(43.0, 2.8014962270992387)	(44.0, 2.7442421787990714)	(45.0, 2.6767537560673924)	(46.0, 2.6085680699952754)	(47.0, 2.545189185981041)	(48.0, 2.475397146390448)	(49.0, 2.411421518715656)	(50.0, 2.3473630235974507)	(51.0, 2.278813505318158)	(52.0, 2.2226548763587344)	(53.0, 2.176716892313571)	(54.0, 2.126624748619894)	(55.0, 2.074582032796639)	(56.0, 2.029447715850616)	(57.0, 1.9775025776678299)	(58.0, 1.9127458385293834)	(59.0, 1.8438447465404608)	(60.0, 1.770801753400571)	(61.0, 1.6961484840229901)	(62.0, 1.5959082978868253)	(63.0, 1.4404994790530816)	(64.0, 1.2771035135580258)	(65.0, 1.1644636119837581)	(66.0, 1.1157444200152749)	(67.0, 1.0957233514826437)	(68.0, 1.0352992557169858)	(69.0, 0.9187812558589489)	(70.0, 0.8323235436841171)	(71.0, 0.8263105054676723)	(72.0, 0.8495987087663615)	(73.0, 0.8661153180204366)	(74.0, 0.8861628649077677)	(75.0, 0.9244265391490026)	(76.0, 0.9542132171669725)	(77.0, 0.9417443638027083)	(78.0, 0.9049124820748895)	(79.0, 0.8398056402465185)	(80.0, 0.7765326696510845)	(81.0, 0.7645664146862214)	(82.0, 0.7770362487302893)	(83.0, 0.7815277622312787)	(84.0, 0.7725236506135201)	(85.0, 0.7403470559139101)	(86.0, 0.6701244978894888)	(87.0, 0.5641193855272177)	(88.0, 0.4400781005550236)	(89.0, 0.34865912925322545)	(90.0, 0.29497181339914974)	(91.0, 0.23401030510105894)	(92.0, 0.16259769213483619)	(93.0, 0.1046120567011018)	(94.0, 0.06649744579003083)	(95.0, 0.04228397109654183)	(96.0, 0.026333214089207066)	(97.0, 0.016313118194805413)	(98.0, 0.010173572283682188)	(99.0, 0.006437182231549053)	(100.0, 0.009754331667596384)
