Sample	0	1	2	3	4	5	6	7	8	9	10	11	12	13	14	15	16	17	18	19	20	21	22	23	24	25	26	27	28	29	30	31	32	33	34	35	36	37	38	39	40	41	42	43	44	45	46	47	48	49	50	51	52	53	54
SRR20114171_1	(1, 0.0461374983382955)	(2, 0.02752546623575965)	(3, 0.026773262800586645)	(4, 0.03962546484318271)	(5, 0.02935476848655598)	(6, 0.026773262800586645)	(7, 0.027099335338212502)	(8, 0.026773262800586645)	(9, 0.026775617114937734)	(10, 0.027614930181101043)	(12, 0.02677914858646437)	(14, 0.0277879722859061)	(16, 0.026773262800586645)	(18, 0.026773262800586645)	(20, 0.026773262800586645)	(22, 0.026906870140010957)	(24, 0.02749780304213435)	(26, 0.02874500106962387)	(28, 0.03045187897416355)	(30, 0.03246717205869593)	(32, 0.03446716209994623)	(34, 0.03675320133485386)	(36, 2.119714378850498e-05)	(38, 0.0035041062549121004)	(40, 4.239667234642717e-05)	(42, 0.005797424593790446)	(44, 2.3556280612638084e-06)	(46, 9.246516941606743e-05)	(48, 0.00033042667218704993)	(50, 0.006046581568497278)	(52, 0.0017773242887694001)	(54, 0.00046190221678539225)	(56, 0.011526445355380485)	(58, 0.0001785574443076532)	(60, 1.768119205276624e-05)	(62, 2.357793918566903e-06)	(64, 0.0034699718154103743)	(66, 0.00011851338997003727)	(68, 0.0004994893944602203)	(70, 0.0)	(72, 0.0)	(74, 0.0)	(76, 0.0026147937854981125)	(78, 9.092729354414799e-05)	(80, 8.269194898190263e-06)	(82, 0.0022271465001899578)	(84, 0.0002624985398518721)	(86, 0.0009080798830123348)	(88, 1.4208794553518025e-05)	(90, 0.004495865723477059)	(92, 0.0041105315710477765)	(94, 0.0)	(96, 0.0009244463344765296)	(98, 5.3823434123297656e-05)	(100, 0.0004360584645006438)
SRR20114171_2	(1, 0.22262985082487463)	(2, 0.03904630351281477)	(3, 0.03892152485220703)	(4, 0.033231147065624383)	(5, 0.03342184652806261)	(6, 0.03486739553963139)	(7, 0.024161151028053152)	(8, 0.023677339428904317)	(9, 0.02297928522380636)	(10, 0.022148212257871863)	(12, 0.02106817054930968)	(14, 0.020634976708709268)	(16, 0.020799778713285512)	(18, 0.020430739938752277)	(20, 0.020340098836235342)	(22, 0.02045663739661426)	(24, 0.0209828266540827)	(26, 0.02211642901413216)	(28, 0.024218243151067066)	(30, 0.025743250271985107)	(32, 0.02762729033144426)	(34, 0.02983563719276595)	(36, 7.065231860950396e-06)	(38, 7.065438067846682e-06)	(40, 1.059845719436228e-05)	(42, 0.0)	(44, 0.0)	(46, 4.1223874406401975e-06)	(48, 1.1779184301381645e-06)	(50, 0.0)	(52, 0.0)	(54, 0.0)	(56, 0.0)	(58, 0.0)	(60, 0.0)	(62, 0.0)	(64, 0.0)	(66, 0.0)	(68, 0.0)	(70, 0.0)	(72, 0.0)	(74, 0.0)	(76, 1.4755993010806204e-05)	(78, 0.0)	(80, 0.0)	(82, 0.0)	(84, 0.0)	(86, 0.0)	(88, 0.0)	(90, 0.0)	(92, 0.0)	(94, 0.0)	(96, 0.0)	(98, 0.0)	(100, 0.0)
SRR20114172_1	(1, 0.653741825519863)	(2, 0.6352979553925409)	(3, 0.6346226181229689)	(4, 0.647346586224675)	(5, 0.6372301703582604)	(6, 0.6346226181229689)	(7, 0.6349091248433933)	(8, 0.6346226181229689)	(9, 0.6346277343144051)	(10, 0.6354096589055634)	(12, 0.6346281606636914)	(14, 0.6356198491037319)	(16, 0.6346226181229689)	(18, 0.6346226181229689)	(20, 0.6346226181229689)	(22, 0.6359229834463238)	(24, 0.6423881440244725)	(26, 0.6581651993657014)	(28, 0.6809829868216458)	(30, 0.7040322819400762)	(32, 0.725558657407679)	(34, 0.7465034924487062)	(36, 3.0505993067757984e-05)	(38, 0.0035133914731789694)	(40, 4.556767326086784e-05)	(42, 0.0056579208819123525)	(44, 2.1524090452958254e-06)	(46, 0.0001038445318263863)	(48, 0.00034117036306280374)	(50, 0.00588572486283381)	(52, 0.0017222144740342516)	(54, 0.0004704312778928529)	(56, 0.011269757370578188)	(58, 0.00017272071955798946)	(60, 7.388386288599696e-06)	(62, 3.917147098592429e-06)	(64, 0.0033526493649096187)	(66, 0.00011829151520933157)	(68, 0.0004703838790596533)	(70, 0.0)	(72, 0.0)	(74, 0.0)	(76, 0.0025491685020988127)	(78, 8.915073666577727e-05)	(80, 1.6365914820668146e-05)	(82, 0.0022137636807182176)	(84, 0.00026920535789206446)	(86, 0.0009221522950856709)	(88, 9.375078934816388e-06)	(90, 0.004437741925596164)	(92, 0.004056701751673399)	(94, 0.0)	(96, 0.00092988735331027)	(98, 5.899402618259151e-05)	(100, 0.0003600277934930393)
SRR20114172_2	(1, 0.7541377027700152)	(2, 0.57125347099481)	(3, 0.5710300639687648)	(4, 0.5656393035922076)	(5, 0.5658669741111163)	(6, 0.5674078004319703)	(7, 0.5570338695966026)	(8, 0.5565546529987498)	(9, 0.5558912535091957)	(10, 0.5550931276451563)	(12, 0.5540327969700141)	(14, 0.5536060213343819)	(16, 0.5537497010438804)	(18, 0.553406489868372)	(20, 0.5533143984225213)	(22, 0.5544224802177342)	(24, 0.5600042450745744)	(26, 0.5747103110085022)	(28, 0.5980090204594449)	(30, 0.6190728069513625)	(32, 0.6387211138126118)	(34, 0.6582479111272524)	(36, 1.2019718399547537e-05)	(38, 8.158311116928226e-06)	(40, 1.0307924948307688e-05)	(42, 0.0)	(44, 0.0)	(46, 3.013544824942363e-06)	(48, 1.292801372975743e-06)	(50, 0.0)	(52, 0.0)	(54, 0.0)	(56, 0.0)	(58, 0.0)	(60, 0.0)	(62, 0.0)	(64, 0.0)	(66, 0.0)	(68, 0.0)	(70, 0.0)	(72, 0.0)	(74, 0.0)	(76, 1.5409542063059343e-05)	(78, 0.0)	(80, 0.0)	(82, 8.868153529961197e-07)	(84, 0.0)	(86, 0.0)	(88, 0.0)	(90, 0.0)	(92, 0.0)	(94, 0.0)	(96, 0.0)	(98, 0.0)	(100, 0.0)
SRR20114173_1	(1, 0.11801989421003135)	(2, 0.0995287345978422)	(3, 0.09884805819338263)	(4, 0.11170179978752348)	(5, 0.10143726553334868)	(6, 0.09884805819338263)	(7, 0.09912823976422555)	(8, 0.09884805819338263)	(9, 0.09885300257404456)	(10, 0.09964781176545046)	(12, 0.0988534146057664)	(14, 0.09984805918225877)	(16, 0.09884805819338263)	(18, 0.09884805819338263)	(20, 0.09884805819338263)	(22, 0.099282751659911)	(24, 0.10143932569195785)	(26, 0.10758560288646352)	(28, 0.1171126003585665)	(30, 0.12596592596548098)	(32, 0.13461653196525616)	(34, 0.1445947041727606)	(36, 2.3936075293846688e-05)	(38, 0.003537414085416572)	(40, 4.045874302661568e-05)	(42, 0.005782899766322445)	(44, 4.13242016434916e-06)	(46, 9.345721116999265e-05)	(48, 0.00034968445860778235)	(50, 0.005973885571729427)	(52, 0.001724758153031478)	(54, 0.0004650492775507182)	(56, 0.011490400584588662)	(58, 0.00016709698088052653)	(60, 9.569776747718446e-06)	(62, 2.498863881124514e-06)	(64, 0.003415838776678497)	(66, 8.804271191464537e-05)	(68, 0.0004974423693593544)	(70, 0.0)	(72, 0.0)	(74, 0.0)	(76, 0.002539165633612603)	(78, 9.78645037048876e-05)	(80, 1.1774845558076816e-05)	(82, 0.0022099697803789377)	(84, 0.00028241230062202657)	(86, 0.0009327007967548022)	(88, 1.098880319566569e-05)	(90, 0.0044830187251120234)	(92, 0.004099050914928011)	(94, 0.0)	(96, 0.0009450870359570479)	(98, 5.866929995191662e-05)	(100, 0.00039137857854475307)
SRR20114173_2	(1, 0.29028953304280153)	(2, 0.10681922388386376)	(3, 0.10648712631607052)	(4, 0.10103182631907011)	(5, 0.101190046500252)	(6, 0.10271868418823324)	(7, 0.09233383667128471)	(8, 0.09185340768363348)	(9, 0.09118097191361046)	(10, 0.09038245443670814)	(12, 0.08934125027564922)	(14, 0.08892386214143763)	(16, 0.08905241603864791)	(18, 0.08872608691496028)	(20, 0.08864780088781299)	(22, 0.08905571229242254)	(24, 0.09115254172480435)	(26, 0.09719993130607134)	(28, 0.10714184472205494)	(30, 0.1155666573382685)	(32, 0.124142273564671)	(34, 0.1340471041256901)	(36, 8.665611924146102e-06)	(38, 1.0318127559651437e-05)	(40, 9.90728420811137e-06)	(42, 0.0)	(44, 0.0)	(46, 6.20236393260207e-06)	(48, 1.2413815688031576e-06)	(50, 0.0)	(52, 0.0)	(54, 0.0)	(56, 0.0)	(58, 0.0)	(60, 0.0)	(62, 0.0)	(64, 0.0)	(66, 0.0)	(68, 0.0)	(70, 0.0)	(72, 0.0)	(74, 0.0)	(76, 1.7204319123335037e-05)	(78, 0.0)	(80, 0.0)	(82, 0.0)	(84, 0.0)	(86, 0.0)	(88, 0.0)	(90, 0.0)	(92, 0.0)	(94, 0.0)	(96, 0.0)	(98, 0.0)	(100, 0.0)
SRR20114174_1	(1, 0.36214671451801317)	(2, 0.3441249282563439)	(3, 0.34340601377535274)	(4, 0.35589936126826627)	(5, 0.3460492815740819)	(6, 0.34340601377535274)	(7, 0.34375391945991557)	(8, 0.34340601377535274)	(9, 0.34340873178851344)	(10, 0.34421734070380583)	(12, 0.3434141678148347)	(14, 0.34437362646054304)	(16, 0.34340601377535274)	(18, 0.34340601377535274)	(20, 0.34340601377535274)	(22, 0.3447188141319452)	(24, 0.35138134389198095)	(26, 0.3664194312065501)	(28, 0.3871007933459124)	(30, 0.41198488333492495)	(32, 0.43713669762026125)	(34, 0.4616484198062652)	(36, 2.1168628475001077e-05)	(38, 0.0033668914526081236)	(40, 3.34817428668428e-05)	(42, 0.005779211535946385)	(44, 1.3696654441489467e-06)	(46, 0.00011111014480340459)	(48, 0.00033312456840192033)	(50, 0.005996879517758437)	(52, 0.0017622182798195131)	(54, 0.0004408825823498806)	(56, 0.011426087554877118)	(58, 0.00019805289078622632)	(60, 1.2488628410019987e-05)	(62, 2.7806259111068377e-06)	(64, 0.003431978940145695)	(66, 9.144307084930251e-05)	(68, 0.0004728903008317532)	(70, 0.0)	(72, 0.0)	(74, 0.0)	(76, 0.002616685727474908)	(78, 8.715721501349778e-05)	(80, 1.634841793800731e-05)	(82, 0.002268284117011116)	(84, 0.0002482320548218848)	(86, 0.000894448918643202)	(88, 8.647798141596827e-06)	(90, 0.004530579534063217)	(92, 0.004161786895807408)	(94, 0.0)	(96, 0.0009292442411007109)	(98, 5.2070190646746214e-05)	(100, 0.0003943773281766931)
SRR20114174_2	(1, 0.44503252585194053)	(2, 0.26358883929979576)	(3, 0.2634624516878257)	(4, 0.2578687806032144)	(5, 0.2581256328468955)	(6, 0.25931612261125886)	(7, 0.24888710611385667)	(8, 0.24842912089628766)	(9, 0.2477061293955556)	(10, 0.24689344346052214)	(12, 0.24579128912387985)	(14, 0.24532243185366825)	(16, 0.24550725674859225)	(18, 0.2451389659653246)	(20, 0.24506965662972807)	(22, 0.2460644494465249)	(24, 0.25113354399113136)	(26, 0.264291445701823)	(28, 0.2845236561663884)	(30, 0.305824045803088)	(32, 0.32744651999932434)	(34, 0.34932584643924175)	(36, 1.0231141400867524e-05)	(38, 6.1406129963808856e-06)	(40, 8.872671102142251e-06)	(42, 0.0)	(44, 0.0)	(46, 4.110446575974367e-06)	(48, 6.860655826556035e-07)	(50, 0.0)	(52, 0.0)	(54, 0.0)	(56, 0.0)	(58, 0.0)	(60, 0.0)	(62, 0.0)	(64, 0.0)	(66, 0.0)	(68, 0.0)	(70, 0.0)	(72, 0.0)	(74, 0.0)	(76, 1.7653781258817844e-05)	(78, 0.0)	(80, 0.0)	(82, 2.1393936326610783e-06)	(84, 0.0)	(86, 0.0)	(88, 0.0)	(90, 0.0)	(92, 0.0)	(94, 0.0)	(96, 0.0)	(98, 0.0)	(100, 0.0)
SRR20114175_1	(1, 0.5467073259899957)	(2, 0.5282727360051759)	(3, 0.5275545898596982)	(4, 0.5400797885131285)	(5, 0.5300778764978918)	(6, 0.5275545898596982)	(7, 0.5278230800701672)	(8, 0.5275545898596982)	(9, 0.5275637133134521)	(10, 0.5283568021147644)	(12, 0.5275604549371113)	(14, 0.5285366644887679)	(16, 0.5275545898596982)	(18, 0.5275545898596982)	(20, 0.5275545898596982)	(22, 0.5289589500625153)	(24, 0.5358797414100401)	(26, 0.5511582680713136)	(28, 0.5717929137613353)	(30, 0.594262025331139)	(32, 0.6150159275952283)	(34, 0.6346854422131518)	(36, 1.8368016795714556e-05)	(38, 0.003410178560807795)	(40, 3.675670830602233e-05)	(42, 0.005714815066475637)	(44, 2.6312175877161607e-06)	(46, 9.486421541354958e-05)	(48, 0.00033710859778656214)	(50, 0.0059654911171663555)	(52, 0.0017058614132646262)	(54, 0.00044132964378216957)	(56, 0.01117043337671071)	(58, 0.0001628726761999656)	(60, 1.3316977510334991e-05)	(62, 3.334387066334036e-06)	(64, 0.0033709603845430243)	(66, 0.00010837393486986077)	(68, 0.0005051981573774942)	(70, 0.0)	(72, 0.0)	(74, 0.0)	(76, 0.002552171539893435)	(78, 8.930247118407141e-05)	(80, 1.2883803243384902e-05)	(82, 0.002202800857552209)	(84, 0.0002629507054282801)	(86, 0.0009109744670655962)	(88, 8.90166632551601e-06)	(90, 0.004471561050253233)	(92, 0.004091140245968168)	(94, 0.0)	(96, 0.0009581289530147507)	(98, 6.594028670710392e-05)	(100, 0.00039391967949359557)
SRR20114175_2	(1, 0.6671160619315681)	(2, 0.4844345407181696)	(3, 0.48425598169470235)	(4, 0.4786789447500584)	(5, 0.47897480532178877)	(6, 0.48045671488151304)	(7, 0.470022090488239)	(8, 0.4695893781102017)	(9, 0.46888817552169537)	(10, 0.4680840082408248)	(12, 0.4670250359301159)	(14, 0.4665916718768104)	(16, 0.4667565457196469)	(18, 0.46639095589422686)	(20, 0.4663244850168778)	(22, 0.46750271390165415)	(24, 0.47346423925449393)	(26, 0.48788385791237393)	(28, 0.5091623587673068)	(30, 0.5300967750806677)	(32, 0.5492964318302704)	(34, 0.5680314441136975)	(36, 6.5555622116363875e-06)	(38, 1.049179213330934e-05)	(40, 9.838890141707566e-06)	(42, 0.0)	(44, 0.0)	(46, 5.925047906974852e-06)	(48, 1.3185323592991976e-06)	(50, 0.0)	(52, 0.0)	(54, 0.0)	(56, 0.0)	(58, 0.0)	(60, 0.0)	(62, 0.0)	(64, 0.0)	(66, 0.0)	(68, 0.0)	(70, 0.0)	(72, 0.0)	(74, 0.0)	(76, 1.6875491878399526e-05)	(78, 0.0)	(80, 0.0)	(82, 6.80029537218955e-07)	(84, 0.0)	(86, 0.0)	(88, 0.0)	(90, 0.0)	(92, 0.0)	(94, 0.0)	(96, 0.0)	(98, 0.0)	(100, 0.0)
SRR20114176_1	(1, 0.36534377380472133)	(2, 0.3470234445845819)	(3, 0.34631256576871333)	(4, 0.3589435260447466)	(5, 0.34893276219365)	(6, 0.34631256576871333)	(7, 0.3466188984163409)	(8, 0.34631256576871333)	(9, 0.3463172426030282)	(10, 0.3471117198322761)	(12, 0.3463178272073176)	(14, 0.3472835934933496)	(16, 0.34631256576871333)	(18, 0.34631256576871333)	(20, 0.34631256576871333)	(22, 0.34738005320109494)	(24, 0.35250410979738445)	(26, 0.36469252462636803)	(28, 0.38110996688462234)	(30, 0.39720938440946185)	(32, 0.41188938271972153)	(34, 0.42743985681684676)	(36, 3.1710838494468045e-05)	(38, 0.003397963819080377)	(40, 4.171546323185851e-05)	(42, 0.0056964992597580075)	(44, 5.889798096366603e-07)	(46, 9.43484845009322e-05)	(48, 0.00032174243707947344)	(50, 0.00593437057816616)	(52, 0.0017008874892398447)	(54, 0.0004835498303255645)	(56, 0.011201172983701326)	(58, 0.0001831088212097944)	(60, 1.4887809457858514e-05)	(62, 4.1751940780812705e-06)	(64, 0.003381922375723224)	(66, 9.633914250384234e-05)	(68, 0.0004782715854649717)	(70, 0.0)	(72, 0.0)	(74, 0.0)	(76, 0.0025104588976444632)	(78, 9.616213356655454e-05)	(80, 1.636394231977004e-05)	(82, 0.002211587641990743)	(84, 0.00029199870620239926)	(86, 0.0009470889499420646)	(88, 1.3435745060768196e-05)	(90, 0.004494810476903799)	(92, 0.004111373595070293)	(94, 0.0)	(96, 0.0009076409680804715)	(98, 6.549737141270663e-05)	(100, 0.0003512382329692206)
SRR20114176_2	(1, 0.5114258628399779)	(2, 0.32824010876726495)	(3, 0.32798989813141644)	(4, 0.3223098828559402)	(5, 0.32261504629498905)	(6, 0.3238555765970229)	(7, 0.3134016826945871)	(8, 0.31288723091994536)	(9, 0.3122079207357025)	(10, 0.3114222125707951)	(12, 0.310398570460116)	(14, 0.3099987011261899)	(16, 0.31014894442855684)	(18, 0.3098186430050653)	(20, 0.3097315369659498)	(22, 0.310604935774262)	(24, 0.3150385747048108)	(26, 0.3266137396342498)	(28, 0.3434708043181071)	(30, 0.3585378106679269)	(32, 0.3722514580878653)	(34, 0.3873161260205276)	(36, 1.1739992507536781e-05)	(38, 9.394198990529909e-06)	(40, 7.63498920803085e-06)	(42, 0.0)	(44, 0.0)	(46, 4.715597843700932e-06)	(48, 5.90129077339738e-07)	(50, 0.0)	(52, 0.0)	(54, 0.0)	(56, 0.0)	(58, 0.0)	(60, 0.0)	(62, 0.0)	(64, 0.0)	(66, 0.0)	(68, 0.0)	(70, 0.0)	(72, 0.0)	(74, 0.0)	(76, 1.3282871864126025e-05)	(78, 0.0)	(80, 0.0)	(82, 1.2156976915797325e-06)	(84, 0.0)	(86, 0.0)	(88, 0.0)	(90, 0.0)	(92, 0.0)	(94, 0.0)	(96, 0.0)	(98, 0.0)	(100, 0.0)
SRR20114177_1	(1, 0.7278987660197199)	(2, 0.7095650845280891)	(3, 0.7088820912804096)	(4, 0.7212233569021289)	(5, 0.711464691690564)	(6, 0.7088820912804096)	(7, 0.709162293638432)	(8, 0.7088820912804096)	(9, 0.7088841515918656)	(10, 0.7096969444612761)	(12, 0.7088887872926417)	(14, 0.7098803121808642)	(16, 0.7088820912804096)	(18, 0.7088820912804096)	(20, 0.7088820912804096)	(22, 0.7110139985595539)	(24, 0.7222375452163678)	(26, 0.7456818292747224)	(28, 0.7794905101127194)	(30, 0.8231655074358598)	(32, 0.8668162960993917)	(34, 0.9057046748322716)	(36, 2.8599945614343422e-05)	(38, 0.0036039633775728857)	(40, 3.798781282274355e-05)	(42, 0.005731479453403796)	(44, 1.5635411799873295e-06)	(46, 0.00011008960077821974)	(48, 0.00034108669531641685)	(50, 0.0059692726174596766)	(52, 0.0017101565158701686)	(54, 0.00048284062785030295)	(56, 0.011417481600570918)	(58, 0.00017400610943335695)	(60, 1.631956994500821e-05)	(62, 4.744317001429716e-06)	(64, 0.003401512761041163)	(66, 0.00010730357671946462)	(68, 0.0004891109012439514)	(70, 0.0)	(72, 0.0)	(74, 0.0)	(76, 0.0025323647755712236)	(78, 9.985345890833129e-05)	(80, 1.4446184644925623e-05)	(82, 0.002212015498776631)	(84, 0.0003067373582213329)	(86, 0.0009308342205733949)	(88, 1.0254213723568268e-05)	(90, 0.004489436190508619)	(92, 0.00411115215810004)	(94, 0.0)	(96, 0.0009231567998668903)	(98, 5.478293570430633e-05)	(100, 0.0003885517482932171)
SRR20114177_2	(1, 0.7386793457134838)	(2, 0.5556999948347993)	(3, 0.5555907983276287)	(4, 0.5500671033139677)	(5, 0.5503308231803417)	(6, 0.5517967347813189)	(7, 0.5412747241752888)	(8, 0.5408235159664145)	(9, 0.5401137386698065)	(10, 0.5393153679805884)	(12, 0.5382434909455802)	(14, 0.5377814661015617)	(16, 0.5379189918912528)	(18, 0.537576465111685)	(20, 0.537485811407619)	(22, 0.5393189735256365)	(24, 0.5491816844657317)	(26, 0.5708401935695577)	(28, 0.6068461965754286)	(30, 0.647078413455515)	(32, 0.6868223365205184)	(34, 0.7225532879470069)	(36, 1.0899557165525107e-05)	(38, 1.2461392981964661e-05)	(40, 1.4023881517149003e-05)	(42, 0.0)	(44, 0.0)	(46, 6.249246184678973e-06)	(48, 2.606782572978651e-06)	(50, 0.0)	(52, 0.0)	(54, 0.0)	(56, 0.0)	(58, 0.0)	(60, 0.0)	(62, 0.0)	(64, 0.0)	(66, 0.0)	(68, 0.0)	(70, 0.0)	(72, 0.0)	(74, 0.0)	(76, 2.0753684859318436e-05)	(78, 0.0)	(80, 0.0)	(82, 5.354912402254508e-07)	(84, 0.0)	(86, 0.0)	(88, 0.0)	(90, 0.0)	(92, 0.0)	(94, 0.0)	(96, 0.0)	(98, 0.0)	(100, 0.0)
SRR20114178_1	(1, 0.1073401791122726)	(2, 0.08915521010753563)	(3, 0.08836854648893971)	(4, 0.10115003916266549)	(5, 0.09081881021899253)	(6, 0.08836854648893971)	(7, 0.08866229155599284)	(8, 0.08836854648893971)	(9, 0.08837284519723806)	(10, 0.08916810623243064)	(12, 0.08838144261383474)	(14, 0.08936154810585586)	(16, 0.08836854648893971)	(18, 0.08836854648893971)	(20, 0.08836854648893971)	(22, 0.08871459250695596)	(24, 0.09021555815445907)	(26, 0.09333427102490348)	(28, 0.09681120958687607)	(30, 0.10134634684162294)	(32, 0.10598465309552994)	(34, 0.11061866064113858)	(36, 1.6497507323476616e-05)	(38, 0.003433851597685356)	(40, 3.945548135812797e-05)	(42, 0.005731642517205098)	(44, 2.152646749857518e-06)	(46, 9.61769739003254e-05)	(48, 0.0003122969127791767)	(50, 0.005938939643044736)	(52, 0.001657228116803765)	(54, 0.0004570077470932924)	(56, 0.011419535281914665)	(58, 0.00016394291570951208)	(60, 1.58245239826739e-05)	(62, 5.036863037670648e-06)	(64, 0.003360866500919106)	(66, 0.00010369689363425076)	(68, 0.0004473874066741584)	(70, 0.0)	(72, 0.0)	(74, 0.0)	(76, 0.002472818293968942)	(78, 0.00010981822151037537)	(80, 1.2291669132532153e-05)	(82, 0.0021275979237075806)	(84, 0.00028178587805370597)	(86, 0.0008746129302935162)	(88, 1.8155323556986926e-05)	(90, 0.0043592543485617)	(92, 0.003999009365137695)	(94, 0.0)	(96, 0.0008617689168554724)	(98, 4.911372606975556e-05)	(100, 0.0004335801292473584)
SRR20114178_2	(1, 0.27028128425801845)	(2, 0.08736264874712857)	(3, 0.08718496880413058)	(4, 0.08149777772542906)	(5, 0.08181874794503832)	(6, 0.08320006621157101)	(7, 0.07242320450763698)	(8, 0.07195034659481978)	(9, 0.071178012003885)	(10, 0.07038991548252298)	(12, 0.06928658035261616)	(14, 0.06882160340501257)	(16, 0.06899928334801055)	(18, 0.06862457927467207)	(20, 0.06854147091423753)	(22, 0.06877933277341225)	(24, 0.06981173921639648)	(26, 0.07237950097327055)	(28, 0.07577118182065944)	(30, 0.0791535488000686)	(32, 0.0829736675745252)	(34, 0.0869564208129356)	(36, 8.605324391005316e-06)	(38, 1.1474483130473078e-05)	(40, 1.4343980250691607e-05)	(42, 0.0)	(44, 0.0)	(46, 1.0045953131653314e-05)	(48, 2.871016366996797e-06)	(50, 0.0)	(52, 0.0)	(54, 0.0)	(56, 0.0)	(58, 0.0)	(60, 0.0)	(62, 0.0)	(64, 0.0)	(66, 0.0)	(68, 0.0)	(70, 0.0)	(72, 0.0)	(74, 0.0)	(76, 2.8876642721817627e-05)	(78, 0.0)	(80, 0.0)	(82, 7.2365259595353e-07)	(84, 0.0)	(86, 0.0)	(88, 0.0)	(90, 0.0)	(92, 0.0)	(94, 0.0)	(96, 0.0)	(98, 0.0)	(100, 0.0)
SRR20114179_1	(1, 0.06266827761342657)	(2, 0.043889841740938934)	(3, 0.0432272276427538)	(4, 0.05604809539145101)	(5, 0.04590747783487316)	(6, 0.0432272276427538)	(7, 0.0435346996523433)	(8, 0.0432272276427538)	(9, 0.04323080289867926)	(10, 0.0440382148618455)	(12, 0.043235569906579875)	(14, 0.044218765286081194)	(16, 0.0432272276427538)	(18, 0.0432272276427538)	(20, 0.0432272276427538)	(22, 0.04332793068465424)	(24, 0.043767091287498165)	(26, 0.04465733001293754)	(28, 0.045765063473842356)	(30, 0.046990184504299766)	(32, 0.04818074472747773)	(34, 0.049646003780928476)	(36, 2.5635813789890565e-05)	(38, 0.0035795566084788595)	(40, 4.0542105665629295e-05)	(42, 0.005812010103906495)	(44, 2.981255807262718e-06)	(46, 9.540572024911697e-05)	(48, 0.0003255902253091515)	(50, 0.00605300022502252)	(52, 0.0017897650594312035)	(54, 0.00047296439494213665)	(56, 0.011558179412457265)	(58, 0.0001723864644701088)	(60, 1.3720084541252062e-05)	(62, 2.3862291574366827e-06)	(64, 0.00347930928981069)	(66, 0.00010321575485759445)	(68, 0.00047255250944415873)	(70, 0.0)	(72, 0.0)	(74, 0.0)	(76, 0.0025848275682775995)	(78, 9.430531055407258e-05)	(80, 1.2535370637482097e-05)	(82, 0.002240461557288414)	(84, 0.0002877741241078092)	(86, 0.0008944743257386253)	(88, 8.957979515537419e-06)	(90, 0.004444540889169917)	(92, 0.004091313236270591)	(94, 0.0)	(96, 0.0008815918759765544)	(98, 5.281215017451775e-05)	(100, 0.00046112820238791176)
SRR20114179_2	(1, 0.2422998610762805)	(2, 0.058742646607272214)	(3, 0.05859248585840292)	(4, 0.0530567979338167)	(5, 0.053160480355655015)	(6, 0.05462037652521758)	(7, 0.044161561191273846)	(8, 0.04366817587356045)	(9, 0.04298411023982257)	(10, 0.04215047973320296)	(12, 0.04102546586865842)	(14, 0.04057200424211266)	(16, 0.04072395261894468)	(18, 0.040365235274423594)	(20, 0.04027764150424984)	(22, 0.040375961042199975)	(24, 0.040787711349615376)	(26, 0.04163266349999893)	(28, 0.04312473697289063)	(30, 0.04398160664302572)	(32, 0.04520553592150797)	(34, 0.04667794548680965)	(36, 1.3711800161792088e-05)	(38, 7.154153338056704e-06)	(40, 9.53907522385944e-06)	(42, 0.0)	(44, 0.0)	(46, 2.981366216673759e-06)	(48, 1.1926157075610398e-06)	(50, 0.0)	(52, 0.0)	(54, 0.0)	(56, 0.0)	(58, 0.0)	(60, 0.0)	(62, 0.0)	(64, 0.0)	(66, 0.0)	(68, 0.0)	(70, 0.0)	(72, 0.0)	(74, 0.0)	(76, 1.432410365086129e-05)	(78, 0.0)	(80, 0.0)	(82, 5.970059578090159e-07)	(84, 0.0)	(86, 0.0)	(88, 0.0)	(90, 0.0)	(92, 0.0)	(94, 0.0)	(96, 0.0)	(98, 0.0)	(100, 0.0)
SRR20114180_1	(1, 0.10416749808478448)	(2, 0.08556984187332148)	(3, 0.08486091591548195)	(4, 0.09760076155503454)	(5, 0.0874219729072295)	(6, 0.08486091591548195)	(7, 0.08517026542435738)	(8, 0.08486091591548195)	(9, 0.08486785644933492)	(10, 0.085680394662551)	(12, 0.08487083096384333)	(14, 0.08588613191604988)	(16, 0.08486091591548195)	(18, 0.08486091591548195)	(20, 0.08486091591548195)	(22, 0.08518860826382596)	(24, 0.08665008639229514)	(26, 0.09016695404608088)	(28, 0.09491923672569608)	(30, 0.10000912680201667)	(32, 0.10522939976428955)	(34, 0.11102524128394126)	(36, 2.7299000597982127e-05)	(38, 0.0035021134944688104)	(40, 3.723450383851989e-05)	(42, 0.005802432434299271)	(44, 3.4771473185357535e-06)	(46, 0.00010735202478865604)	(48, 0.0003351490672192324)	(50, 0.006051759749894163)	(52, 0.0017695985478281074)	(54, 0.00043977052763906967)	(56, 0.01148020677408143)	(58, 0.00017800195853012087)	(60, 1.2472302446150273e-05)	(62, 2.9950742858541126e-06)	(64, 0.0034483604279862815)	(66, 0.00010245469146179485)	(68, 0.0005056026019360109)	(70, 0.0)	(72, 0.0)	(74, 0.0)	(76, 0.0025638363658522273)	(78, 9.335988367960815e-05)	(80, 1.3563240167051496e-05)	(82, 0.002241825985213642)	(84, 0.000262667596456284)	(86, 0.0008803891602135015)	(88, 1.260393958516331e-05)	(90, 0.004494954330486748)	(92, 0.004120372316316971)	(94, 0.0)	(96, 0.0009190280572169128)	(98, 6.588268841001267e-05)	(100, 0.0004557518167704937)
SRR20114180_2	(1, 0.279684675682982)	(2, 0.09623446789083473)	(3, 0.09597766813827467)	(4, 0.09040342794950008)	(5, 0.0906265165376314)	(6, 0.09209196068544515)	(7, 0.0815185531128567)	(8, 0.08103965627700147)	(9, 0.08031684925145599)	(10, 0.07944283773839927)	(12, 0.07837300402020508)	(14, 0.07791988631008948)	(16, 0.07808546761772471)	(18, 0.07772505560978811)	(20, 0.0776487097374054)	(22, 0.07797194031398677)	(24, 0.0794066478118802)	(26, 0.08283923755459412)	(28, 0.08802778236211055)	(30, 0.09274833688696929)	(32, 0.09800678278543355)	(34, 0.10381898413488154)	(36, 7.444654022484294e-06)	(38, 5.95640649043407e-06)	(40, 1.1417814230633474e-05)	(42, 0.0)	(44, 0.0)	(46, 6.957583544165923e-06)	(48, 4.972259836953534e-07)	(50, 0.0)	(52, 0.0)	(54, 0.0)	(56, 0.0)	(58, 0.0)	(60, 0.0)	(62, 0.0)	(64, 0.0)	(66, 0.0)	(68, 0.0)	(70, 0.0)	(72, 0.0)	(74, 0.0)	(76, 2.0063892764271575e-05)	(78, 0.0)	(80, 0.0)	(82, 5.028769085058712e-07)	(84, 0.0)	(86, 0.0)	(88, 0.0)	(90, 0.0)	(92, 0.0)	(94, 0.0)	(96, 0.0)	(98, 0.0)	(100, 0.0)
