Sample	0	1	2	3	4	5	6	7	8	9	10	11	12	13	14	15	16	17	18	19	20	21	22	23	24	25	26	27	28	29	30	31	32	33	34	35	36	37	38	39	40	41	42	43	44	45	46	47	48	49	50	51	52	53	54	55	56	57	58	59	60	61	62	63	64	65	66	67	68	69	70	71	72	73	74	75	76	77	78	79	80	81	82	83	84	85	86	87	88	89	90	91	92	93	94	95	96	97	98	99	100
SRR20114171_1	(0.0, 23541.0)	(1.0, 12359.0)	(2.0, 2693.0)	(3.0, 6158.5)	(4.0, 9393.5)	(5.0, 11026.0)	(6.0, 11893.0)	(7.0, 12226.0)	(8.0, 11310.5)	(9.0, 9945.0)	(10.0, 8753.0)	(11.0, 7991.5)	(12.0, 7872.5)	(13.0, 8305.5)	(14.0, 9112.5)	(15.0, 10645.5)	(16.0, 13138.0)	(17.0, 16814.5)	(18.0, 22829.0)	(19.0, 32137.0)	(20.0, 46692.5)	(21.0, 69101.5)	(22.0, 103897.0)	(23.0, 151856.5)	(24.0, 218106.5)	(25.0, 310039.0)	(26.0, 434733.0)	(27.0, 606245.0)	(28.0, 816231.5)	(29.0, 1047880.0)	(30.0, 1302360.5)	(31.0, 1572659.5)	(32.0, 1835961.5)	(33.0, 2076097.0)	(34.0, 2275786.0)	(35.0, 2445749.0)	(36.0, 2607752.0)	(37.0, 2737889.5)	(38.0, 2814066.0)	(39.0, 2843045.5)	(40.0, 2848236.0)	(41.0, 2811410.5)	(42.0, 2711177.0)	(43.0, 2604231.5)	(44.0, 2540895.0)	(45.0, 2440630.0)	(46.0, 2316477.0)	(47.0, 2386395.0)	(48.0, 2270154.0)	(49.0, 1970203.5)	(50.0, 1857075.5)	(51.0, 1857900.0)	(52.0, 1817610.5)	(53.0, 1619429.5)	(54.0, 1471791.0)	(55.0, 1359234.0)	(56.0, 1216580.5)	(57.0, 1173970.0)	(58.0, 1212198.5)	(59.0, 1188373.5)	(60.0, 1108691.5)	(61.0, 1144227.5)	(62.0, 1459881.0)	(63.0, 1581746.0)	(64.0, 1170525.0)	(65.0, 809566.0)	(66.0, 699634.5)	(67.0, 673084.0)	(68.0, 620898.5)	(69.0, 555766.5)	(70.0, 505897.0)	(71.0, 367293.0)	(72.0, 259282.5)	(73.0, 333464.0)	(74.0, 427623.0)	(75.0, 543800.5)	(76.0, 587879.0)	(77.0, 477630.0)	(78.0, 413615.0)	(79.0, 393321.5)	(80.0, 419536.5)	(81.0, 479977.0)	(82.0, 607904.0)	(83.0, 865572.0)	(84.0, 688370.5)	(85.0, 305983.5)	(86.0, 342030.5)	(87.0, 310113.5)	(88.0, 217521.5)	(89.0, 243544.5)	(90.0, 185871.0)	(91.0, 89856.5)	(92.0, 50860.0)	(93.0, 27886.5)	(94.0, 18453.5)	(95.0, 15302.0)	(96.0, 11688.0)	(97.0, 5617.5)	(98.0, 1439.5)	(99.0, 736.5)	(100.0, 406.0)
SRR20114171_2	(0.0, 17554.0)	(1.0, 9391.0)	(2.0, 2173.5)	(3.0, 3897.5)	(4.0, 5154.5)	(5.0, 6211.5)	(6.0, 7460.5)	(7.0, 8967.5)	(8.0, 10429.5)	(9.0, 11710.0)	(10.0, 12798.0)	(11.0, 13539.0)	(12.0, 14129.0)	(13.0, 14778.5)	(14.0, 15612.5)	(15.0, 16639.0)	(16.0, 18170.0)	(17.0, 20662.0)	(18.0, 24410.5)	(19.0, 29882.5)	(20.0, 38754.5)	(21.0, 53223.0)	(22.0, 75063.0)	(23.0, 108172.5)	(24.0, 157155.0)	(25.0, 226660.0)	(26.0, 318754.5)	(27.0, 437802.0)	(28.0, 589628.0)	(29.0, 771130.5)	(30.0, 977720.0)	(31.0, 1205216.5)	(32.0, 1444182.5)	(33.0, 1685853.5)	(34.0, 1922635.5)	(35.0, 2149740.5)	(36.0, 2357875.5)	(37.0, 2532659.0)	(38.0, 2667010.0)	(39.0, 2751923.0)	(40.0, 2785860.5)	(41.0, 2774717.5)	(42.0, 2723378.5)	(43.0, 2645567.5)	(44.0, 2554236.0)	(45.0, 2455111.5)	(46.0, 2356090.5)	(47.0, 2263330.0)	(48.0, 2178289.0)	(49.0, 2093998.5)	(50.0, 1997812.0)	(51.0, 1893226.5)	(52.0, 1799013.0)	(53.0, 1722142.0)	(54.0, 1644453.0)	(55.0, 1564014.0)	(56.0, 1499857.0)	(57.0, 1457175.5)	(58.0, 1429833.0)	(59.0, 1416474.5)	(60.0, 1427792.0)	(61.0, 1471995.5)	(62.0, 1464922.5)	(63.0, 1317206.0)	(64.0, 1108936.0)	(65.0, 961200.0)	(66.0, 900092.5)	(67.0, 887202.0)	(68.0, 826725.0)	(69.0, 672743.0)	(70.0, 528486.0)	(71.0, 465685.5)	(72.0, 454212.0)	(73.0, 452136.0)	(74.0, 448599.0)	(75.0, 466568.5)	(76.0, 488669.0)	(77.0, 479204.0)	(78.0, 455204.5)	(79.0, 437553.5)	(80.0, 445252.5)	(81.0, 494409.5)	(82.0, 568098.5)	(83.0, 632290.5)	(84.0, 653537.0)	(85.0, 620590.0)	(86.0, 563648.0)	(87.0, 468184.5)	(88.0, 316625.5)	(89.0, 211407.0)	(90.0, 177090.5)	(91.0, 139032.0)	(92.0, 94500.0)	(93.0, 63323.0)	(94.0, 43060.5)	(95.0, 28777.5)	(96.0, 17789.0)	(97.0, 10343.0)	(98.0, 5882.5)	(99.0, 3708.5)	(100.0, 6472.5)
SRR20114172_1	(0.0, 751735.0)	(1.0, 380305.5)	(2.0, 15287.0)	(3.0, 31335.5)	(4.0, 51432.0)	(5.0, 60381.5)	(6.0, 58194.0)	(7.0, 53555.5)	(8.0, 46041.5)	(9.0, 39258.0)	(10.0, 31786.0)	(11.0, 23849.0)	(12.0, 18759.5)	(13.0, 16152.0)	(14.0, 13710.5)	(15.0, 12080.5)	(16.0, 11533.0)	(17.0, 11310.5)	(18.0, 11379.5)	(19.0, 12054.0)	(20.0, 13700.5)	(21.0, 16492.0)	(22.0, 20863.5)	(23.0, 27698.0)	(24.0, 37071.5)	(25.0, 49730.5)	(26.0, 67288.5)	(27.0, 90207.0)	(28.0, 117734.0)	(29.0, 152486.0)	(30.0, 196227.5)	(31.0, 248564.5)	(32.0, 304764.5)	(33.0, 358942.5)	(34.0, 411126.0)	(35.0, 463992.0)	(36.0, 518905.0)	(37.0, 569664.0)	(38.0, 611444.5)	(39.0, 649141.5)	(40.0, 682384.5)	(41.0, 706328.5)	(42.0, 735213.0)	(43.0, 860476.0)	(44.0, 1118501.5)	(45.0, 1213971.0)	(46.0, 1319543.5)	(47.0, 3184742.0)	(48.0, 3312970.5)	(49.0, 1658441.5)	(50.0, 1542624.0)	(51.0, 1795562.5)	(52.0, 2338582.0)	(53.0, 2314450.0)	(54.0, 2122555.0)	(55.0, 2042207.5)	(56.0, 1824095.0)	(57.0, 2001172.5)	(58.0, 2524885.0)	(59.0, 2407849.0)	(60.0, 1848352.5)	(61.0, 1887345.5)	(62.0, 2277958.0)	(63.0, 2356899.5)	(64.0, 2149857.0)	(65.0, 2165453.5)	(66.0, 2224009.0)	(67.0, 2006284.0)	(68.0, 1552573.5)	(69.0, 1693503.0)	(70.0, 2130434.5)	(71.0, 1590034.0)	(72.0, 1060712.0)	(73.0, 2052824.5)	(74.0, 2707267.5)	(75.0, 3169661.5)	(76.0, 3354836.5)	(77.0, 2394000.5)	(78.0, 2022835.0)	(79.0, 2091008.0)	(80.0, 2328498.5)	(81.0, 2859567.5)	(82.0, 4180861.5)	(83.0, 7106304.0)	(84.0, 5570580.0)	(85.0, 1827448.0)	(86.0, 2217621.0)	(87.0, 2159107.5)	(88.0, 1629679.0)	(89.0, 2171229.5)	(90.0, 1776028.0)	(91.0, 733649.5)	(92.0, 372113.0)	(93.0, 215022.5)	(94.0, 121636.0)	(95.0, 85633.5)	(96.0, 60741.0)	(97.0, 30958.0)	(98.0, 11647.0)	(99.0, 7781.5)	(100.0, 5638.5)
SRR20114172_2	(0.0, 651814.0)	(1.0, 332915.5)	(2.0, 26323.0)	(3.0, 43959.5)	(4.0, 49496.0)	(5.0, 48720.0)	(6.0, 46906.0)	(7.0, 44736.0)	(8.0, 41913.0)	(9.0, 39390.0)	(10.0, 37003.0)	(11.0, 33382.0)	(12.0, 29557.0)	(13.0, 25890.0)	(14.0, 22042.0)	(15.0, 18796.0)	(16.0, 16212.0)	(17.0, 14687.0)	(18.0, 13812.5)	(19.0, 13738.5)	(20.0, 14599.0)	(21.0, 16650.5)	(22.0, 19805.0)	(23.0, 24878.0)	(24.0, 33028.5)	(25.0, 43436.0)	(26.0, 57192.5)	(27.0, 75781.0)	(28.0, 98533.0)	(29.0, 127895.5)	(30.0, 164155.5)	(31.0, 205777.5)	(32.0, 251788.5)	(33.0, 302574.0)	(34.0, 357366.0)	(35.0, 411488.5)	(36.0, 464912.5)	(37.0, 521321.5)	(38.0, 574415.5)	(39.0, 620648.0)	(40.0, 658926.0)	(41.0, 693073.5)	(42.0, 728474.0)	(43.0, 771126.0)	(44.0, 829423.0)	(45.0, 893477.0)	(46.0, 976698.0)	(47.0, 1118441.0)	(48.0, 1314060.5)	(49.0, 1526199.0)	(50.0, 1686616.0)	(51.0, 1779816.5)	(52.0, 1894071.0)	(53.0, 2046333.0)	(54.0, 2153190.0)	(55.0, 2200077.0)	(56.0, 2241889.0)	(57.0, 2293460.0)	(58.0, 2322721.0)	(59.0, 2315990.0)	(60.0, 2278178.0)	(61.0, 2210207.5)	(62.0, 2107876.5)	(63.0, 1934775.0)	(64.0, 1753675.5)	(65.0, 1721929.5)	(66.0, 1825819.5)	(67.0, 1880741.0)	(68.0, 1819916.0)	(69.0, 1768585.0)	(70.0, 1875417.5)	(71.0, 2101736.5)	(72.0, 2372938.0)	(73.0, 2607079.0)	(74.0, 2693258.0)	(75.0, 2759543.5)	(76.0, 2818936.0)	(77.0, 2757812.0)	(78.0, 2701014.0)	(79.0, 2750980.5)	(80.0, 3025711.0)	(81.0, 3604172.5)	(82.0, 4273465.0)	(83.0, 4674460.0)	(84.0, 4624885.5)	(85.0, 4289086.0)	(86.0, 3918541.5)	(87.0, 3248186.5)	(88.0, 2193412.0)	(89.0, 1463698.0)	(90.0, 1204172.5)	(91.0, 954776.5)	(92.0, 667407.5)	(93.0, 455592.5)	(94.0, 304540.0)	(95.0, 198207.0)	(96.0, 121264.0)	(97.0, 70683.5)	(98.0, 38759.0)	(99.0, 20668.0)	(100.0, 24617.5)
SRR20114173_1	(0.0, 122266.0)	(1.0, 62742.5)	(2.0, 6634.5)	(3.0, 14736.5)	(4.0, 24285.0)	(5.0, 29859.5)	(6.0, 31358.0)	(7.0, 31098.5)	(8.0, 27809.5)	(9.0, 23636.5)	(10.0, 19370.0)	(11.0, 15529.0)	(12.0, 13328.5)	(13.0, 12327.5)	(14.0, 12114.0)	(15.0, 12632.0)	(16.0, 13922.5)	(17.0, 16242.0)	(18.0, 20074.5)	(19.0, 26273.5)	(20.0, 35865.5)	(21.0, 50569.0)	(22.0, 73721.5)	(23.0, 106060.5)	(24.0, 149184.0)	(25.0, 208632.0)	(26.0, 290228.5)	(27.0, 400572.0)	(28.0, 537579.0)	(29.0, 694562.0)	(30.0, 873652.0)	(31.0, 1069583.0)	(32.0, 1262706.5)	(33.0, 1439283.0)	(34.0, 1585564.0)	(35.0, 1714735.5)	(36.0, 1844573.5)	(37.0, 1959662.5)	(38.0, 2032888.5)	(39.0, 2068591.5)	(40.0, 2086612.5)	(41.0, 2077708.0)	(42.0, 2065475.0)	(43.0, 2121750.0)	(44.0, 2278109.0)	(45.0, 2279431.0)	(46.0, 2249074.0)	(47.0, 3076288.5)	(48.0, 3037637.0)	(49.0, 2150875.5)	(50.0, 2019171.0)	(51.0, 2182789.5)	(52.0, 2405885.0)	(53.0, 2227924.5)	(54.0, 2128973.5)	(55.0, 2034428.5)	(56.0, 1732681.0)	(57.0, 1797075.0)	(58.0, 2173186.5)	(59.0, 2237935.0)	(60.0, 2013350.5)	(61.0, 2234780.5)	(62.0, 3219806.5)	(63.0, 3588080.0)	(64.0, 2627700.5)	(65.0, 1836216.0)	(66.0, 1665964.0)	(67.0, 1603817.5)	(68.0, 1352975.0)	(69.0, 1332026.5)	(70.0, 1436470.5)	(71.0, 1073179.0)	(72.0, 777985.0)	(73.0, 1244850.0)	(74.0, 1710809.0)	(75.0, 2268092.5)	(76.0, 2476041.5)	(77.0, 1884247.0)	(78.0, 1623179.5)	(79.0, 1612348.0)	(80.0, 1777319.0)	(81.0, 2161098.5)	(82.0, 2861752.5)	(83.0, 4110644.0)	(84.0, 3156920.5)	(85.0, 1272109.0)	(86.0, 1513577.5)	(87.0, 1432723.5)	(88.0, 1035261.0)	(89.0, 1181886.5)	(90.0, 899791.0)	(91.0, 417125.0)	(92.0, 248780.0)	(93.0, 143748.5)	(94.0, 85722.0)	(95.0, 62861.5)	(96.0, 44148.0)	(97.0, 22035.0)	(98.0, 8515.0)	(99.0, 6554.0)	(100.0, 5052.0)
SRR20114173_2	(0.0, 108458.0)	(1.0, 56314.5)	(2.0, 7638.0)	(3.0, 13127.0)	(4.0, 16098.5)	(5.0, 18146.0)	(6.0, 20213.0)	(7.0, 22367.0)	(8.0, 24412.0)	(9.0, 25783.0)	(10.0, 26677.5)	(11.0, 26533.0)	(12.0, 25476.0)	(13.0, 24223.5)	(14.0, 22827.5)	(15.0, 21732.0)	(16.0, 21373.0)	(17.0, 21794.0)	(18.0, 23519.5)	(19.0, 27115.0)	(20.0, 32899.5)	(21.0, 42448.5)	(22.0, 57315.0)	(23.0, 80149.5)	(24.0, 114535.5)	(25.0, 162027.5)	(26.0, 224392.5)	(27.0, 304203.5)	(28.0, 405694.0)	(29.0, 529526.5)	(30.0, 670942.0)	(31.0, 828208.5)	(32.0, 995965.0)	(33.0, 1165607.0)	(34.0, 1333721.5)	(35.0, 1501068.5)	(36.0, 1657804.5)	(37.0, 1790317.5)	(38.0, 1895007.5)	(39.0, 1970528.5)	(40.0, 2014985.5)	(41.0, 2032959.5)	(42.0, 2029544.0)	(43.0, 2016808.0)	(44.0, 2009374.0)	(45.0, 2001144.5)	(46.0, 1997906.5)	(47.0, 2025942.5)	(48.0, 2085658.0)	(49.0, 2148106.0)	(50.0, 2170841.0)	(51.0, 2147777.5)	(52.0, 2135944.5)	(53.0, 2164472.5)	(54.0, 2188398.0)	(55.0, 2201091.5)	(56.0, 2236559.0)	(57.0, 2281910.0)	(58.0, 2331260.5)	(59.0, 2408010.5)	(60.0, 2520461.0)	(61.0, 2656298.0)	(62.0, 2696514.5)	(63.0, 2511199.0)	(64.0, 2217843.0)	(65.0, 2023289.5)	(66.0, 1986710.0)	(67.0, 2037052.0)	(68.0, 1984545.0)	(69.0, 1727646.5)	(70.0, 1494212.0)	(71.0, 1449856.0)	(72.0, 1512970.0)	(73.0, 1569180.5)	(74.0, 1594815.0)	(75.0, 1693522.0)	(76.0, 1810301.5)	(77.0, 1823710.5)	(78.0, 1798780.5)	(79.0, 1803410.0)	(80.0, 1922810.5)	(81.0, 2209093.0)	(82.0, 2558973.0)	(83.0, 2820493.0)	(84.0, 2931518.5)	(85.0, 2875799.5)	(86.0, 2681681.0)	(87.0, 2234070.0)	(88.0, 1503717.5)	(89.0, 1001132.5)	(90.0, 850896.5)	(91.0, 681282.0)	(92.0, 460507.0)	(93.0, 297164.0)	(94.0, 190425.0)	(95.0, 121263.0)	(96.0, 72297.5)	(97.0, 41177.0)	(98.0, 23023.0)	(99.0, 13123.5)	(100.0, 16727.0)
SRR20114174_1	(0.0, 257762.0)	(1.0, 131397.5)	(2.0, 6415.0)	(3.0, 9342.0)	(4.0, 13672.5)	(5.0, 15311.0)	(6.0, 13635.5)	(7.0, 12257.5)	(8.0, 10315.0)	(9.0, 8488.5)	(10.0, 6969.0)	(11.0, 5328.5)	(12.0, 4175.5)	(13.0, 3561.0)	(14.0, 3004.0)	(15.0, 2797.0)	(16.0, 2731.5)	(17.0, 2720.0)	(18.0, 2846.0)	(19.0, 3217.5)	(20.0, 4085.5)	(21.0, 5129.0)	(22.0, 6729.5)	(23.0, 8767.5)	(24.0, 11411.0)	(25.0, 14907.5)	(26.0, 19167.0)	(27.0, 24172.5)	(28.0, 31439.0)	(29.0, 40711.0)	(30.0, 50980.5)	(31.0, 62156.0)	(32.0, 75498.5)	(33.0, 90645.5)	(34.0, 105553.0)	(35.0, 118774.5)	(36.0, 132530.0)	(37.0, 149206.5)	(38.0, 162957.5)	(39.0, 177089.0)	(40.0, 195029.0)	(41.0, 212497.5)	(42.0, 232821.5)	(43.0, 298835.5)	(44.0, 414842.5)	(45.0, 471062.0)	(46.0, 588985.0)	(47.0, 1461137.5)	(48.0, 1555370.5)	(49.0, 824787.0)	(50.0, 836222.5)	(51.0, 1063763.0)	(52.0, 1291661.0)	(53.0, 1245336.5)	(54.0, 1221819.0)	(55.0, 1175234.5)	(56.0, 926737.0)	(57.0, 1010266.5)	(58.0, 1539175.5)	(59.0, 1526276.0)	(60.0, 1053801.5)	(61.0, 1119395.0)	(62.0, 1517969.0)	(63.0, 1723803.5)	(64.0, 1614124.0)	(65.0, 1535785.5)	(66.0, 1454014.5)	(67.0, 1255763.0)	(68.0, 967548.5)	(69.0, 1041268.0)	(70.0, 1398627.5)	(71.0, 1136341.0)	(72.0, 775792.5)	(73.0, 1341526.5)	(74.0, 1662363.5)	(75.0, 1831640.0)	(76.0, 2017635.5)	(77.0, 1613705.0)	(78.0, 1400642.0)	(79.0, 1426740.0)	(80.0, 1611503.5)	(81.0, 2067396.0)	(82.0, 3279473.0)	(83.0, 5796983.0)	(84.0, 4450858.5)	(85.0, 1242658.0)	(86.0, 1338754.0)	(87.0, 1407357.5)	(88.0, 1479471.0)	(89.0, 2314583.5)	(90.0, 1938815.0)	(91.0, 706764.5)	(92.0, 284690.5)	(93.0, 159492.5)	(94.0, 95814.0)	(95.0, 74910.0)	(96.0, 56864.5)	(97.0, 30089.0)	(98.0, 10690.5)	(99.0, 6700.5)	(100.0, 4848.0)
SRR20114174_2	(0.0, 181092.0)	(1.0, 92132.5)	(2.0, 5563.5)	(3.0, 8961.0)	(4.0, 10096.0)	(5.0, 10257.5)	(6.0, 10015.0)	(7.0, 9581.5)	(8.0, 9277.0)	(9.0, 9028.0)	(10.0, 8351.0)	(11.0, 7438.0)	(12.0, 6712.5)	(13.0, 5954.5)	(14.0, 5143.0)	(15.0, 4407.5)	(16.0, 3798.0)	(17.0, 3537.0)	(18.0, 3580.0)	(19.0, 3726.0)	(20.0, 4310.0)	(21.0, 5394.5)	(22.0, 6692.0)	(23.0, 8322.0)	(24.0, 10559.5)	(25.0, 13471.5)	(26.0, 17493.0)	(27.0, 22341.5)	(28.0, 28516.0)	(29.0, 36209.0)	(30.0, 44460.0)	(31.0, 54295.5)	(32.0, 65465.5)	(33.0, 78375.0)	(34.0, 92436.0)	(35.0, 107365.5)	(36.0, 124211.0)	(37.0, 142304.0)	(38.0, 159835.5)	(39.0, 177496.5)	(40.0, 194454.0)	(41.0, 210429.5)	(42.0, 230442.0)	(43.0, 261900.5)	(44.0, 306397.0)	(45.0, 358356.0)	(46.0, 428756.0)	(47.0, 532868.5)	(48.0, 669008.0)	(49.0, 819143.0)	(50.0, 930021.0)	(51.0, 993453.0)	(52.0, 1071444.5)	(53.0, 1163494.0)	(54.0, 1213142.0)	(55.0, 1229238.0)	(56.0, 1266893.5)	(57.0, 1327749.5)	(58.0, 1392482.5)	(59.0, 1469088.0)	(60.0, 1516243.0)	(61.0, 1498597.5)	(62.0, 1434765.5)	(63.0, 1318372.0)	(64.0, 1182624.5)	(65.0, 1122053.5)	(66.0, 1155374.0)	(67.0, 1191266.5)	(68.0, 1172428.5)	(69.0, 1119207.0)	(70.0, 1120853.5)	(71.0, 1174567.0)	(72.0, 1239420.0)	(73.0, 1312809.0)	(74.0, 1390921.0)	(75.0, 1533710.5)	(76.0, 1703499.0)	(77.0, 1790160.5)	(78.0, 1809077.0)	(79.0, 1868582.0)	(80.0, 2105021.0)	(81.0, 2608775.5)	(82.0, 3253564.5)	(83.0, 3703757.5)	(84.0, 3736093.0)	(85.0, 3461157.0)	(86.0, 3196328.5)	(87.0, 2756576.5)	(88.0, 1909571.5)	(89.0, 1182440.5)	(90.0, 856770.0)	(91.0, 645730.5)	(92.0, 451808.5)	(93.0, 328851.0)	(94.0, 234708.0)	(95.0, 154868.0)	(96.0, 94817.5)	(97.0, 57470.0)	(98.0, 32643.5)	(99.0, 17698.5)	(100.0, 18245.5)
SRR20114175_1	(0.0, 418237.0)	(1.0, 213943.0)	(2.0, 11088.0)	(3.0, 13655.0)	(4.0, 16316.5)	(5.0, 16517.0)	(6.0, 13955.5)	(7.0, 11723.5)	(8.0, 9790.0)	(9.0, 8051.5)	(10.0, 6725.0)	(11.0, 5393.0)	(12.0, 4495.0)	(13.0, 4162.0)	(14.0, 3946.0)	(15.0, 3876.5)	(16.0, 4003.0)	(17.0, 4589.0)	(18.0, 5555.5)	(19.0, 7029.0)	(20.0, 9186.0)	(21.0, 12315.5)	(22.0, 16907.0)	(23.0, 24123.5)	(24.0, 33035.5)	(25.0, 43231.0)	(26.0, 56518.5)	(27.0, 74131.5)	(28.0, 95484.5)	(29.0, 119171.5)	(30.0, 145881.0)	(31.0, 177617.0)	(32.0, 214414.5)	(33.0, 246919.5)	(34.0, 276764.5)	(35.0, 308674.0)	(36.0, 339155.0)	(37.0, 370170.5)	(38.0, 397726.0)	(39.0, 424968.5)	(40.0, 452481.5)	(41.0, 477002.5)	(42.0, 510931.5)	(43.0, 612041.0)	(44.0, 780087.5)	(45.0, 876020.5)	(46.0, 1017919.0)	(47.0, 2564292.0)	(48.0, 2755032.0)	(49.0, 1424813.5)	(50.0, 1477792.5)	(51.0, 1734753.0)	(52.0, 1927675.5)	(53.0, 1877653.5)	(54.0, 1835885.0)	(55.0, 1704986.0)	(56.0, 1372506.0)	(57.0, 1319103.0)	(58.0, 1505471.0)	(59.0, 1425102.5)	(60.0, 1139092.5)	(61.0, 1272339.0)	(62.0, 1626544.5)	(63.0, 1665469.5)	(64.0, 1596954.5)	(65.0, 1718023.0)	(66.0, 1623674.5)	(67.0, 1251811.0)	(68.0, 904009.5)	(69.0, 976169.5)	(70.0, 1381941.5)	(71.0, 1131220.5)	(72.0, 675549.0)	(73.0, 1036879.5)	(74.0, 1181034.5)	(75.0, 1172375.5)	(76.0, 1303704.0)	(77.0, 1129958.5)	(78.0, 1068546.5)	(79.0, 1157844.5)	(80.0, 1352545.0)	(81.0, 1753851.5)	(82.0, 2415597.0)	(83.0, 3945812.5)	(84.0, 3020441.5)	(85.0, 885267.5)	(86.0, 1219742.0)	(87.0, 1237620.0)	(88.0, 1138739.5)	(89.0, 2073447.5)	(90.0, 1942856.0)	(91.0, 751606.0)	(92.0, 251229.5)	(93.0, 121765.0)	(94.0, 66356.5)	(95.0, 46303.5)	(96.0, 28652.5)	(97.0, 12512.5)	(98.0, 5015.0)	(99.0, 3018.0)	(100.0, 1922.0)
SRR20114175_2	(0.0, 358977.0)	(1.0, 182098.0)	(2.0, 9381.0)	(3.0, 14390.5)	(4.0, 14906.0)	(5.0, 13267.0)	(6.0, 11101.0)	(7.0, 9555.5)	(8.0, 8716.5)	(9.0, 8203.0)	(10.0, 7406.0)	(11.0, 6741.0)	(12.0, 6409.5)	(13.0, 5877.5)	(14.0, 5187.0)	(15.0, 4972.5)	(16.0, 4879.0)	(17.0, 4893.5)	(18.0, 5587.0)	(19.0, 6613.0)	(20.0, 8216.5)	(21.0, 10424.5)	(22.0, 13736.0)	(23.0, 19152.0)	(24.0, 26181.5)	(25.0, 34890.0)	(26.0, 46643.5)	(27.0, 61372.0)	(28.0, 78570.0)	(29.0, 98784.0)	(30.0, 122699.5)	(31.0, 149573.5)	(32.0, 179223.0)	(33.0, 212525.0)	(34.0, 246684.5)	(35.0, 278044.5)	(36.0, 312661.0)	(37.0, 350470.5)	(38.0, 383003.0)	(39.0, 415656.0)	(40.0, 444165.0)	(41.0, 469763.0)	(42.0, 499177.5)	(43.0, 540078.5)	(44.0, 601267.5)	(45.0, 683408.5)	(46.0, 804981.0)	(47.0, 973020.0)	(48.0, 1149915.0)	(49.0, 1315086.5)	(50.0, 1440907.5)	(51.0, 1519905.0)	(52.0, 1627628.0)	(53.0, 1750908.0)	(54.0, 1775346.5)	(55.0, 1722131.5)	(56.0, 1700726.0)	(57.0, 1707943.5)	(58.0, 1689093.5)	(59.0, 1647669.0)	(60.0, 1571583.5)	(61.0, 1469923.5)	(62.0, 1367654.5)	(63.0, 1249961.0)	(64.0, 1156973.5)	(65.0, 1157437.0)	(66.0, 1260195.0)	(67.0, 1376514.0)	(68.0, 1394563.5)	(69.0, 1291101.0)	(70.0, 1199268.0)	(71.0, 1164054.0)	(72.0, 1189859.0)	(73.0, 1301376.5)	(74.0, 1398834.0)	(75.0, 1456264.5)	(76.0, 1478567.0)	(77.0, 1467450.0)	(78.0, 1485465.0)	(79.0, 1583992.5)	(80.0, 1814455.5)	(81.0, 2194151.5)	(82.0, 2589002.5)	(83.0, 2782701.5)	(84.0, 2718537.0)	(85.0, 2519779.0)	(86.0, 2348020.0)	(87.0, 2053639.5)	(88.0, 1522787.5)	(89.0, 1043241.5)	(90.0, 795843.0)	(91.0, 630286.0)	(92.0, 451737.5)	(93.0, 313059.5)	(94.0, 204473.5)	(95.0, 128088.5)	(96.0, 78125.0)	(97.0, 46420.0)	(98.0, 25726.0)	(99.0, 13610.5)	(100.0, 16396.0)
SRR20114176_1	(0.0, 317143.0)	(1.0, 164164.0)	(2.0, 12072.0)	(3.0, 15642.0)	(4.0, 21826.5)	(5.0, 24680.5)	(6.0, 23658.0)	(7.0, 21969.0)	(8.0, 19628.0)	(9.0, 17750.0)	(10.0, 15289.5)	(11.0, 12184.5)	(12.0, 9865.0)	(13.0, 8680.0)	(14.0, 7924.0)	(15.0, 7575.0)	(16.0, 7648.0)	(17.0, 8006.0)	(18.0, 8880.5)	(19.0, 10393.0)	(20.0, 13045.0)	(21.0, 17085.5)	(22.0, 23253.0)	(23.0, 32764.0)	(24.0, 45348.5)	(25.0, 60748.5)	(26.0, 81492.5)	(27.0, 107779.5)	(28.0, 139058.5)	(29.0, 177750.5)	(30.0, 223257.0)	(31.0, 276143.5)	(32.0, 332965.0)	(33.0, 389233.0)	(34.0, 435824.5)	(35.0, 476166.5)	(36.0, 521058.5)	(37.0, 563129.5)	(38.0, 592889.0)	(39.0, 617464.0)	(40.0, 637460.0)	(41.0, 651774.5)	(42.0, 677604.5)	(43.0, 740819.0)	(44.0, 844738.0)	(45.0, 874968.0)	(46.0, 935463.0)	(47.0, 1940146.5)	(48.0, 1989441.5)	(49.0, 1079284.0)	(50.0, 1038538.0)	(51.0, 1132622.5)	(52.0, 1229030.5)	(53.0, 1148649.5)	(54.0, 1140947.5)	(55.0, 1110798.0)	(56.0, 979635.0)	(57.0, 1140814.0)	(58.0, 1462173.0)	(59.0, 1487101.5)	(60.0, 1324300.0)	(61.0, 1429358.0)	(62.0, 1663020.0)	(63.0, 1609888.0)	(64.0, 1390818.0)	(65.0, 1343212.5)	(66.0, 1253560.5)	(67.0, 1018633.0)	(68.0, 822254.5)	(69.0, 948321.5)	(70.0, 1275521.5)	(71.0, 1019234.0)	(72.0, 615489.5)	(73.0, 907804.5)	(74.0, 1162518.5)	(75.0, 1468350.0)	(76.0, 1725492.5)	(77.0, 1505990.0)	(78.0, 1514250.5)	(79.0, 1706895.5)	(80.0, 1998818.0)	(81.0, 2631256.5)	(82.0, 4180526.5)	(83.0, 7555300.5)	(84.0, 5853616.5)	(85.0, 1610785.0)	(86.0, 1754121.0)	(87.0, 1808424.5)	(88.0, 1633920.5)	(89.0, 2084080.0)	(90.0, 1579244.5)	(91.0, 621748.5)	(92.0, 337085.5)	(93.0, 192319.0)	(94.0, 107836.5)	(95.0, 74927.0)	(96.0, 51416.5)	(97.0, 24967.0)	(98.0, 8887.5)	(99.0, 6285.0)	(100.0, 4696.0)
SRR20114176_2	(0.0, 265685.0)	(1.0, 134827.5)	(2.0, 7339.0)	(3.0, 13191.0)	(4.0, 17000.0)	(5.0, 19259.0)	(6.0, 20764.5)	(7.0, 21704.5)	(8.0, 21953.5)	(9.0, 21633.5)	(10.0, 20882.5)	(11.0, 19415.5)	(12.0, 17410.0)	(13.0, 15245.5)	(14.0, 12877.0)	(15.0, 10646.5)	(16.0, 9285.0)	(17.0, 8967.5)	(18.0, 9406.5)	(19.0, 10305.5)	(20.0, 11875.5)	(21.0, 14680.0)	(22.0, 19386.0)	(23.0, 25877.5)	(24.0, 34783.0)	(25.0, 47712.0)	(26.0, 64734.0)	(27.0, 86083.0)	(28.0, 112342.5)	(29.0, 143022.0)	(30.0, 178565.0)	(31.0, 220777.5)	(32.0, 266306.5)	(33.0, 314998.0)	(34.0, 366039.0)	(35.0, 416283.0)	(36.0, 466342.5)	(37.0, 513142.5)	(38.0, 551788.5)	(39.0, 584627.0)	(40.0, 610927.0)	(41.0, 629961.0)	(42.0, 645583.5)	(43.0, 666330.5)	(44.0, 697720.0)	(45.0, 726678.5)	(46.0, 758898.5)	(47.0, 818154.5)	(48.0, 902373.5)	(49.0, 989340.0)	(50.0, 1048718.0)	(51.0, 1081034.5)	(52.0, 1117293.5)	(53.0, 1159423.0)	(54.0, 1181693.5)	(55.0, 1184320.5)	(56.0, 1203133.0)	(57.0, 1231948.0)	(58.0, 1269703.0)	(59.0, 1354168.0)	(60.0, 1472707.5)	(61.0, 1579590.0)	(62.0, 1615256.0)	(63.0, 1507700.0)	(64.0, 1304698.5)	(65.0, 1142780.5)	(66.0, 1084716.0)	(67.0, 1092526.0)	(68.0, 1073352.5)	(69.0, 1015753.0)	(70.0, 992002.0)	(71.0, 994842.0)	(72.0, 1022370.5)	(73.0, 1094991.5)	(74.0, 1194910.5)	(75.0, 1352791.0)	(76.0, 1526641.5)	(77.0, 1627487.5)	(78.0, 1705262.0)	(79.0, 1870765.0)	(80.0, 2255703.0)	(81.0, 2941952.5)	(82.0, 3779265.0)	(83.0, 4397831.5)	(84.0, 4561881.5)	(85.0, 4374381.0)	(86.0, 4146903.0)	(87.0, 3512549.5)	(88.0, 2247013.0)	(89.0, 1366716.0)	(90.0, 1115037.0)	(91.0, 875787.0)	(92.0, 597350.0)	(93.0, 400622.5)	(94.0, 272412.5)	(95.0, 183289.0)	(96.0, 111739.5)	(97.0, 64170.0)	(98.0, 35759.5)	(99.0, 20162.0)	(100.0, 21918.0)
SRR20114177_1	(0.0, 691462.0)	(1.0, 348639.5)	(2.0, 10221.5)	(3.0, 20901.5)	(4.0, 34857.0)	(5.0, 41906.5)	(6.0, 40987.5)	(7.0, 39625.0)	(8.0, 35771.5)	(9.0, 31347.5)	(10.0, 26439.5)	(11.0, 20292.5)	(12.0, 16278.0)	(13.0, 13955.5)	(14.0, 11958.5)	(15.0, 10895.0)	(16.0, 10874.0)	(17.0, 11560.5)	(18.0, 12400.5)	(19.0, 13817.0)	(20.0, 16743.0)	(21.0, 22356.0)	(22.0, 30412.0)	(23.0, 40800.0)	(24.0, 57016.0)	(25.0, 79883.0)	(26.0, 109319.0)	(27.0, 146998.0)	(28.0, 192935.5)	(29.0, 248325.0)	(30.0, 314082.5)	(31.0, 391380.0)	(32.0, 470305.0)	(33.0, 544363.5)	(34.0, 611647.0)	(35.0, 673291.5)	(36.0, 736613.5)	(37.0, 794352.0)	(38.0, 839544.0)	(39.0, 874674.0)	(40.0, 902328.0)	(41.0, 919770.5)	(42.0, 940321.0)	(43.0, 1035585.5)	(44.0, 1236685.0)	(45.0, 1289805.0)	(46.0, 1338850.0)	(47.0, 2599848.5)	(48.0, 2662393.0)	(49.0, 1496163.5)	(50.0, 1370715.5)	(51.0, 1558792.0)	(52.0, 1929640.0)	(53.0, 1841220.0)	(54.0, 1661495.5)	(55.0, 1545293.0)	(56.0, 1283831.5)	(57.0, 1321179.5)	(58.0, 1642992.5)	(59.0, 1687851.5)	(60.0, 1460558.5)	(61.0, 1580828.0)	(62.0, 2115031.0)	(63.0, 2278565.0)	(64.0, 1888117.5)	(65.0, 1657079.5)	(66.0, 1656829.5)	(67.0, 1583777.5)	(68.0, 1252837.5)	(69.0, 1228259.5)	(70.0, 1575027.0)	(71.0, 1278961.5)	(72.0, 854161.5)	(73.0, 1557305.0)	(74.0, 2071600.5)	(75.0, 2540462.5)	(76.0, 2762248.0)	(77.0, 2054261.0)	(78.0, 1730822.0)	(79.0, 1667754.5)	(80.0, 1778977.0)	(81.0, 2183798.0)	(82.0, 3145916.5)	(83.0, 5109772.0)	(84.0, 3999820.0)	(85.0, 1375554.0)	(86.0, 1610319.5)	(87.0, 1602829.0)	(88.0, 1315802.5)	(89.0, 1713334.5)	(90.0, 1301910.5)	(91.0, 506959.0)	(92.0, 263156.0)	(93.0, 139676.5)	(94.0, 83862.5)	(95.0, 66826.0)	(96.0, 50944.0)	(97.0, 25827.0)	(98.0, 7997.0)	(99.0, 4291.0)	(100.0, 2525.5)
SRR20114177_2	(0.0, 523442.0)	(1.0, 265497.5)	(2.0, 14336.0)	(3.0, 24917.5)	(4.0, 29489.0)	(5.0, 30759.5)	(6.0, 31111.5)	(7.0, 31206.5)	(8.0, 31078.5)	(9.0, 30637.0)	(10.0, 29785.5)	(11.0, 27842.5)	(12.0, 25519.5)	(13.0, 23297.5)	(14.0, 20753.0)	(15.0, 18256.5)	(16.0, 16514.0)	(17.0, 15178.5)	(18.0, 14526.0)	(19.0, 15203.5)	(20.0, 16879.0)	(21.0, 19927.0)	(22.0, 25018.0)	(23.0, 32904.0)	(24.0, 44939.0)	(25.0, 61603.0)	(26.0, 83984.0)	(27.0, 113274.0)	(28.0, 149960.0)	(29.0, 194852.0)	(30.0, 248045.5)	(31.0, 310205.0)	(32.0, 379088.0)	(33.0, 449904.5)	(34.0, 522336.0)	(35.0, 593323.0)	(36.0, 662643.0)	(37.0, 726756.0)	(38.0, 783382.0)	(39.0, 835784.5)	(40.0, 878369.5)	(41.0, 911812.5)	(42.0, 942556.0)	(43.0, 974858.0)	(44.0, 1013632.5)	(45.0, 1055030.5)	(46.0, 1103875.0)	(47.0, 1192003.5)	(48.0, 1318010.5)	(49.0, 1451818.0)	(50.0, 1539335.0)	(51.0, 1560917.5)	(52.0, 1589255.5)	(53.0, 1647490.0)	(54.0, 1677791.0)	(55.0, 1672657.0)	(56.0, 1666478.5)	(57.0, 1683333.5)	(58.0, 1716514.0)	(59.0, 1750199.0)	(60.0, 1784368.0)	(61.0, 1819028.0)	(62.0, 1809558.0)	(63.0, 1689992.5)	(64.0, 1534575.0)	(65.0, 1493385.5)	(66.0, 1575821.0)	(67.0, 1650248.0)	(68.0, 1622348.0)	(69.0, 1525136.0)	(70.0, 1503780.0)	(71.0, 1606993.5)	(72.0, 1765837.0)	(73.0, 1892735.0)	(74.0, 1940778.5)	(75.0, 2015268.0)	(76.0, 2104692.0)	(77.0, 2100604.0)	(78.0, 2080867.0)	(79.0, 2096182.5)	(80.0, 2237771.0)	(81.0, 2617710.5)	(82.0, 3095677.0)	(83.0, 3421375.5)	(84.0, 3462202.0)	(85.0, 3247149.5)	(86.0, 2942805.0)	(87.0, 2432459.0)	(88.0, 1683400.0)	(89.0, 1169312.5)	(90.0, 965143.5)	(91.0, 754771.0)	(92.0, 515648.0)	(93.0, 347238.5)	(94.0, 232529.0)	(95.0, 151366.5)	(96.0, 91829.5)	(97.0, 53372.5)	(98.0, 28978.0)	(99.0, 15197.5)	(100.0, 19725.0)
SRR20114178_1	(0.0, 68357.0)	(1.0, 38807.5)	(2.0, 16453.5)	(3.0, 27893.0)	(4.0, 32506.5)	(5.0, 30814.5)	(6.0, 27381.5)	(7.0, 24818.0)	(8.0, 21772.0)	(9.0, 18283.0)	(10.0, 15556.0)	(11.0, 13729.5)	(12.0, 12585.0)	(13.0, 12162.5)	(14.0, 12225.5)	(15.0, 12640.5)	(16.0, 13878.5)	(17.0, 16127.5)	(18.0, 19158.5)	(19.0, 23719.0)	(20.0, 31112.5)	(21.0, 41503.0)	(22.0, 55739.0)	(23.0, 77809.5)	(24.0, 108587.0)	(25.0, 151806.5)	(26.0, 214500.0)	(27.0, 299977.5)	(28.0, 406157.0)	(29.0, 532231.5)	(30.0, 682383.5)	(31.0, 854711.0)	(32.0, 1032246.5)	(33.0, 1195745.5)	(34.0, 1337287.5)	(35.0, 1460821.0)	(36.0, 1573819.5)	(37.0, 1671565.5)	(38.0, 1741486.0)	(39.0, 1772936.5)	(40.0, 1777967.0)	(41.0, 1764204.0)	(42.0, 1728305.0)	(43.0, 1690956.5)	(44.0, 1672206.5)	(45.0, 1670928.5)	(46.0, 1774362.0)	(47.0, 2260335.5)	(48.0, 2312657.5)	(49.0, 1865265.0)	(50.0, 1921587.5)	(51.0, 2021791.5)	(52.0, 2017309.0)	(53.0, 1949502.0)	(54.0, 1798403.5)	(55.0, 1626367.0)	(56.0, 1367969.0)	(57.0, 1276806.5)	(58.0, 1326834.5)	(59.0, 1243613.5)	(60.0, 1086239.0)	(61.0, 1136175.5)	(62.0, 1301853.0)	(63.0, 1299215.0)	(64.0, 1152512.5)	(65.0, 951735.5)	(66.0, 800973.0)	(67.0, 783202.5)	(68.0, 664750.5)	(69.0, 555777.5)	(70.0, 519339.5)	(71.0, 453854.5)	(72.0, 494672.0)	(73.0, 740156.5)	(74.0, 813296.0)	(75.0, 763351.0)	(76.0, 714416.0)	(77.0, 523397.0)	(78.0, 367061.0)	(79.0, 281425.5)	(80.0, 301303.0)	(81.0, 420226.0)	(82.0, 591399.0)	(83.0, 677064.0)	(84.0, 461935.0)	(85.0, 254966.5)	(86.0, 318919.5)	(87.0, 288815.0)	(88.0, 215182.0)	(89.0, 229966.5)	(90.0, 172242.5)	(91.0, 92527.0)	(92.0, 56339.5)	(93.0, 30918.0)	(94.0, 21535.5)	(95.0, 18850.0)	(96.0, 13621.5)	(97.0, 6102.0)	(98.0, 2240.5)	(99.0, 1677.5)	(100.0, 1384.0)
SRR20114178_2	(0.0, 49739.0)	(1.0, 29723.5)	(2.0, 19387.0)	(3.0, 33911.0)	(4.0, 35896.5)	(5.0, 30480.0)	(6.0, 25815.0)	(7.0, 22516.5)	(8.0, 20304.0)	(9.0, 18660.5)	(10.0, 17200.0)	(11.0, 15746.5)	(12.0, 15029.0)	(13.0, 14532.0)	(14.0, 14192.0)	(15.0, 14459.0)	(16.0, 15160.0)	(17.0, 16249.0)	(18.0, 18053.5)	(19.0, 21391.0)	(20.0, 26440.5)	(21.0, 34591.5)	(22.0, 47467.5)	(23.0, 66613.5)	(24.0, 94383.0)	(25.0, 131726.5)	(26.0, 181983.0)	(27.0, 247094.5)	(28.0, 327929.5)	(29.0, 426529.0)	(30.0, 541784.0)	(31.0, 676339.0)	(32.0, 825544.0)	(33.0, 981650.0)	(34.0, 1135583.5)	(35.0, 1289303.0)	(36.0, 1437160.5)	(37.0, 1559218.5)	(38.0, 1654278.5)	(39.0, 1723715.5)	(40.0, 1759660.5)	(41.0, 1763204.5)	(42.0, 1746765.0)	(43.0, 1720715.0)	(44.0, 1693684.5)	(45.0, 1686457.0)	(46.0, 1713012.5)	(47.0, 1767583.0)	(48.0, 1829159.5)	(49.0, 1866563.5)	(50.0, 1867020.0)	(51.0, 1845164.5)	(52.0, 1836578.0)	(53.0, 1835469.0)	(54.0, 1797272.5)	(55.0, 1736065.0)	(56.0, 1687583.0)	(57.0, 1642915.0)	(58.0, 1583578.5)	(59.0, 1517728.0)	(60.0, 1438565.5)	(61.0, 1333358.0)	(62.0, 1215310.0)	(63.0, 1100232.0)	(64.0, 1010960.0)	(65.0, 952948.5)	(66.0, 919396.5)	(67.0, 885217.0)	(68.0, 817156.5)	(69.0, 733011.0)	(70.0, 682148.5)	(71.0, 684694.0)	(72.0, 709731.5)	(73.0, 724952.5)	(74.0, 732888.5)	(75.0, 737033.5)	(76.0, 712589.5)	(77.0, 641837.5)	(78.0, 560016.5)	(79.0, 499591.0)	(80.0, 468597.0)	(81.0, 466201.0)	(82.0, 472219.5)	(83.0, 468836.5)	(84.0, 452722.5)	(85.0, 420390.5)	(86.0, 371800.5)	(87.0, 308521.5)	(88.0, 242458.0)	(89.0, 200770.5)	(90.0, 176861.0)	(91.0, 144112.5)	(92.0, 104069.5)	(93.0, 71048.0)	(94.0, 47926.0)	(95.0, 31347.0)	(96.0, 19993.0)	(97.0, 12584.0)	(98.0, 7620.0)	(99.0, 4637.5)	(100.0, 6689.5)
SRR20114179_1	(0.0, 39879.0)	(1.0, 22123.5)	(2.0, 8197.0)	(3.0, 16136.5)	(4.0, 22723.0)	(5.0, 25872.0)	(6.0, 27091.5)	(7.0, 27131.5)	(8.0, 25218.5)	(9.0, 22328.0)	(10.0, 19739.5)	(11.0, 17915.5)	(12.0, 17202.0)	(13.0, 17572.0)	(14.0, 18656.5)	(15.0, 20812.5)	(16.0, 24147.0)	(17.0, 29155.5)	(18.0, 36826.0)	(19.0, 48115.0)	(20.0, 65408.5)	(21.0, 91532.5)	(22.0, 129514.0)	(23.0, 180517.0)	(24.0, 251000.0)	(25.0, 348353.5)	(26.0, 474073.0)	(27.0, 629756.0)	(28.0, 812356.0)	(29.0, 1019668.0)	(30.0, 1251111.5)	(31.0, 1500720.5)	(32.0, 1741827.0)	(33.0, 1955854.5)	(34.0, 2135950.5)	(35.0, 2299679.5)	(36.0, 2462681.0)	(37.0, 2596245.0)	(38.0, 2694365.5)	(39.0, 2760183.0)	(40.0, 2794751.0)	(41.0, 2791876.0)	(42.0, 2740921.5)	(43.0, 2673478.0)	(44.0, 2621273.5)	(45.0, 2563194.0)	(46.0, 2505075.0)	(47.0, 2516027.5)	(48.0, 2430252.5)	(49.0, 2268581.0)	(50.0, 2202754.0)	(51.0, 2182481.5)	(52.0, 2109347.0)	(53.0, 1930529.5)	(54.0, 1779947.5)	(55.0, 1656646.5)	(56.0, 1517572.5)	(57.0, 1432553.5)	(58.0, 1373984.5)	(59.0, 1293098.5)	(60.0, 1196368.0)	(61.0, 1167278.5)	(62.0, 1312902.5)	(63.0, 1329711.5)	(64.0, 1012757.5)	(65.0, 729914.0)	(66.0, 623498.5)	(67.0, 574835.0)	(68.0, 485299.0)	(69.0, 392690.0)	(70.0, 344471.5)	(71.0, 280402.5)	(72.0, 237963.0)	(73.0, 288758.0)	(74.0, 335945.0)	(75.0, 370651.0)	(76.0, 377582.5)	(77.0, 313715.0)	(78.0, 273175.5)	(79.0, 241376.0)	(80.0, 230033.0)	(81.0, 259795.0)	(82.0, 327001.5)	(83.0, 424807.5)	(84.0, 335681.5)	(85.0, 194104.0)	(86.0, 268963.0)	(87.0, 240350.5)	(88.0, 157510.0)	(89.0, 191344.0)	(90.0, 143869.5)	(91.0, 66003.5)	(92.0, 40378.5)	(93.0, 20161.5)	(94.0, 11553.0)	(95.0, 8329.5)	(96.0, 5160.5)	(97.0, 2107.0)	(98.0, 709.0)	(99.0, 404.0)	(100.0, 224.5)
SRR20114179_2	(0.0, 34820.0)	(1.0, 19816.5)	(2.0, 8533.5)	(3.0, 14517.0)	(4.0, 18127.0)	(5.0, 21102.0)	(6.0, 24222.0)	(7.0, 27358.5)	(8.0, 29936.0)	(9.0, 31434.5)	(10.0, 31904.0)	(11.0, 31639.0)	(12.0, 30888.5)	(13.0, 29931.5)	(14.0, 29352.0)	(15.0, 29246.5)	(16.0, 30064.0)	(17.0, 31989.0)	(18.0, 35972.0)	(19.0, 42743.5)	(20.0, 52865.5)	(21.0, 68619.5)	(22.0, 92998.0)	(23.0, 129604.5)	(24.0, 182414.0)	(25.0, 255445.0)	(26.0, 351193.0)	(27.0, 470191.0)	(28.0, 615467.5)	(29.0, 788930.0)	(30.0, 985670.0)	(31.0, 1200355.5)	(32.0, 1424430.5)	(33.0, 1647754.5)	(34.0, 1863578.5)	(35.0, 2067755.5)	(36.0, 2252086.5)	(37.0, 2410134.0)	(38.0, 2541146.0)	(39.0, 2639985.5)	(40.0, 2704650.0)	(41.0, 2734506.0)	(42.0, 2727928.5)	(43.0, 2693651.5)	(44.0, 2643989.0)	(45.0, 2583500.0)	(46.0, 2519390.5)	(47.0, 2458490.0)	(48.0, 2396704.5)	(49.0, 2332670.0)	(50.0, 2261205.5)	(51.0, 2180253.0)	(52.0, 2096599.5)	(53.0, 2016878.0)	(54.0, 1938169.0)	(55.0, 1852351.0)	(56.0, 1766881.0)	(57.0, 1686460.0)	(58.0, 1608583.0)	(59.0, 1528886.0)	(60.0, 1449092.0)	(61.0, 1382414.0)	(62.0, 1298294.5)	(63.0, 1154664.0)	(64.0, 995027.5)	(65.0, 874907.5)	(66.0, 802316.5)	(67.0, 764573.0)	(68.0, 711225.0)	(69.0, 596805.0)	(70.0, 472993.0)	(71.0, 399873.5)	(72.0, 362554.0)	(73.0, 337651.5)	(74.0, 322440.5)	(75.0, 322511.0)	(76.0, 325947.0)	(77.0, 323864.0)	(78.0, 323168.5)	(79.0, 317823.0)	(80.0, 309652.0)	(81.0, 310524.5)	(82.0, 316477.0)	(83.0, 321604.5)	(84.0, 328618.0)	(85.0, 329429.5)	(86.0, 306217.0)	(87.0, 252533.0)	(88.0, 186576.5)	(89.0, 142136.5)	(90.0, 121163.0)	(91.0, 100108.0)	(92.0, 73449.5)	(93.0, 49099.0)	(94.0, 31629.0)	(95.0, 20366.0)	(96.0, 12836.0)	(97.0, 7983.5)	(98.0, 4995.0)	(99.0, 3378.5)	(100.0, 5885.0)
SRR20114180_1	(0.0, 95388.0)	(1.0, 56524.5)	(2.0, 28042.0)	(3.0, 46489.5)	(4.0, 57226.5)	(5.0, 58376.0)	(6.0, 54821.0)	(7.0, 49511.5)	(8.0, 42517.0)	(9.0, 35746.5)	(10.0, 29794.5)	(11.0, 25268.5)	(12.0, 23025.0)	(13.0, 22294.5)	(14.0, 22382.0)	(15.0, 23325.5)	(16.0, 25422.5)	(17.0, 28854.0)	(18.0, 34359.0)	(19.0, 43155.5)	(20.0, 57225.0)	(21.0, 79201.0)	(22.0, 111133.5)	(23.0, 155491.0)	(24.0, 219150.5)	(25.0, 309792.5)	(26.0, 427503.5)	(27.0, 575093.5)	(28.0, 755953.5)	(29.0, 968056.0)	(30.0, 1210692.0)	(31.0, 1479169.0)	(32.0, 1748603.5)	(33.0, 1991815.0)	(34.0, 2197204.5)	(35.0, 2387291.0)	(36.0, 2573219.0)	(37.0, 2719095.0)	(38.0, 2823034.0)	(39.0, 2889086.0)	(40.0, 2911961.0)	(41.0, 2898363.0)	(42.0, 2846229.5)	(43.0, 2785756.0)	(44.0, 2750765.5)	(45.0, 2703278.0)	(46.0, 2650691.5)	(47.0, 2754857.5)	(48.0, 2668543.5)	(49.0, 2402866.5)	(50.0, 2332533.5)	(51.0, 2337195.5)	(52.0, 2326851.5)	(53.0, 2203179.0)	(54.0, 2084045.0)	(55.0, 1945856.5)	(56.0, 1744714.5)	(57.0, 1697411.0)	(58.0, 1779399.5)	(59.0, 1685420.0)	(60.0, 1477499.5)	(61.0, 1466096.0)	(62.0, 1702250.5)	(63.0, 1801437.5)	(64.0, 1452429.0)	(65.0, 1072782.5)	(66.0, 983881.5)	(67.0, 967467.0)	(68.0, 814755.0)	(69.0, 745579.5)	(70.0, 723396.0)	(71.0, 572519.0)	(72.0, 532494.0)	(73.0, 811899.5)	(74.0, 1021453.5)	(75.0, 1192176.0)	(76.0, 1204573.5)	(77.0, 878025.5)	(78.0, 626775.5)	(79.0, 504530.5)	(80.0, 528991.5)	(81.0, 676376.5)	(82.0, 901792.0)	(83.0, 1078990.0)	(84.0, 824021.0)	(85.0, 541904.0)	(86.0, 683591.5)	(87.0, 586392.0)	(88.0, 391748.5)	(89.0, 417440.5)	(90.0, 325918.5)	(91.0, 188033.0)	(92.0, 119472.0)	(93.0, 60769.5)	(94.0, 35173.0)	(95.0, 25142.5)	(96.0, 15713.0)	(97.0, 7037.0)	(98.0, 2953.0)	(99.0, 2241.5)	(100.0, 1603.0)
SRR20114180_2	(0.0, 81352.0)	(1.0, 47343.0)	(2.0, 23140.5)	(3.0, 37328.0)	(4.0, 42552.5)	(5.0, 43393.0)	(6.0, 43305.0)	(7.0, 43240.0)	(8.0, 43267.5)	(9.0, 42935.0)	(10.0, 41494.5)	(11.0, 39542.0)	(12.0, 37377.5)	(13.0, 35382.5)	(14.0, 33895.0)	(15.0, 32487.0)	(16.0, 32206.0)	(17.0, 33601.5)	(18.0, 36196.5)	(19.0, 40885.5)	(20.0, 49328.0)	(21.0, 62843.0)	(22.0, 83925.0)	(23.0, 115395.0)	(24.0, 162094.5)	(25.0, 228638.0)	(26.0, 317184.5)	(27.0, 429214.5)	(28.0, 569048.0)	(29.0, 742137.0)	(30.0, 942138.5)	(31.0, 1164643.5)	(32.0, 1406165.5)	(33.0, 1653376.0)	(34.0, 1897003.5)	(35.0, 2132137.5)	(36.0, 2346361.5)	(37.0, 2531408.0)	(38.0, 2685527.5)	(39.0, 2804032.5)	(40.0, 2878768.0)	(41.0, 2906310.5)	(42.0, 2897131.5)	(43.0, 2856688.0)	(44.0, 2798306.0)	(45.0, 2729488.0)	(46.0, 2659959.0)	(47.0, 2595331.5)	(48.0, 2524164.5)	(49.0, 2458928.5)	(50.0, 2393608.0)	(51.0, 2323708.0)	(52.0, 2266443.0)	(53.0, 2219600.0)	(54.0, 2168521.0)	(55.0, 2115453.0)	(56.0, 2069429.5)	(57.0, 2016461.0)	(58.0, 1950428.5)	(59.0, 1880170.0)	(60.0, 1805688.0)	(61.0, 1729564.0)	(62.0, 1627349.0)	(63.0, 1468878.5)	(64.0, 1302263.5)	(65.0, 1187404.5)	(66.0, 1137725.5)	(67.0, 1117310.0)	(68.0, 1055695.5)	(69.0, 936882.0)	(70.0, 848721.0)	(71.0, 842589.5)	(72.0, 866336.5)	(73.0, 883178.5)	(74.0, 903621.0)	(75.0, 942638.5)	(76.0, 973012.0)	(77.0, 960297.5)	(78.0, 922740.0)	(79.0, 856350.5)	(80.0, 791831.0)	(81.0, 779629.0)	(82.0, 792344.5)	(83.0, 796924.5)	(84.0, 787743.0)	(85.0, 754932.5)	(86.0, 683326.5)	(87.0, 575233.0)	(88.0, 448748.0)	(89.0, 355528.0)	(90.0, 300783.0)	(91.0, 238620.5)	(92.0, 165801.0)	(93.0, 106673.0)	(94.0, 67807.5)	(95.0, 43117.0)	(96.0, 26852.0)	(97.0, 16634.5)	(98.0, 10374.0)	(99.0, 6564.0)	(100.0, 9946.5)
