Sample	0	1	2	3	4	5	6	7	8	9	10	11	12	13	14	15	16	17	18	19	20	21	22	23	24	25	26	27	28	29	30	31	32	33	34	35	36	37	38	39	40	41	42	43	44	45	46	47	48	49
SRR20114171_1 - polya	(1, 0.0018034047929343447)	(2, 0.0019376007109464305)	(3, 0.002223649904603771)	(4, 0.0028640234081000397)	(5, 0.004756892146375775)	(6, 0.016182379692211774)	(7, 0.032828559311588124)	(8, 0.05156890154625834)	(9, 0.07312500374483126)	(10, 0.10750270189943609)	(12, 0.14693275865147842)	(14, 0.17281903352029218)	(16, 0.1949083879193868)	(18, 0.2119406750923418)	(20, 0.22748738990975947)	(22, 0.24402997969768792)	(24, 0.26070146819633844)	(26, 0.2775459987997941)	(28, 0.2977183527385143)	(30, 0.32911254603170137)	(32, 0.3555426675156167)	(34, 0.3768745212722484)	(36, 0.3965401090468967)	(38, 0.41364008275744546)	(40, 0.4279172335610383)	(42, 0.44248631934416616)	(44, 0.45917546520044994)	(46, 0.47756501459680784)	(48, 0.4957732817881319)	(50, 0.5102717381407271)	(52, 0.5237260560786142)	(54, 0.5391185633060356)	(56, 0.5593656667254029)	(58, 0.5786475012608236)	(60, 0.593908166884584)	(62, 0.6103571726770566)	(64, 0.6258156007063085)	(66, 0.641569495186622)	(68, 0.6567124450928279)	(70, 0.6725846438692836)	(72, 0.68970109778029)	(74, 0.7060076675545217)	(76, 0.7221235378663153)	(78, 0.7425024828893436)	(80, 0.7717030437859032)	(82, 0.7938377187362564)	(84, 0.8093620675673386)	(86, 0.8277257195058345)	(88, 0.8487173748387339)	(90, 0.854421878511423)
SRR20114171_1 - polyg	(1, 0.0)	(2, 0.0)	(3, 0.0004979374852553707)	(4, 0.000896993767764994)	(5, 0.0013796282097382846)	(6, 0.0018916915811001906)	(7, 0.0026921584604705263)	(8, 0.0033454806928977857)	(9, 0.00428602927615793)	(10, 0.00551380421025096)	(12, 0.006851054761669639)	(14, 0.008050577923549598)	(16, 0.009423731768822387)	(18, 0.0111959418966048)	(20, 0.013177097423046381)	(22, 0.01793045809789552)	(24, 0.025584922631874358)	(26, 0.037095165494349575)	(28, 0.04917927247990278)	(30, 0.06163771544727917)	(32, 0.07143696035510029)	(34, 0.08389069469377451)	(36, 0.10016606980285431)	(38, 0.10278642167561661)	(40, 0.10520901114288742)	(42, 0.10807715460110187)	(44, 0.1099341200455235)	(46, 0.11203769991822171)	(48, 0.11648087967731485)	(50, 0.12022541665272227)	(52, 0.12272687565075455)	(54, 0.12784515505002253)	(56, 0.13320710598462823)	(58, 0.13722533200334977)	(60, 0.14097281187169602)	(62, 0.14347897949843053)	(64, 0.14622587576756385)	(66, 0.15015934646964618)	(68, 0.15458310313534285)	(70, 0.15921580519969863)	(72, 0.16346475402482694)	(74, 0.16873135522821353)	(76, 0.17224458081862642)	(78, 0.17586669344777717)	(80, 0.17906208660079304)	(82, 0.18334164151248547)	(84, 0.1899243044381309)	(86, 0.1960584704798939)	(88, 0.20139687827098873)	(90, 0.20515377539673935)
SRR20114171_2 - polya	(1, 0.005383139763765509)	(2, 0.019052288886189536)	(3, 0.05159009037541814)	(4, 0.08635271892642607)	(5, 0.11674691719898793)	(6, 0.14124002655054466)	(7, 0.16305274901338632)	(8, 0.18380720717541335)	(9, 0.20340451983388005)	(10, 0.23149561009248887)	(12, 0.26666847791917414)	(14, 0.297796633690688)	(16, 0.3257600023957503)	(18, 0.35252679083187144)	(20, 0.3789580894729624)	(22, 0.4063870288203274)	(24, 0.4345157881085536)	(26, 0.4631554336109662)	(28, 0.4913012616782379)	(30, 0.5183264361143911)	(32, 0.5442327226551891)	(34, 0.5689518461844504)	(36, 0.5922118833946242)	(38, 0.6138633353244163)	(40, 0.6345030206618276)	(42, 0.6547212837303942)	(44, 0.6746046455825181)	(46, 0.6942796506145708)	(48, 0.7144896735829085)	(50, 0.7359098141277061)	(52, 0.7580650893286311)	(54, 0.7806971131856518)	(56, 0.8036958215028547)	(58, 0.8265726940523886)	(60, 0.8494177833581829)	(62, 0.87231761047264)	(64, 0.895411668521062)	(66, 0.9180884243507534)	(68, 0.9406333385767838)	(70, 0.9631217492583881)	(72, 0.9857008010425092)	(74, 1.0086141654644851)	(76, 1.03115790253334)	(78, 1.0535933411420446)	(80, 1.074799239080893)	(82, 1.0955066109558984)	(84, 1.115507099946989)	(86, 1.1352703917672076)	(88, 1.1538400462114238)	(90, 1.1582814602347535)
SRR20114171_2 - polyg	(1, 0.23514067728656277)	(2, 0.2791946074241443)	(3, 0.30593373266664015)	(4, 0.3137700679842406)	(5, 0.3198088842947845)	(6, 0.3254851361952606)	(7, 0.3304468536901812)	(8, 0.33456454949023623)	(9, 0.3382502286068664)	(10, 0.34277639794683545)	(12, 0.34756389617977534)	(14, 0.3508981938795055)	(16, 0.35344438485020846)	(18, 0.35550264417164823)	(20, 0.35733371215820786)	(22, 0.3589505375388184)	(24, 0.3606144492064507)	(26, 0.36210002156198795)	(28, 0.36355969645966335)	(30, 0.36505468607260494)	(32, 0.3665143609702803)	(34, 0.368050551084366)	(36, 0.36974448025997464)	(38, 0.3715213990164593)	(40, 0.3733583527888967)	(42, 0.37530125070713305)	(44, 0.37738893895796144)	(46, 0.3796849840288612)	(48, 0.3821417110542228)	(50, 0.3847149766399633)	(52, 0.3874695244307377)	(54, 0.3903117704310901)	(56, 0.39352952957044135)	(58, 0.39739295942057873)	(60, 0.4022269553619527)	(62, 0.4084394023558894)	(64, 0.4156971649217097)	(66, 0.4232356794738974)	(68, 0.43072475342471217)	(70, 0.4375652137718019)	(72, 0.44381709553111937)	(74, 0.45013784098520615)	(76, 0.45825728260352516)	(78, 0.46632375214894456)	(80, 0.47413889863738523)	(82, 0.48225245446982645)	(84, 0.4901411732817387)	(86, 0.4980740354877338)	(88, 0.5062953012017374)	(90, 0.5126401783779229)
SRR20114172_1 - polya	(1, 0.002223837877580044)	(2, 0.0023517426634838043)	(3, 0.002577707785247114)	(4, 0.0030134367558925907)	(5, 0.003997450908778852)	(6, 0.008834809911659063)	(7, 0.016115150325301093)	(8, 0.023624866654997204)	(9, 0.03214417809476033)	(10, 0.04523096943914673)	(12, 0.060002693163171986)	(14, 0.06922462822683309)	(16, 0.07734743483029458)	(18, 0.08292280444783948)	(20, 0.08754485706111503)	(22, 0.09338541593476707)	(24, 0.09863079120468027)	(26, 0.10348477782972797)	(28, 0.10987106378990272)	(30, 0.1208188607646919)	(32, 0.13090031598962626)	(34, 0.13960892651252696)	(36, 0.14805533222432493)	(38, 0.15423654417776733)	(40, 0.1593987813368431)	(42, 0.16495965507865223)	(44, 0.17251456443270102)	(46, 0.1815335572360615)	(48, 0.18895928275634744)	(50, 0.1942076424712651)	(52, 0.19904670687129067)	(54, 0.20507912292379835)	(56, 0.2141433087515115)	(58, 0.222878779279452)	(60, 0.22841492476265307)	(62, 0.23481528024927723)	(64, 0.2411154436536101)	(66, 0.24731754672208345)	(68, 0.2531014011406515)	(70, 0.2599067884493042)	(72, 0.2678300635867558)	(74, 0.2749368798408551)	(76, 0.28170005857015956)	(78, 0.2918126372929972)	(80, 0.3109143643691511)	(82, 0.32341023560266213)	(84, 0.3298741171329518)	(86, 0.33791293292700314)	(88, 0.3478882271796374)	(90, 0.35033120859039923)
SRR20114172_1 - polyg	(1, 0.0)	(2, 0.0)	(3, 0.0009797506600228033)	(4, 0.0018614409841860569)	(5, 0.0026544506567893703)	(6, 0.003806446428495904)	(7, 0.0057011426570169384)	(8, 0.007282045810787415)	(9, 0.0101206793592782)	(10, 0.013087217693672746)	(12, 0.01609894905241995)	(14, 0.01830274851354174)	(16, 0.02127525573794513)	(18, 0.024456674112657992)	(20, 0.026862136786221374)	(22, 0.031375043982192374)	(24, 0.03838806339329555)	(26, 0.047679919739917385)	(28, 0.05732820408992437)	(30, 0.0674194653484447)	(32, 0.07594730377393474)	(34, 0.0873521471836867)	(36, 0.10200236136110338)	(38, 0.10786295865121368)	(40, 0.11442660591450832)	(42, 0.12150357771856335)	(44, 0.12722859593561567)	(46, 0.13606255314870203)	(48, 0.15538470280589675)	(50, 0.17133869310095912)	(52, 0.18036578654076013)	(54, 0.20478408921764701)	(56, 0.23275686589479938)	(58, 0.24592167915858706)	(60, 0.25860983392024006)	(62, 0.2671862761643735)	(64, 0.28380068150398563)	(66, 0.3022671481434842)	(68, 0.3151671985004511)	(70, 0.3301461279776405)	(72, 0.3443392957200944)	(74, 0.36030522379517443)	(76, 0.3718878548573326)	(78, 0.3846877131320082)	(80, 0.39719168500195984)	(82, 0.4168497978967951)	(84, 0.4400572686004597)	(86, 0.458571486360029)	(88, 0.4771615942925679)	(90, 0.4893884391263946)
SRR20114172_2 - polya	(1, 0.0064950050281929435)	(2, 0.025401037781914087)	(3, 0.07353331411464444)	(4, 0.122965103072157)	(5, 0.16270938354531875)	(6, 0.19433938440074597)	(7, 0.22011987304750785)	(8, 0.2441352756487979)	(9, 0.26564203904922884)	(10, 0.295218315392328)	(12, 0.33062278647977517)	(14, 0.36276184838309933)	(16, 0.3899386309426439)	(18, 0.41426228407796206)	(20, 0.4373896011157936)	(22, 0.4618317793527158)	(24, 0.4860369073864298)	(26, 0.5084999722361345)	(28, 0.5284497080428303)	(30, 0.5462902939299732)	(32, 0.5613212380200967)	(34, 0.5744301995273731)	(36, 0.5856052406717847)	(38, 0.5951226357908834)	(40, 0.603773262810841)	(42, 0.6112454604033387)	(44, 0.6182537899722921)	(46, 0.6254825421222863)	(48, 0.6326788917265181)	(50, 0.6399596584894465)	(52, 0.647289881769591)	(54, 0.6552869153335805)	(56, 0.6637473905718279)	(58, 0.6722718182030272)	(60, 0.6800919168131829)	(62, 0.6878472103318143)	(64, 0.6975146803997069)	(66, 0.7062181747311714)	(68, 0.7145515978820878)	(70, 0.7223853396694067)	(72, 0.7299777677606539)	(74, 0.7378434857444488)	(76, 0.7459876098122276)	(78, 0.7539710001990539)	(80, 0.7614738949401685)	(82, 0.7692351573488087)	(84, 0.7767602222528132)	(86, 0.784168467452359)	(88, 0.7914355910381243)	(90, 0.7931222288149086)
SRR20114172_2 - polyg	(1, 0.3724723797289128)	(2, 0.44596391161349536)	(3, 0.489639132506766)	(4, 0.5021072910366645)	(5, 0.5119022395411745)	(6, 0.5210065022018041)	(7, 0.5287055176146378)	(8, 0.535288350595818)	(9, 0.5411233669287475)	(10, 0.5485802159469368)	(12, 0.5560805525923332)	(14, 0.5615685206061772)	(16, 0.56577786711027)	(18, 0.5696823738746255)	(20, 0.5736435850940649)	(22, 0.5778128547652411)	(24, 0.5820409606379331)	(26, 0.5863129804871188)	(28, 0.5901108999298876)	(30, 0.594043545747142)	(32, 0.5983176973427593)	(34, 0.6028860299459553)	(36, 0.6074859123963408)	(38, 0.6122205212212117)	(40, 0.6172821399487098)	(42, 0.6223556964562256)	(44, 0.6279681584616826)	(46, 0.6348473041968732)	(48, 0.6435205277290073)	(50, 0.6524282433686315)	(52, 0.66133894345326)	(54, 0.6705804905840931)	(56, 0.6806235743732563)	(58, 0.6924313178586051)	(60, 0.7069118450200562)	(62, 0.7241900761985087)	(64, 0.7432943613703809)	(66, 0.7633775445037028)	(68, 0.7831004624900626)	(70, 0.8018461879121177)	(72, 0.8197383620629084)	(74, 0.8381093264622654)	(76, 0.8748772625674468)	(78, 0.9091421020124915)	(80, 0.9342054711596195)	(82, 0.9591319821858307)	(84, 0.982828475520934)	(86, 1.005233983216982)	(88, 1.0280223525721686)	(90, 1.0462483582141682)
SRR20114173_1 - polya	(1, 0.0014248056940806204)	(2, 0.0015360542589741334)	(3, 0.00178492141895814)	(4, 0.0022340359957504696)	(5, 0.003614342263873685)	(6, 0.01250186650369988)	(7, 0.024669163249275566)	(8, 0.03841206929912085)	(9, 0.05399263682831825)	(10, 0.07804869687551401)	(12, 0.10427286784296778)	(14, 0.12184025233481896)	(16, 0.13723458152575016)	(18, 0.1481777320257754)	(20, 0.15793258304004915)	(22, 0.16881063252802558)	(24, 0.179614516306073)	(26, 0.1907575021911847)	(28, 0.20529315727382674)	(30, 0.23116174486534308)	(32, 0.249919076969833)	(34, 0.2649462858966156)	(36, 0.27850624986196937)	(38, 0.29019064542956285)	(40, 0.2997275316629897)	(42, 0.30960516813036815)	(44, 0.3215005239395375)	(46, 0.33466287729332733)	(48, 0.34729989020178675)	(50, 0.3571696980664505)	(52, 0.36639138003267907)	(54, 0.37704899254947755)	(56, 0.39180590866674114)	(58, 0.4059488975184813)	(60, 0.4166279356848148)	(62, 0.4280465707918294)	(64, 0.43859087458512525)	(66, 0.44945038264561943)	(68, 0.4601529066200972)	(70, 0.47204826242926656)	(72, 0.4857656225123585)	(74, 0.4989625865307819)	(76, 0.5109288117961056)	(78, 0.5263103680036602)	(80, 0.551323577740662)	(82, 0.5696894797094154)	(84, 0.5809412419690897)	(86, 0.5939223013652754)	(88, 0.6095556089548667)	(90, 0.6137657490885035)
SRR20114173_1 - polyg	(1, 0.0)	(2, 0.0)	(3, 0.0009377841988801308)	(4, 0.0017025150745925749)	(5, 0.002585087022747777)	(6, 0.0034857883666634033)	(7, 0.004685624740626031)	(8, 0.005567372625337578)	(9, 0.007091889996100532)	(10, 0.009000008899885191)	(12, 0.011079532999950226)	(14, 0.012695109381237132)	(16, 0.014778753798520443)	(18, 0.01700166493778156)	(20, 0.018772577278197554)	(22, 0.02199713753322212)	(24, 0.026552560249750556)	(26, 0.03247881250480017)	(28, 0.03940753793905688)	(30, 0.04664157887918802)	(32, 0.05347636108086798)	(34, 0.06287315652887338)	(36, 0.07392549543518295)	(38, 0.07853201008521804)	(40, 0.08365397641925974)	(42, 0.08969600958814297)	(44, 0.09363379675365151)	(46, 0.09927121477169981)	(48, 0.1123878326043668)	(50, 0.12319954498512894)	(52, 0.129230041265801)	(54, 0.14581555416453645)	(56, 0.1646058488067726)	(58, 0.17290622784299414)	(60, 0.18080116766493712)	(62, 0.18659927805449827)	(64, 0.19432816909254463)	(66, 0.20388236065828824)	(68, 0.21218356375795344)	(70, 0.22166564977237718)	(72, 0.23090752129297532)	(74, 0.24239331757064778)	(76, 0.25043617678072694)	(78, 0.25876168975198)	(80, 0.2668300949288125)	(82, 0.27830600244516107)	(84, 0.2929129390156793)	(86, 0.30590306310974513)	(88, 0.3178544552330831)	(90, 0.3259788967240841)
SRR20114173_2 - polya	(1, 0.00534322736866324)	(2, 0.019775050457404655)	(3, 0.05384595353534754)	(4, 0.08869724469443233)	(5, 0.11801330170248212)	(6, 0.14124612236946588)	(7, 0.16123460525877734)	(8, 0.1794447592366799)	(9, 0.1964971040762463)	(10, 0.22052143768086133)	(12, 0.2503393493260974)	(14, 0.2772021694623843)	(16, 0.3011712908162744)	(18, 0.3238936041799135)	(20, 0.34678814680327663)	(22, 0.3716118219482376)	(24, 0.3975982506121967)	(26, 0.423352293385045)	(28, 0.4480305213322007)	(30, 0.47135975742209224)	(32, 0.49338903342961693)	(34, 0.5135213153898462)	(36, 0.5320594466183237)	(38, 0.5486313624702389)	(40, 0.5640994453393773)	(42, 0.579064437476164)	(44, 0.5936198700814537)	(46, 0.6081435762441627)	(48, 0.6228741223312293)	(50, 0.6381580270207107)	(52, 0.6539598555845296)	(54, 0.6705540211494234)	(56, 0.6878700662909597)	(58, 0.7054370387510891)	(60, 0.7226191735830312)	(62, 0.740093850937471)	(64, 0.7576950220305121)	(66, 0.7746740252235931)	(68, 0.7917127730163392)	(70, 0.8089657773044356)	(72, 0.826269873526039)	(74, 0.8437540276100808)	(76, 0.8612249966790243)	(78, 0.8782892904385238)	(80, 0.894293838609482)	(82, 0.9100144969241009)	(84, 0.9250672518176367)	(86, 0.9397343450195419)	(88, 0.9541739967109979)	(90, 0.9577594967543437)
SRR20114173_2 - polyg	(1, 0.32210827072923354)	(2, 0.3883992303906687)	(3, 0.4282674197947291)	(4, 0.4401932659513137)	(5, 0.44958429295521346)	(6, 0.45810758115294387)	(7, 0.46566506699470983)	(8, 0.4718694406619932)	(9, 0.47758020032652687)	(10, 0.48454065220336434)	(12, 0.4915954593445004)	(14, 0.49667127812569734)	(16, 0.5006263706235227)	(18, 0.5043466050399061)	(20, 0.5079770165409311)	(22, 0.5116412146431459)	(24, 0.515103929233387)	(26, 0.5185007187481356)	(28, 0.5216507012615093)	(30, 0.5246972638127042)	(32, 0.5277401180784027)	(34, 0.5308925727821074)	(36, 0.5342024236035503)	(38, 0.5375036217588349)	(40, 0.5409984748233785)	(42, 0.5445975719135445)	(44, 0.548377550929593)	(46, 0.5525765662067403)	(48, 0.5574249434774884)	(50, 0.562487165211865)	(52, 0.5675926502770337)	(54, 0.5731575507120402)	(56, 0.5793887064412424)	(58, 0.5867607780081858)	(60, 0.5957599628446275)	(62, 0.6067125900742547)	(64, 0.6191258697577615)	(66, 0.63218645127626)	(68, 0.6454794186858693)	(70, 0.6579689242379143)	(72, 0.6695622607949838)	(74, 0.6813208220725064)	(76, 0.6950241730770562)	(78, 0.7092091891644228)	(80, 0.7232162075479597)	(82, 0.7376084755914056)	(84, 0.7521317697223928)	(86, 0.7664774781812722)	(88, 0.7814354657787878)	(90, 0.7936975298203839)
SRR20114174_1 - polya	(1, 0.0008398660666398933)	(2, 0.000905098382495419)	(3, 0.0010301269878851766)	(4, 0.0011673866524978453)	(5, 0.0015859606792374685)	(6, 0.004147688083147176)	(7, 0.007537050494473865)	(8, 0.011056877537511606)	(9, 0.01512982025874099)	(10, 0.021080230570687225)	(12, 0.027269826040770388)	(14, 0.03165669928205449)	(16, 0.03562703700646945)	(18, 0.038359319736209756)	(20, 0.04062614271218927)	(22, 0.04344336335319979)	(24, 0.04565242854951557)	(26, 0.04811223045990101)	(28, 0.050870334314667455)	(30, 0.05643342775122151)	(32, 0.06167103911178809)	(34, 0.06612246516563755)	(36, 0.07013289358417206)	(38, 0.07301602604432826)	(40, 0.07556212487256425)	(42, 0.07833178028326346)	(44, 0.08183054272430618)	(46, 0.08586407425470619)	(48, 0.08908016332704163)	(50, 0.09140542358597506)	(52, 0.09348742166703058)	(54, 0.09592208195568006)	(56, 0.09983805941688208)	(58, 0.10397011892435554)	(60, 0.10651146122956039)	(62, 0.1096392148741748)	(64, 0.11247206409085905)	(66, 0.11515474308041754)	(68, 0.11799710534316404)	(70, 0.1215379969881968)	(72, 0.12498851469563804)	(74, 0.12790494281701215)	(76, 0.13130177976453064)	(78, 0.13536588894298793)	(80, 0.14323046002331974)	(82, 0.14850272605168457)	(84, 0.1515278746994846)	(86, 0.1559337740328932)	(88, 0.16105111331110117)	(90, 0.16224500059191532)
SRR20114174_1 - polyg	(1, 0.0)	(2, 0.0)	(3, 0.0010695381787145567)	(4, 0.0016742961069584929)	(5, 0.0025032901209557984)	(6, 0.003662522733971703)	(7, 0.005309638709323727)	(8, 0.0072136069283568836)	(9, 0.010650534569994893)	(10, 0.014741144376768484)	(12, 0.018582376476052723)	(14, 0.021061204478562696)	(16, 0.025674352315470654)	(18, 0.029960659069810824)	(20, 0.032207096947085484)	(22, 0.03685286094192121)	(24, 0.04417858591315478)	(26, 0.05412447557125196)	(28, 0.06512903135542111)	(30, 0.0774538620323745)	(32, 0.08744935543065349)	(34, 0.10037486701610984)	(36, 0.11811805692881283)	(38, 0.12404060760586244)	(40, 0.13093960451087444)	(42, 0.13933554716411273)	(44, 0.1456488122330053)	(46, 0.15623547349372502)	(48, 0.1742164895579846)	(50, 0.19030576846243397)	(52, 0.19974067164632953)	(54, 0.22736180088811353)	(56, 0.25962529660828243)	(58, 0.27809759355132896)	(60, 0.29608336613861963)	(62, 0.30580977623399463)	(64, 0.3240897737459254)	(66, 0.3448132650892777)	(68, 0.3613313105698191)	(70, 0.3826283026900679)	(72, 0.40210966201900455)	(74, 0.42654256182334976)	(76, 0.4429376172083719)	(78, 0.45966223168912246)	(80, 0.4757800497317586)	(82, 0.5022195227519514)	(84, 0.5338381698497567)	(86, 0.5571893004161645)	(88, 0.5800552656333968)	(90, 0.5956960723663394)
SRR20114174_2 - polya	(1, 0.0028403237528760146)	(2, 0.010079751806259044)	(3, 0.027004819757607313)	(4, 0.044374282860721356)	(5, 0.05807850521670305)	(6, 0.06859178012208526)	(7, 0.07733291044672572)	(8, 0.08479929259902276)	(9, 0.0918593317838031)	(10, 0.10083964726658046)	(12, 0.11167160921504854)	(14, 0.12172214237983062)	(16, 0.1305196714775545)	(18, 0.13800711823184655)	(20, 0.1457718023285246)	(22, 0.1543715959688114)	(24, 0.1635910966097257)	(26, 0.1722160318717485)	(28, 0.1797789034912485)	(30, 0.18664528423833274)	(32, 0.19249852557978586)	(34, 0.19760159528890042)	(36, 0.20172618026018208)	(38, 0.2055585788166942)	(40, 0.20897240334646672)	(42, 0.21187999792506876)	(44, 0.21488544097745405)	(46, 0.2174804640425817)	(48, 0.22016042501897953)	(50, 0.22329837121294638)	(52, 0.22699622811800652)	(54, 0.23116090378340773)	(56, 0.23598401813697567)	(58, 0.24074937471087984)	(60, 0.24592107425230075)	(62, 0.2505362605990792)	(64, 0.25769618676751327)	(66, 0.26308328885191545)	(68, 0.2677331298664921)	(70, 0.2713854600511114)	(72, 0.2749433392783982)	(74, 0.2788049564763873)	(76, 0.28251164692421954)	(78, 0.2862176578687616)	(80, 0.2900201582805066)	(82, 0.2941297941794047)	(84, 0.2981789542854784)	(86, 0.3022471404836767)	(88, 0.3061284632770805)	(90, 0.3070621007977627)
SRR20114174_2 - polyg	(1, 0.391510769699062)	(2, 0.4688396031260467)	(3, 0.513780591730763)	(4, 0.525145963762008)	(5, 0.5356850597924163)	(6, 0.5444683193210469)	(7, 0.5534554298367258)	(8, 0.5602096925409333)	(9, 0.5667071030014598)	(10, 0.5743508355124891)	(12, 0.5823900389383925)	(14, 0.5882555113390684)	(16, 0.5930154318866514)	(18, 0.5977936990230686)	(20, 0.6023042418631621)	(22, 0.6070458158219108)	(24, 0.6122345029455856)	(26, 0.6174707552995718)	(28, 0.622475297031613)	(30, 0.6274499406188869)	(32, 0.6319210722681512)	(34, 0.6367788412895173)	(36, 0.6423398962162008)	(38, 0.6486701488673475)	(40, 0.6558171644732687)	(42, 0.6636905690963725)	(44, 0.67258730567446)	(46, 0.68304961783308)	(48, 0.6955898510530147)	(50, 0.7086301986945084)	(52, 0.7224112049222784)	(54, 0.7385106763760801)	(56, 0.7562300836736275)	(58, 0.7784593543079781)	(60, 0.8077887548212287)	(62, 0.8468595145022377)	(64, 0.8930759307825876)	(66, 0.9407967673473554)	(68, 0.9862827175907813)	(70, 1.0259004774203706)	(72, 1.06022422711631)	(74, 1.0927133179288124)	(76, 1.1451981520609043)	(78, 1.1987803840066071)	(80, 1.2373272466509015)	(82, 1.2741114777605165)	(84, 1.3094837010331752)	(86, 1.3432570530640837)	(88, 1.3767993739763367)	(90, 1.4023493771897078)
SRR20114175_1 - polya	(1, 0.001488426312405564)	(2, 0.001635704923002612)	(3, 0.0017999270905710019)	(4, 0.0021687752923317503)	(5, 0.003032896697870182)	(6, 0.007853990331485051)	(7, 0.01410876955498269)	(8, 0.021208119925974902)	(9, 0.029195052012158176)	(10, 0.0401959822134359)	(12, 0.052171818615833906)	(14, 0.061051545819353265)	(16, 0.06835617389980597)	(18, 0.0736308335200383)	(20, 0.0779755525326512)	(22, 0.08390319077154833)	(24, 0.08975523467934254)	(26, 0.09441862289807029)	(28, 0.10068448060112611)	(30, 0.11085191813446746)	(32, 0.12110733182900615)	(34, 0.12952762796849487)	(36, 0.1368778733177166)	(38, 0.14215839801536206)	(40, 0.1465787113590779)	(42, 0.15130791877988664)	(44, 0.15821958667365782)	(46, 0.1658083451710146)	(48, 0.17158218804663336)	(50, 0.17577962844864925)	(52, 0.17933256201048597)	(54, 0.1841086900506)	(56, 0.19067757675333558)	(58, 0.1968952104865499)	(60, 0.20132138890767887)	(62, 0.20577819606640987)	(64, 0.2104924149560517)	(66, 0.21560285240871563)	(68, 0.22021540995652936)	(70, 0.22525025307809038)	(72, 0.23154022276606695)	(74, 0.23725476319228606)	(76, 0.2433798590374261)	(78, 0.2518392556930026)	(80, 0.26523835088099323)	(82, 0.27480559549238825)	(84, 0.28090657935260754)	(86, 0.2886028642692055)	(88, 0.29812253658602705)	(90, 0.30057739732106725)
SRR20114175_1 - polyg	(1, 0.0)	(2, 0.0)	(3, 0.0006868657326074714)	(4, 0.001253823215879293)	(5, 0.0018859482259639677)	(6, 0.0027696198895462553)	(7, 0.005262929465406014)	(8, 0.007915247806689134)	(9, 0.012211091174192407)	(10, 0.018501712537437116)	(12, 0.02203770254230252)	(14, 0.02460204472238829)	(16, 0.030269012854033994)	(18, 0.03525237362941287)	(20, 0.03715591708761631)	(22, 0.04072905258276504)	(24, 0.04598937534709854)	(26, 0.05346018062092402)	(28, 0.06165369376710403)	(30, 0.06958197507915573)	(32, 0.07735906772900161)	(34, 0.08711790486922637)	(36, 0.1000810293028391)	(38, 0.10653652450892032)	(40, 0.11327615013190559)	(42, 0.12116207255152894)	(44, 0.1267436712230498)	(46, 0.1346667391329565)	(48, 0.14952037351941008)	(50, 0.16373536614309775)	(52, 0.17357566269183855)	(54, 0.1981386068981391)	(56, 0.2251798721491325)	(58, 0.23451642371560993)	(60, 0.24343329640941264)	(62, 0.2508141704962364)	(64, 0.2662471441960562)	(66, 0.2819355746009825)	(68, 0.29234804203514014)	(70, 0.304181161553818)	(72, 0.3160794485993087)	(74, 0.32871738707412534)	(76, 0.338536830014286)	(78, 0.35011970623000255)	(80, 0.3613813065385317)	(82, 0.3804258645743198)	(84, 0.3992729650038651)	(86, 0.41131331725780784)	(88, 0.4245012696589249)	(90, 0.4337850355286839)
SRR20114175_2 - polya	(1, 0.0037301892347677097)	(2, 0.013990164656183296)	(3, 0.03938073645300711)	(4, 0.06284234945617047)	(5, 0.08125217578080146)	(6, 0.09538179894436427)	(7, 0.10711456047175033)	(8, 0.11651302118870001)	(9, 0.12467069219513295)	(10, 0.1347970741865822)	(12, 0.146320647952899)	(14, 0.1566288473441561)	(16, 0.16507130044276122)	(18, 0.17233747968239432)	(20, 0.17973269062511688)	(22, 0.1882116375387372)	(24, 0.1957124198748966)	(26, 0.20312783275093116)	(28, 0.21001604033504973)	(30, 0.21672634057096918)	(32, 0.22199969684066528)	(34, 0.22743727527792973)	(36, 0.232219920070725)	(38, 0.23621077941274415)	(40, 0.23994748540019312)	(42, 0.24370308997041784)	(44, 0.24745087443742503)	(46, 0.2516072592975488)	(48, 0.2556482976352138)	(50, 0.26033840453993484)	(52, 0.2659630137791522)	(54, 0.273465751141116)	(56, 0.28135688696288436)	(58, 0.28972179070458215)	(60, 0.29783970951965927)	(62, 0.30544736659979177)	(64, 0.31302439494232215)	(66, 0.3189298762221029)	(68, 0.32438113983999806)	(70, 0.3289454734179703)	(72, 0.33386431834180447)	(74, 0.3382005655759317)	(76, 0.3425302960573776)	(78, 0.3472432115964832)	(80, 0.3515116846027251)	(82, 0.3559280878948321)	(84, 0.36062275652643005)	(86, 0.3651838317280617)	(88, 0.36924963372591557)	(90, 0.3701737092561218)
SRR20114175_2 - polyg	(1, 0.4070415858752253)	(2, 0.4865016546686733)	(3, 0.5334783180469865)	(4, 0.546561350729935)	(5, 0.5575824828645246)	(6, 0.5676326188496028)	(7, 0.5761500146040428)	(8, 0.5837355147250588)	(9, 0.5903200416342296)	(10, 0.5986504065867165)	(12, 0.6073000924205865)	(14, 0.6135626917473017)	(16, 0.6185962315183264)	(18, 0.6230686788834926)	(20, 0.6268666423461458)	(22, 0.6307186948560535)	(24, 0.6349982463418535)	(26, 0.6394100879070836)	(28, 0.6434283176103641)	(30, 0.6472836284966126)	(32, 0.6509610320346618)	(34, 0.6548143878951058)	(36, 0.6589570875745989)	(38, 0.6629870474327058)	(40, 0.6672809357744046)	(42, 0.6716197897096043)	(44, 0.6762825262530641)	(46, 0.68202248201474)	(48, 0.6895428146089434)	(50, 0.697785203400233)	(52, 0.7057688771100756)	(54, 0.7138437853574563)	(56, 0.7221252746648337)	(58, 0.7307749604987036)	(60, 0.7411554958447231)	(62, 0.7531632643352593)	(64, 0.7669083990906262)	(66, 0.7822488349023718)	(68, 0.7985276831002226)	(70, 0.8153343882652574)	(72, 0.8310365038508143)	(74, 0.8465163981699395)	(76, 0.8738743776012433)	(78, 0.8990681434670923)	(80, 0.916827597874131)	(82, 0.9343504941588391)	(84, 0.9514647900504305)	(86, 0.9671434453263348)	(88, 0.9828077637463404)	(90, 0.9951472349483541)
SRR20114176_1 - polya	(1, 0.002879760729414981)	(2, 0.0029639437470836286)	(3, 0.0031019103593739115)	(4, 0.003327567615069036)	(5, 0.004400901090344291)	(6, 0.010239928732527975)	(7, 0.01805374966418868)	(8, 0.026804106667413088)	(9, 0.03713874129481829)	(10, 0.05265180071742405)	(12, 0.0699443955968587)	(14, 0.08168675735305629)	(16, 0.09141866495812556)	(18, 0.0982304741378136)	(20, 0.10455180031872391)	(22, 0.11222180859520069)	(24, 0.11939899545574224)	(26, 0.1261546826236512)	(28, 0.1348799016424329)	(30, 0.15030410121305507)	(32, 0.16462632169822308)	(34, 0.17667852372778442)	(36, 0.1869389136104402)	(38, 0.19478898000804157)	(40, 0.20112492129618603)	(42, 0.20809691205116027)	(44, 0.2174143352150693)	(46, 0.22795884278235676)	(48, 0.23711433055811154)	(50, 0.24391210923485482)	(52, 0.24987624219496274)	(54, 0.25702536804961473)	(56, 0.26708640786959686)	(58, 0.27707261834054014)	(60, 0.2844713702267513)	(62, 0.2923606051117401)	(64, 0.30001365986382533)	(66, 0.3075866238282674)	(68, 0.3148795623381033)	(70, 0.32378191645656285)	(72, 0.3332156758740556)	(74, 0.34197187892017367)	(76, 0.3503890114784597)	(78, 0.36192734633766865)	(80, 0.3810801520658647)	(82, 0.39427174785539965)	(84, 0.4019516944047956)	(86, 0.41167190992407754)	(88, 0.4226841009228575)	(90, 0.42540952611988)
SRR20114176_1 - polyg	(1, 0.0)	(2, 0.0)	(3, 0.0015725855383934833)	(4, 0.0028926220237810245)	(5, 0.0041226294486062616)	(6, 0.006010901303257173)	(7, 0.008507161618848316)	(8, 0.01112969646094243)	(9, 0.014746058594958075)	(10, 0.018374112814761034)	(12, 0.02235117579531526)	(14, 0.025013463729086235)	(16, 0.028979419228142515)	(18, 0.0346331273105973)	(20, 0.04196464970353138)	(22, 0.05976117348039919)	(24, 0.08844712135528017)	(26, 0.12597579371110532)	(28, 0.16427029768599943)	(30, 0.2022198851301678)	(32, 0.23207211856233317)	(34, 0.2697562956591296)	(36, 0.31785110594094873)	(38, 0.32468513008363264)	(40, 0.3314297097700437)	(42, 0.3389833817929367)	(44, 0.34480136368070324)	(46, 0.3553856243396675)	(48, 0.37732465411098004)	(50, 0.3953246201805471)	(52, 0.40373824511309686)	(54, 0.4227560072504495)	(56, 0.4447575896807241)	(58, 0.4594638951840053)	(60, 0.47401352673773656)	(62, 0.48392841548537724)	(64, 0.5007387118260853)	(66, 0.5186574178994305)	(68, 0.5323096818689855)	(70, 0.5488738598038707)	(72, 0.5647037747513125)	(74, 0.5847890243210467)	(76, 0.599098968116138)	(78, 0.6149107603306097)	(80, 0.6294796838258899)	(82, 0.649206570966243)	(84, 0.6733682662457234)	(86, 0.6928338352687301)	(88, 0.7125665684519769)	(90, 0.7272138289220321)
SRR20114176_2 - polya	(1, 0.003540363576398117)	(2, 0.014482986664743552)	(3, 0.039124057461503894)	(4, 0.06353245575109673)	(5, 0.083836931929343)	(6, 0.10073550351774524)	(7, 0.11506064702436007)	(8, 0.12870531113815334)	(9, 0.142326591080372)	(10, 0.162118953901134)	(12, 0.18892130675567897)	(14, 0.21509637920773467)	(16, 0.23879857551577385)	(18, 0.25958885785848296)	(20, 0.27951918729153524)	(22, 0.29951323859212836)	(24, 0.31969085563958227)	(26, 0.33834674772181755)	(28, 0.3553897165696931)	(30, 0.37050641428410896)	(32, 0.3833010637611647)	(34, 0.39395664614343157)	(36, 0.40328868441457477)	(38, 0.4113217319547475)	(40, 0.4188017438371805)	(42, 0.42597074623767095)	(44, 0.4327691095187036)	(46, 0.43935876906843274)	(48, 0.44638863564805414)	(50, 0.4542369482327874)	(52, 0.46252429863883426)	(54, 0.47193525848904183)	(56, 0.48206469701087973)	(58, 0.4919719859027586)	(60, 0.5017003858820916)	(62, 0.5107149840241094)	(64, 0.5203428320656716)	(66, 0.5289289152635842)	(68, 0.537921298442606)	(70, 0.546778053426495)	(72, 0.555329644971335)	(74, 0.5642238146297434)	(76, 0.5731898906157438)	(78, 0.5816017617354254)	(80, 0.5897283459618967)	(82, 0.5976935794045032)	(84, 0.6058230866524212)	(86, 0.6137567514634019)	(88, 0.6216880778572251)	(90, 0.6235646576260887)
SRR20114176_2 - polyg	(1, 0.4872384449717653)	(2, 0.582686787296488)	(3, 0.6372514132487163)	(4, 0.6530322214358515)	(5, 0.6666079022434996)	(6, 0.6795147957441136)	(7, 0.6908151966575506)	(8, 0.7001267737785661)	(9, 0.7086432890660442)	(10, 0.7182366454545339)	(12, 0.7279282153636368)	(14, 0.7338976097623491)	(16, 0.7386393351533935)	(18, 0.7434067831331701)	(20, 0.7488348339599298)	(22, 0.754340637157175)	(24, 0.7596330597888019)	(26, 0.7648319457341303)	(28, 0.7695216413434212)	(30, 0.774252843857257)	(32, 0.7793470856347888)	(34, 0.7847377217870292)	(36, 0.7903347232534155)	(38, 0.7957645278930432)	(40, 0.8016953384086574)	(42, 0.8079570349520524)	(44, 0.8147548136287956)	(46, 0.8229234893641013)	(48, 0.8329213919208318)	(50, 0.8429929546180226)	(52, 0.8531989763017673)	(54, 0.8639901868791671)	(56, 0.8760306968229411)	(58, 0.8906352811798727)	(60, 0.9094805850518624)	(62, 0.9327548510200859)	(64, 0.959000660591155)	(66, 0.9859000577577346)	(68, 1.0121546363931442)	(70, 1.0363730382886929)	(72, 1.0593333717535272)	(74, 1.0826164067860913)	(76, 1.1141014399984548)	(78, 1.1480751336706478)	(80, 1.1812385657977797)	(82, 1.2159453532488371)	(84, 1.2510993629812592)	(86, 1.2860727299882675)	(88, 1.3224929926114553)	(90, 1.352227135977169)
SRR20114177_1 - polya	(1, 0.0012640010782846037)	(2, 0.0013206596433258857)	(3, 0.0015236003217464782)	(4, 0.0018944563838348704)	(5, 0.002893707440017483)	(6, 0.007915716614131128)	(7, 0.015427612182877118)	(8, 0.023665767539879545)	(9, 0.033265788769328786)	(10, 0.047772956809217074)	(12, 0.06411689251217093)	(14, 0.0756896619607848)	(16, 0.08654750333415052)	(18, 0.0932064299600932)	(20, 0.0989727266477037)	(22, 0.10562238187209418)	(24, 0.11215614457708203)	(26, 0.11835665190405434)	(28, 0.12613896335140645)	(30, 0.1387918510808528)	(32, 0.15023842645278382)	(34, 0.16010937863870317)	(36, 0.16918917122550065)	(38, 0.17703741263944628)	(40, 0.18361701727433116)	(42, 0.1903578412806517)	(44, 0.19846259147087508)	(46, 0.20754495944699264)	(48, 0.21588613037679738)	(50, 0.22193365957815825)	(52, 0.2273100423227119)	(54, 0.2340410798496162)	(56, 0.24378120225807665)	(58, 0.2541141792880145)	(60, 0.2614040762973714)	(62, 0.26984671756638645)	(64, 0.276851261439081)	(66, 0.28375381989470116)	(68, 0.2908562285615579)	(70, 0.29904133089856716)	(72, 0.30783216480365405)	(74, 0.3161228581027857)	(76, 0.3238567522309207)	(78, 0.3338399913911946)	(80, 0.350914307505317)	(82, 0.36336116408915864)	(84, 0.37067166421307607)	(86, 0.38061266698850105)	(88, 0.3929173620818755)	(90, 0.3961700787931091)
SRR20114177_1 - polyg	(1, 0.0)	(2, 0.0)	(3, 0.0012382471850840209)	(4, 0.002085035193519183)	(5, 0.0030750148481495858)	(6, 0.004579042211063621)	(7, 0.0065579713645964035)	(8, 0.00810629542381544)	(9, 0.010549824810686736)	(10, 0.013305491383149095)	(12, 0.016309940563929086)	(14, 0.018548468960923742)	(16, 0.021244901579024762)	(18, 0.02423080795670033)	(20, 0.026431220591758123)	(22, 0.030510122196866427)	(24, 0.037063457860686724)	(26, 0.04627511038067118)	(28, 0.0569434031000806)	(30, 0.06798049157012237)	(32, 0.07776903129779987)	(34, 0.08989035867158617)	(36, 0.1047575661384186)	(38, 0.1104970787771005)	(40, 0.11738160950748028)	(42, 0.1257526549533977)	(44, 0.1310327181373812)	(46, 0.13893452764918401)	(48, 0.15709411282277896)	(50, 0.17206536601814176)	(52, 0.1798322251295735)	(54, 0.20487737118927626)	(56, 0.23367588964403196)	(58, 0.24697726040426896)	(60, 0.2587658474779037)	(62, 0.26604132230706834)	(64, 0.2760704033972393)	(66, 0.2893748646246604)	(68, 0.3006215897853549)	(70, 0.3145127246998852)	(72, 0.32806957408067206)	(74, 0.3447472802395054)	(76, 0.3556386016740319)	(78, 0.3667302883976589)	(80, 0.37720491184019994)	(82, 0.39307961160903915)	(84, 0.4145882330544379)	(86, 0.43215187313937137)	(88, 0.44859882441512755)	(90, 0.4602983030182883)
SRR20114177_2 - illumina_universal_adapter	(1, 0.0021427239142884887)	(2, 0.0021684778074890715)	(3, 0.002229256995442447)	(4, 0.002290036183395822)	(5, 0.002483705460264205)	(6, 0.0025383037138494405)	(7, 0.002573329008602233)	(8, 0.0025815702544264196)	(9, 0.0025908416559786295)	(10, 0.0034875922172229222)	(12, 0.007823517676473041)	(14, 0.014465446732903346)	(16, 0.024858687872930538)	(18, 0.04532427664370566)	(20, 0.06670206831164543)	(22, 0.08240473207390478)	(24, 0.09288862691799801)	(26, 0.0990391716921612)	(28, 0.10260866128976198)	(30, 0.10459325629979888)	(32, 0.10567698012567942)	(34, 0.10632855362365415)	(36, 0.10689513927406698)	(38, 0.10743288056409514)	(40, 0.10804273275508494)	(42, 0.10871181890043609)	(44, 0.10942777713141229)	(46, 0.11008604664161918)	(48, 0.11074328599609806)	(50, 0.11142009830940938)	(52, 0.11210360663495283)	(54, 0.11283810766903346)	(56, 0.11361175462077897)	(58, 0.11440600468708495)	(60, 0.1151863476510626)	(62, 0.1159234240744633)	(64, 0.11669604087048077)	(66, 0.11741921019155313)	(68, 0.11808932649263229)	(70, 0.11870535961799024)	(72, 0.11928739760432341)	(74, 0.1201223388218863)	(76, 0.12107523287030786)	(78, 0.12173813808129086)	(80, 0.12234850535014469)	(82, 0.12295681230754245)	(84, 0.12388086199557935)	(86, 0.12437636690075857)	(88, 0.12446547537123258)	(90, 0.12446547537123258)
SRR20114177_2 - polya	(1, 0.005889400297109274)	(2, 0.02140972649550849)	(3, 0.06017963731966583)	(4, 0.1015620230700903)	(5, 0.13491434492057303)	(6, 0.161470729433286)	(7, 0.18354181590618546)	(8, 0.20360821933235154)	(9, 0.22262386391593386)	(10, 0.24981379420138117)	(12, 0.28237598660847)	(14, 0.31127082462379585)	(16, 0.3363602673798036)	(18, 0.35905974884679737)	(20, 0.38214450855607174)	(22, 0.4069341759952247)	(24, 0.43379033582479243)	(26, 0.4588535096097356)	(28, 0.4817476905093257)	(30, 0.5017095331290975)	(32, 0.5202008284471158)	(34, 0.5365452792279337)	(36, 0.5507176466562145)	(38, 0.562853396210193)	(40, 0.5732888737350692)	(42, 0.5827518842526913)	(44, 0.5919176948427788)	(46, 0.6006616566622407)	(48, 0.6090543353784466)	(50, 0.6175253059299822)	(52, 0.6264619068705846)	(54, 0.6355416994573819)	(56, 0.6451051501584864)	(58, 0.6544383610543776)	(60, 0.6637756925731808)	(62, 0.6732505498816753)	(64, 0.6873549270319064)	(66, 0.6983497791170992)	(68, 0.7080471500628467)	(70, 0.7166515257811614)	(72, 0.7250107244362065)	(74, 0.7339287825737044)	(76, 0.7427989384698491)	(78, 0.7511612275920784)	(80, 0.7595369087387719)	(82, 0.7673969969435898)	(84, 0.7753899752373226)	(86, 0.7835276904108428)	(88, 0.7912172878426729)	(90, 0.7929221955725514)
SRR20114177_2 - polyg	(1, 0.35301891565766863)	(2, 0.42163449823411736)	(3, 0.4631229900245282)	(4, 0.4749244540447633)	(5, 0.48425354431774237)	(6, 0.4931674818323281)	(7, 0.5009595797590964)	(8, 0.5075855414017424)	(9, 0.5140301956362562)	(10, 0.5215693903317948)	(12, 0.5294562625855412)	(14, 0.5353327859360503)	(16, 0.5398252950659599)	(18, 0.5443090478721814)	(20, 0.5488211299609236)	(22, 0.5532497694356957)	(24, 0.5576011472308662)	(26, 0.5621049880737842)	(28, 0.5661792539781163)	(30, 0.5701453535310061)	(32, 0.5741742925833053)	(34, 0.5781924150004603)	(36, 0.5826169338523203)	(38, 0.5875627115025601)	(40, 0.5928834658378006)	(42, 0.5984761812852393)	(44, 0.6043758831396286)	(46, 0.6112820471402969)	(48, 0.619634034705246)	(50, 0.6284604089829497)	(52, 0.6377467477932158)	(54, 0.6480014329878239)	(56, 0.6599502092771663)	(58, 0.6745135208042319)	(60, 0.6940663915999783)	(62, 0.7190919647008487)	(64, 0.748584808116292)	(66, 0.7794410626377744)	(68, 0.8097533949348603)	(70, 0.8369644434127321)	(72, 0.8620837606848525)	(74, 0.8877521509600094)	(76, 0.9614366147961968)	(78, 1.026931855672463)	(80, 1.0660530495998763)	(82, 1.1032679403525822)	(84, 1.1388170692930748)	(86, 1.1722868288965522)	(88, 1.2055196526825842)	(90, 1.2311329296262918)
SRR20114178_1 - polya	(1, 0.0011577854350191062)	(2, 0.0013841840720649214)	(3, 0.0017810981382781546)	(4, 0.00256919465964017)	(5, 0.0051469867358770165)	(6, 0.023531129225103666)	(7, 0.04927752612661765)	(8, 0.07717327717730077)	(9, 0.10805519759256287)	(10, 0.15528009050672398)	(12, 0.20462496306334893)	(14, 0.2372163364785836)	(16, 0.26754658932889225)	(18, 0.28708493499622273)	(20, 0.30464444194355145)	(22, 0.32514713117247585)	(24, 0.3443229524399798)	(26, 0.36296501742710674)	(28, 0.38443419957177416)	(30, 0.42353023509377763)	(32, 0.4607513173463226)	(34, 0.4894595242653916)	(36, 0.5157690519539879)	(38, 0.5371200196204511)	(40, 0.5540046293649405)	(42, 0.5700624542133832)	(44, 0.5894123731669698)	(46, 0.6103377687118975)	(48, 0.630727258622299)	(50, 0.6461331127121602)	(52, 0.6609142211959964)	(54, 0.6777938157808046)	(56, 0.7006808552125406)	(58, 0.7218161710127038)	(60, 0.7388541013531675)	(62, 0.7566041843683893)	(64, 0.7739394420328214)	(66, 0.791662299895487)	(68, 0.8080776339840747)	(70, 0.8247437260567321)	(72, 0.8425425277660017)	(74, 0.8614711733063511)	(76, 0.8812746059854125)	(78, 0.9081916844468406)	(80, 0.9472726744897999)	(82, 0.9755065905932856)	(84, 0.9937395618406875)	(86, 1.0170428595259793)	(88, 1.0445982961697104)	(90, 1.0521360811708467)
SRR20114178_1 - polyg	(1, 0.0)	(2, 0.0)	(3, 0.0003166715113109189)	(4, 0.0005588320787839746)	(5, 0.0008912655205221337)	(6, 0.0012853137812031414)	(7, 0.0022167005791764323)	(8, 0.003258420890140405)	(9, 0.004837479738396661)	(10, 0.007647402062743775)	(12, 0.009241506390044216)	(14, 0.010561926289017119)	(16, 0.01396936906683325)	(18, 0.017267194783041756)	(20, 0.01848086342593926)	(22, 0.02027843994602771)	(24, 0.022793900751938656)	(26, 0.026017931975692354)	(28, 0.030071613901025335)	(30, 0.03436315768553304)	(32, 0.03854795021396534)	(34, 0.04294839460869761)	(36, 0.04941508479216447)	(38, 0.052006489444679393)	(40, 0.05488734045594909)	(42, 0.05789428691063671)	(44, 0.06052294703507055)	(46, 0.06371187214105449)	(48, 0.06842182353326712)	(50, 0.07339829483997672)	(52, 0.07781306826237011)	(54, 0.09188417342559738)	(56, 0.10825723688258476)	(58, 0.1145849354977387)	(60, 0.11962015581785891)	(62, 0.12318665080271356)	(64, 0.1278421518898139)	(66, 0.1330958898817663)	(68, 0.13830807369350145)	(70, 0.1438999767382565)	(72, 0.1496659774690942)	(74, 0.15662486975272083)	(76, 0.16186714452254433)	(78, 0.16702272867501805)	(80, 0.17190821065607947)	(82, 0.18426986281933422)	(84, 0.19532542411127718)	(86, 0.20093523844060862)	(88, 0.20673706174059914)	(90, 0.21113965548948058)
SRR20114178_2 - polya	(1, 0.007416704717399621)	(2, 0.03039330057201765)	(3, 0.09393967244358611)	(4, 0.16766681846838571)	(5, 0.22685430012543917)	(6, 0.27282038795957025)	(7, 0.30924191046862426)	(8, 0.34075000939267763)	(9, 0.3687202713871986)	(10, 0.40427058901445606)	(12, 0.4454171083947669)	(14, 0.4796233632274106)	(16, 0.5083824381946767)	(18, 0.5345751843078348)	(20, 0.5609699697110148)	(22, 0.5871555513103424)	(24, 0.6131870958623127)	(26, 0.6392487313723716)	(28, 0.6643710991192433)	(30, 0.6885040475061144)	(32, 0.7108028803523612)	(34, 0.7331704925313812)	(36, 0.7534195579707037)	(38, 0.771444758317019)	(40, 0.7891203303884029)	(42, 0.8063954061366583)	(44, 0.8240702617566591)	(46, 0.8414434913443932)	(48, 0.8595840403633808)	(50, 0.8788386712830208)	(52, 0.8982609518262963)	(54, 0.9201342125510075)	(56, 0.9422954867317073)	(58, 0.9650370865326828)	(60, 0.9870013365830421)	(62, 1.0082233430005552)	(64, 1.0298214863941726)	(66, 1.0513293569135251)	(68, 1.0715096430200741)	(70, 1.0921427264007146)	(72, 1.111714745283049)	(74, 1.1314450999210384)	(76, 1.1522479822794636)	(78, 1.1717068018432746)	(80, 1.1900637191799452)	(82, 1.2080917853317927)	(84, 1.2256154697099688)	(86, 1.2434328991551977)	(88, 1.260923626769753)	(90, 1.265433688226093)
SRR20114178_2 - polyg	(1, 0.24732904775042433)	(2, 0.2943784100757367)	(3, 0.3213442072312126)	(4, 0.33004479282704924)	(5, 0.3369370551320516)	(6, 0.34282055388971056)	(7, 0.34882871518802133)	(8, 0.35373927296748975)	(9, 0.3576711581577032)	(10, 0.3631892667100034)	(12, 0.3687166891302833)	(14, 0.3728312694231761)	(16, 0.37585254490552483)	(18, 0.378319287017388)	(20, 0.38039054796580396)	(22, 0.3821042996740748)	(24, 0.3840738245260968)	(26, 0.38641375474315887)	(28, 0.3885702734061586)	(30, 0.39064726596563903)	(32, 0.39259171501925405)	(34, 0.3946228546902189)	(36, 0.39689902073418903)	(38, 0.39937292735988267)	(40, 0.40197149652622816)	(42, 0.4045328102206547)	(44, 0.40705471908901314)	(46, 0.40976433821973235)	(48, 0.4125656631274828)	(50, 0.4157603198445312)	(52, 0.41909969974095695)	(54, 0.4230487797643637)	(56, 0.4275538260610222)	(58, 0.43304041075246796)	(60, 0.4399871233625826)	(62, 0.4481604007404898)	(64, 0.4576010806150237)	(66, 0.4680369114606229)	(68, 0.4784268894177064)	(70, 0.4882050178936599)	(72, 0.4973605501177373)	(74, 0.5060088347626108)	(76, 0.517232762129572)	(78, 0.527613426218676)	(80, 0.5358053313325426)	(82, 0.5438037945729839)	(84, 0.5512713673385805)	(86, 0.5584516430995716)	(88, 0.5653639660432995)	(90, 0.5708068472003788)
SRR20114179_1 - polya	(1, 0.0038183733283905816)	(2, 0.0042712390789487655)	(3, 0.005050644870698903)	(4, 0.00597901965934318)	(5, 0.00825169067596017)	(6, 0.02074482663149028)	(7, 0.03834581155252664)	(8, 0.058231385009931524)	(9, 0.08153490313207554)	(10, 0.11985092088522337)	(12, 0.1618166790622776)	(14, 0.18880926542350807)	(16, 0.21191733622172698)	(18, 0.2296035314089868)	(20, 0.2452208451673808)	(22, 0.2614280761534756)	(24, 0.2776126638520425)	(26, 0.29434843683911766)	(28, 0.314004002165318)	(30, 0.3437125912779224)	(32, 0.3710233754165188)	(34, 0.392888448904653)	(36, 0.4128473151085298)	(38, 0.4305460236915287)	(40, 0.4451950389701108)	(42, 0.4600645283640963)	(44, 0.4778663234929459)	(46, 0.49770303511936953)	(48, 0.5169736645575953)	(50, 0.5320368136475432)	(52, 0.5457079964305122)	(54, 0.5610839804139376)	(56, 0.5816846050564344)	(58, 0.6020802483592048)	(60, 0.6180640258499583)	(62, 0.6344339309806616)	(64, 0.6496472408194787)	(66, 0.6649773423518608)	(68, 0.6796990545009272)	(70, 0.6958604030359786)	(72, 0.7127278646163082)	(74, 0.7292973882028495)	(76, 0.7457155592885465)	(78, 0.7665312951625584)	(80, 0.7983993388541403)	(82, 0.8221330794393146)	(84, 0.8386990277699304)	(86, 0.8582634240700315)	(88, 0.8809728538325617)	(90, 0.8869554487478304)
SRR20114179_2 - polya	(1, 0.010072687693994132)	(2, 0.036385379553399766)	(3, 0.09644967910111678)	(4, 0.1582348685009549)	(5, 0.21148592200672156)	(6, 0.254375883840507)	(7, 0.2924177986393696)	(8, 0.3274529232049209)	(9, 0.360688502287991)	(10, 0.4081112927592714)	(12, 0.46699337434763644)	(14, 0.519149803664225)	(16, 0.5651788402005637)	(18, 0.6082457772026595)	(20, 0.6510958153452773)	(22, 0.6960671720036677)	(24, 0.742804705089235)	(26, 0.78968048140392)	(28, 0.8354783180570791)	(30, 0.8782592345851381)	(32, 0.9191542036125173)	(34, 0.9575613903917644)	(36, 0.9928932611991287)	(38, 1.0252129788892936)	(40, 1.0557736706641325)	(42, 1.0854858350326624)	(44, 1.114853583080373)	(46, 1.1431904656695764)	(48, 1.1718979831230523)	(50, 1.2014188712995697)	(52, 1.2318252311936264)	(54, 1.2630145721353587)	(56, 1.294010849257116)	(58, 1.3251435819800284)	(60, 1.356042731315811)	(62, 1.3871164723159533)	(64, 1.4174626487352646)	(66, 1.4472278460666888)	(68, 1.4765789095867472)	(70, 1.5060050534812404)	(72, 1.5360056218277574)	(74, 1.5664918291041492)	(76, 1.5963243604221695)	(78, 1.6256778074461784)	(80, 1.6532912965864637)	(82, 1.6798625986244775)	(84, 1.7054727526945304)	(86, 1.7304506823417645)	(88, 1.7545753175747891)	(90, 1.7604107311211263)
SRR20114179_2 - polyg	(1, 0.22080423070044375)	(2, 0.26175402031867995)	(3, 0.2867784282929451)	(4, 0.29459512949797434)	(5, 0.30065280478767764)	(6, 0.3063255441894065)	(7, 0.3115060900253971)	(8, 0.3157296590253397)	(9, 0.3195861684169352)	(10, 0.32446222162327415)	(12, 0.32950214072619666)	(14, 0.33312804611060004)	(16, 0.33572964067235933)	(18, 0.33768470978759796)	(20, 0.339148181213086)	(22, 0.34035602183990366)	(24, 0.34147567282056)	(26, 0.3425148805428936)	(28, 0.3435391913655377)	(30, 0.3446671846100201)	(32, 0.3457999448624031)	(34, 0.34697501230990413)	(36, 0.34825972093911917)	(38, 0.34952297803278143)	(40, 0.35083688458538775)	(42, 0.35218833132521143)	(44, 0.35352071003343255)	(46, 0.3549317443720139)	(48, 0.3564685085439738)	(50, 0.3580589015548156)	(52, 0.3596564450775084)	(54, 0.36129212466340604)	(56, 0.363124443325204)	(58, 0.3651742567224673)	(60, 0.367475529786488)	(62, 0.3701093016515764)	(64, 0.37299810843934755)	(66, 0.3760829584270313)	(68, 0.37920296509798224)	(70, 0.3823760047318274)	(72, 0.385556790753511)	(74, 0.3889503045027595)	(76, 0.3927263706360322)	(78, 0.3966758366816896)	(80, 0.4005978924319185)	(82, 0.40472075838996074)	(84, 0.4089044036987357)	(86, 0.41309579539534924)	(88, 0.4174897849277388)	(90, 0.4209184553602543)
SRR20114180_1 - polya	(1, 0.005731889457720722)	(2, 0.006682742595578215)	(3, 0.007977647911576012)	(4, 0.009488701281852155)	(5, 0.01279636141521253)	(6, 0.02796341089363389)	(7, 0.049902438402885996)	(8, 0.07424487363493952)	(9, 0.10158661099631414)	(10, 0.14613294027437615)	(12, 0.19396164631247703)	(14, 0.22249517248689094)	(16, 0.24800411315866225)	(18, 0.2674108373164148)	(20, 0.2840631610393727)	(22, 0.30123999082064823)	(24, 0.3185982659869372)	(26, 0.3360269379965921)	(28, 0.35627396250297266)	(30, 0.3883883083931033)	(32, 0.41863664218162)	(34, 0.44260379283319484)	(36, 0.4645611631819155)	(38, 0.4842861603920688)	(40, 0.5002617820643617)	(42, 0.51633357970576)	(44, 0.5355048214649296)	(46, 0.5565733077280515)	(48, 0.5768654457044763)	(50, 0.592340853186937)	(52, 0.6065535792605744)	(54, 0.6227042015364458)	(56, 0.6449996750342899)	(58, 0.6661152577771285)	(60, 0.6820294061495806)	(62, 0.6990094222208826)	(64, 0.7143965857729269)	(66, 0.7299176024778499)	(68, 0.7452353606913644)	(70, 0.7614236601510092)	(72, 0.7787730117737729)	(74, 0.7957713706845433)	(76, 0.8131450141757925)	(78, 0.8358891436119897)	(80, 0.8723081077482187)	(82, 0.8987743463392823)	(84, 0.9163071263567318)	(86, 0.9374782333703942)	(88, 0.9630208852065942)	(90, 0.9697839396938996)
SRR20114180_1 - polyg	(1, 0.0)	(2, 0.0)	(3, 0.0006018434355364951)	(4, 0.0011699757066442574)	(5, 0.0016845667166005026)	(6, 0.0023131807827127563)	(7, 0.003282872512456895)	(8, 0.00407012735235142)	(9, 0.005692229264275154)	(10, 0.007811075099104626)	(12, 0.009504069606812313)	(14, 0.01106965574307611)	(16, 0.014048136270838271)	(18, 0.017273997255217163)	(20, 0.019171241759169524)	(22, 0.02272330783463821)	(24, 0.027200943674642843)	(26, 0.0332372251170583)	(28, 0.03975587366225548)	(30, 0.04675540205298016)	(32, 0.053071783611604945)	(34, 0.06084220701242787)	(36, 0.07342836940237889)	(38, 0.0767533808703717)	(40, 0.07995197547175675)	(42, 0.08336523087016597)	(44, 0.08651920775392476)	(46, 0.09001674106340579)	(48, 0.09538970577044412)	(50, 0.1001405011928051)	(52, 0.10471976627851401)	(54, 0.11603828973546106)	(56, 0.12826255286022126)	(58, 0.133944867076135)	(60, 0.13921025350845226)	(62, 0.14345984323614486)	(64, 0.14928344689120848)	(66, 0.15624876836508636)	(68, 0.16278675125458825)	(70, 0.16945561278246052)	(72, 0.17604168365651518)	(74, 0.18375559128167815)	(76, 0.18983004566028494)	(78, 0.19587525064622568)	(80, 0.20171670138833978)	(82, 0.2146860803974586)	(84, 0.22684143393610712)	(86, 0.23420038282993227)	(88, 0.24091187906575853)	(90, 0.24510495301779123)
SRR20114180_2 - polya	(1, 0.011287291054608666)	(2, 0.040613029593097816)	(3, 0.1089386193562863)	(4, 0.1789001920991045)	(5, 0.23737716432492229)	(6, 0.28412265132954106)	(7, 0.32479318820313496)	(8, 0.36156611956586565)	(9, 0.3956748774338903)	(10, 0.4432576902726286)	(12, 0.5007099422502965)	(14, 0.5507407805294626)	(16, 0.5946659320276835)	(18, 0.634650347554669)	(20, 0.6738128055724952)	(22, 0.7138814990105525)	(24, 0.7548147846657234)	(26, 0.7951184647499457)	(28, 0.8330236946355474)	(30, 0.8688071041718112)	(32, 0.902248579285114)	(34, 0.9331587425517538)	(36, 0.9616174101110391)	(38, 0.9876890297773194)	(40, 1.0117022854037747)	(42, 1.0347557643488472)	(44, 1.0575341007018912)	(46, 1.0796560608534111)	(48, 1.101728941515542)	(50, 1.1241220782397456)	(52, 1.1473897222294243)	(54, 1.1711223819872525)	(56, 1.1951936406466217)	(58, 1.2186452087834043)	(60, 1.2419371446415683)	(62, 1.2647967843911756)	(64, 1.2873797942915002)	(66, 1.3094407768955973)	(68, 1.330922224922971)	(70, 1.3520383034182277)	(72, 1.3733239292404642)	(74, 1.3947047395269698)	(76, 1.4161410740842995)	(78, 1.4370920670243388)	(80, 1.4570054501533587)	(82, 1.4763854036805353)	(84, 1.4956885155829114)	(86, 1.51475465782945)	(88, 1.533257129576644)	(90, 1.5377189013392702)
SRR20114180_2 - polyg	(1, 0.24007802349856547)	(2, 0.28395806152674197)	(3, 0.31093492510841736)	(4, 0.3193290050511718)	(5, 0.32585806439714843)	(6, 0.33190822690726984)	(7, 0.33761929476343167)	(8, 0.3425113796249425)	(9, 0.3467540288187821)	(10, 0.3522747277464052)	(12, 0.3581290680513891)	(14, 0.36256406918343975)	(16, 0.3659128767674999)	(18, 0.368606299654872)	(20, 0.3708461090797105)	(22, 0.37288811328973914)	(24, 0.3749469730819822)	(26, 0.37709556406189587)	(28, 0.37913806402434264)	(30, 0.38122022418023493)	(32, 0.3833420445295729)	(34, 0.3854361027434988)	(36, 0.38756089760734513)	(38, 0.389860197322352)	(40, 0.39225170698711975)	(42, 0.39473691385890264)	(44, 0.3972578149047865)	(46, 0.39990662007453237)	(48, 0.40283155934114306)	(50, 0.40597661268137664)	(52, 0.40923866359227457)	(54, 0.4127981659540143)	(56, 0.4167572447647181)	(58, 0.42104748619069243)	(60, 0.42586966996125547)	(62, 0.4309764156197904)	(64, 0.4366136163656599)	(66, 0.4426142036339743)	(68, 0.44895983458526517)	(70, 0.4554844321594792)	(72, 0.4617899071649064)	(74, 0.46776273229780896)	(76, 0.47442217452973795)	(78, 0.48080052514062144)	(80, 0.4867064236970846)	(82, 0.49277542479909264)	(84, 0.4988017911931467)	(86, 0.5047389221519483)	(88, 0.5109849068672071)	(90, 0.516034640997664)
