Sample	fastqc-percent_duplicates	fastqc-percent_gc	fastqc-avg_sequence_length	fastqc-median_sequence_length	fastqc-percent_fails	fastqc-total_sequences
SRR20114171_1	47.454363640127426	48.0	100.09488999837	100	18.181818181818183	84.950423
SRR20114171_2	24.66073094435815	49.0	100.0861529730111	100	18.181818181818183	84.950423
SRR20114172_1	93.75863163081706	66.0	98.53897743159277	100	36.36363636363637	117.27473599999999
SRR20114172_2	83.90797504586757	68.0	98.53901602473017	100	27.27272727272727	117.27473599999999
SRR20114173_1	76.55327745411748	58.0	99.37323263937303	100	36.36363636363637	121.34988
SRR20114173_2	56.124027755872696	60.0	99.35633284515815	100	27.27272727272727	121.34988
SRR20114174_1	95.21899848241954	70.0	98.2056429255601	100	36.36363636363637	73.58316099999999
SRR20114174_2	85.61807928183707	71.0	98.21397586466827	100	27.27272727272727	73.58316099999999
SRR20114175_1	95.19105853452626	65.0	98.41065628521898	100	36.36363636363637	76.72533
SRR20114175_2	87.53301808612416	67.0	98.38895226648097	100	27.27272727272727	76.72533
SRR20114176_1	93.16811968685542	67.0	98.67555005037593	100	36.36363636363637	85.52793899999999
SRR20114176_2	84.64056302699414	69.0	98.63349270581628	100	27.27272727272727	85.52793899999999
SRR20114177_1	91.57467887095925	64.0	98.41624514582895	100	36.36363636363637	97.07270199999999
SRR20114177_2	81.49065049845771	66.0	98.5028833440734	100	27.27272727272727	97.07270199999999
SRR20114178_1	88.29048294615518	51.0	99.80405110556616	100	27.27272727272727	69.788406
SRR20114178_2	83.43933667644885	52.0	99.80413859860906	100	18.181818181818183	69.788406
SRR20114179_1	41.26508469192763	47.0	100.2066493694196	100	18.181818181818183	83.910077
SRR20114179_2	20.22996887295197	48.0	100.19145612868404	100	18.181818181818183	83.910077
SRR20114180_1	59.179490124290204	50.0	99.67449082136707	100	27.27272727272727	100.85679499999999
SRR20114180_2	43.09371674149665	51.0	99.6617680097806	100	18.181818181818183	100.85679499999999
