Sample	0	1	2	3	4	5	6	7	8	9	10	11	12	13	14	15	16	17	18	19	20	21	22	23	24	25	26	27	28	29	30	31	32	33	34	35	36	37	38	39
SRR14016000_1 - polya	(1, 0.009238300298839064)	(2, 0.011767323370680722)	(3, 0.013983287761299262)	(4, 0.01797018214275838)	(5, 0.020815333098580246)	(6, 0.02300367466438498)	(7, 0.026266237195171002)	(8, 0.03155447354563602)	(9, 0.03950984709201172)	(10, 0.047342452528103846)	(11, 0.049705738651062675)	(12, 0.05246188272692895)	(13, 0.055610884755702666)	(14, 0.06090525951168186)	(15, 0.06364912677651978)	(16, 0.06642982447444276)	(17, 0.06892201711319935)	(18, 0.07185003654346263)	(19, 0.07435450599324757)	(20, 0.07728866382902502)	(21, 0.0802473752868592)	(22, 0.08245106286644938)	(23, 0.08524710657815782)	(24, 0.087656430742473)	(25, 0.09022535345015681)	(26, 0.0944516456466689)	(27, 0.09966008272544959)	(28, 0.10348430936078297)	(29, 0.1087694765084909)	(30, 0.11184481767109447)	(31, 0.1150766881743096)	(32, 0.11744304350002552)	(33, 0.12007335026285113)	(34, 0.12675500466503473)	(35, 0.1305546776783114)	(36, 0.13369447209881385)	(37, 0.1372056400529241)	(38, 0.139433881254571)	(39, 0.14292663399213873)	(40, 0.145510902713608)
SRR14016000_2 - polya	(1, 0.009278199934681227)	(2, 0.015370567407503666)	(3, 0.024096310845908804)	(4, 0.03336530317231876)	(5, 0.04259439586288656)	(6, 0.05071243715538799)	(7, 0.05979113891085841)	(8, 0.07305930242975585)	(9, 0.08681239998427341)	(10, 0.10151695039348868)	(11, 0.11172818796632508)	(12, 0.12191487191710476)	(13, 0.1344863264101429)	(14, 0.14689204395429822)	(15, 0.15954329771902068)	(16, 0.17379360612018674)	(17, 0.18579111969764917)	(18, 0.19825515209418917)	(19, 0.20935952766933857)	(20, 0.22140001008540025)	(21, 0.23211459691039932)	(22, 0.24301026669806666)	(23, 0.25363891584586723)	(24, 0.2627176176013376)	(25, 0.27066992194495626)	(26, 0.2794877414660741)	(27, 0.2873234161049233)	(28, 0.2957637236869191)	(29, 0.30416413163307277)	(30, 0.31238345661655814)	(31, 0.3195715294736615)	(32, 0.3267473255197365)	(33, 0.3339200523630544)	(34, 0.3408349661747768)	(35, 0.34865836400259764)	(36, 0.35754370598437146)	(37, 0.36444941218782256)	(38, 0.371434917662958)	(39, 0.3780736032265424)	(40, 0.38510821594579125)
SRR14016000_2 - polyg	(1, 0.42543140176843164)	(2, 0.43240463043253874)	(3, 0.43257957498969285)	(4, 0.43269620469446224)	(5, 0.4327698655606324)	(6, 0.43286808004885924)	(7, 0.43301233257844246)	(8, 0.4333622216927506)	(9, 0.43392695500005507)	(10, 0.43445485787427446)	(11, 0.4351362208863483)	(12, 0.43570709259916696)	(13, 0.43659716139872284)	(14, 0.4367352755227919)	(15, 0.43683655921377584)	(16, 0.43695318891854523)	(17, 0.43704219579850084)	(18, 0.4371312026784564)	(19, 0.4371895175308411)	(20, 0.43726317839701123)	(21, 0.4373460468714527)	(22, 0.4374319845486512)	(23, 0.4375209914286068)	(24, 0.43769593598576084)	(25, 0.4378002888795019)	(26, 0.43788315735394334)	(27, 0.43797830263941306)	(28, 0.4380887939386683)	(29, 0.4381870084268952)	(30, 0.4384079910254056)	(31, 0.4384785826888187)	(32, 0.4387793645590134)	(33, 0.43884995622242645)	(34, 0.4389573783189246)	(35, 0.4390433159961231)	(36, 0.4391660841064067)	(37, 0.4392673677973906)	(38, 0.4394914195986582)	(39, 0.4395773572758567)	(40, 0.4398382395102093)
SRR14016001_1 - polya	(1, 0.02650079553257951)	(2, 0.029324155632511194)	(3, 0.03162290490306368)	(4, 0.035730766670081404)	(5, 0.03865269001674494)	(6, 0.04137748686994478)	(7, 0.04504022429688318)	(8, 0.05092222450507419)	(9, 0.06012675996600013)	(10, 0.06736003049228909)	(11, 0.06948708894595383)	(12, 0.07217691174386172)	(13, 0.07506386103523331)	(14, 0.07917808172139502)	(15, 0.08190605803416685)	(16, 0.08493290354670623)	(17, 0.08748918904259033)	(18, 0.09087849294633714)	(19, 0.09322493411046956)	(20, 0.09632808665273682)	(21, 0.09920231810582043)	(22, 0.10183173117186041)	(23, 0.10466462965050809)	(24, 0.10684573891689675)	(25, 0.10900141250670946)	(26, 0.11342404077135469)	(27, 0.12182099350099387)	(28, 0.1248065060390973)	(29, 0.12940718403977428)	(30, 0.13242449117359767)	(31, 0.13565800155831673)	(32, 0.13781049568855744)	(33, 0.13990575954650222)	(34, 0.14419802996869568)	(35, 0.14703092844734336)	(36, 0.14968895664953127)	(37, 0.15372369084639312)	(38, 0.1560923882275295)	(39, 0.16154198193392919)	(40, 0.16416821554039718)
SRR14016001_2 - polya	(1, 0.01632970436176705)	(2, 0.029282822658075257)	(3, 0.05289666889928318)	(4, 0.07607810863869977)	(5, 0.10012754084127101)	(6, 0.12231380973465311)	(7, 0.1487669133736527)	(8, 0.18087945505080363)	(9, 0.21829215583447048)	(10, 0.25203576027205493)	(11, 0.2812677115769782)	(12, 0.3135964565050248)	(13, 0.3474481625680571)	(14, 0.37982459938968366)	(15, 0.41294820921072906)	(16, 0.4484723110086308)	(17, 0.4807247489069495)	(18, 0.5115146354021505)	(19, 0.5418212440424082)	(20, 0.5735458916517757)	(21, 0.601464726153465)	(22, 0.6311481607176117)	(23, 0.6570957302846641)	(24, 0.6812723408701151)	(25, 0.7021359545815472)	(26, 0.7232666428970269)	(27, 0.7436056457790798)	(28, 0.76569335142573)	(29, 0.7877429035575164)	(30, 0.8081550340097252)	(31, 0.8261952876212256)	(32, 0.8441560547434261)	(33, 0.8634045029922848)	(34, 0.880904248476546)	(35, 0.8997520848193332)	(36, 0.9233404953839652)	(37, 0.9404523468004431)	(38, 0.9570014338726778)	(39, 0.9724377100947142)	(40, 0.9880456771336383)
SRR14016001_2 - polyg	(1, 0.8901978088054878)	(2, 0.9069662785881902)	(3, 0.9074145823878416)	(4, 0.9076053499621612)	(5, 0.907757964021617)	(6, 0.9078978602427848)	(7, 0.9081045251149645)	(8, 0.9086418537826316)	(9, 0.9093763089437625)	(10, 0.9106258365555566)	(11, 0.9116305457803071)	(12, 0.9124731025668859)	(13, 0.914336265876075)	(14, 0.9146160583184105)	(15, 0.9147877491352983)	(16, 0.9149944140074779)	(17, 0.9151343102286458)	(18, 0.9152360529349496)	(19, 0.9153282572625374)	(20, 0.9154363588879852)	(21, 0.915579434568725)	(22, 0.9157097924111769)	(23, 0.9158687653897766)	(24, 0.9160754302619563)	(25, 0.9161803524278321)	(26, 0.916294812972424)	(27, 0.9163965556787278)	(28, 0.9165396313594676)	(29, 0.9166159383891955)	(30, 0.9168543978570951)	(31, 0.916959320022971)	(32, 0.9172550097631665)	(33, 0.9173631113886144)	(34, 0.9174966486906382)	(35, 0.917607929775658)	(36, 0.9177637232946857)	(37, 0.9178781838392776)	(38, 0.9181261816858932)	(39, 0.9182819752049209)	(40, 0.9186221773791244)
SRR14016002_1 - polya	(1, 0.04023957418444284)	(2, 0.042753497302288265)	(3, 0.04482714778853242)	(4, 0.04793930394779025)	(5, 0.0501608322644959)	(6, 0.05193200537025063)	(7, 0.05433838097503315)	(8, 0.05802188329743767)	(9, 0.06351016732342908)	(10, 0.0696807058854133)	(11, 0.07144179641181839)	(12, 0.07367004644809046)	(13, 0.07562606684192207)	(14, 0.07888273997185817)	(15, 0.08081859520699049)	(16, 0.08272756356385706)	(17, 0.08455587128592645)	(18, 0.08700593806789078)	(19, 0.08938878765419078)	(20, 0.09259840874716188)	(21, 0.09508544498674158)	(22, 0.09695072216642635)	(23, 0.09928651971576133)	(24, 0.10097367132693567)	(25, 0.10292633086098404)	(26, 0.10540664538099731)	(27, 0.10795753795645811)	(28, 0.1101017664981498)	(29, 0.11206786947133104)	(30, 0.11382895999773612)	(31, 0.11617820098620397)	(32, 0.11797962183000764)	(33, 0.11996252910210498)	(34, 0.12419385156917367)	(35, 0.12684556993813095)	(36, 0.12931916273857777)	(37, 0.13150708245745127)	(38, 0.13285814809030402)	(39, 0.13557036193535918)	(40, 0.13742219567591107)
SRR14016002_2 - polya	(1, 0.016888320410659425)	(2, 0.027448141849523485)	(3, 0.04690415913455979)	(4, 0.06514018431828875)	(5, 0.08482810092836694)	(6, 0.10260704918157855)	(7, 0.12391153934738354)	(8, 0.151141225310998)	(9, 0.18086466923375857)	(10, 0.2133339355994065)	(11, 0.2366818285134067)	(12, 0.2607254194025326)	(13, 0.2908387230601462)	(14, 0.3193152880033337)	(15, 0.34770783145194084)	(16, 0.3786613500553584)	(17, 0.4064489387429867)	(18, 0.43480787359376166)	(19, 0.46194009462366287)	(20, 0.4895932489199625)	(21, 0.5135460965949415)	(22, 0.5395255427191997)	(23, 0.5647824039900665)	(24, 0.5875186204235214)	(25, 0.6063764046671454)	(26, 0.6263466334990136)	(27, 0.643762608895638)	(28, 0.6627111363534086)	(29, 0.6814647339437528)	(30, 0.6993008168132792)	(31, 0.7146935546204075)	(32, 0.7302072833797317)	(33, 0.7461243153130417)	(34, 0.7613422884114429)	(35, 0.778287743438417)	(36, 0.7982243636724532)	(37, 0.8125886783859175)	(38, 0.8256725055219767)	(39, 0.839475556651644)	(40, 0.8544044958086886)
SRR14016002_2 - polyg	(1, 0.8467988701192712)	(2, 0.8640333590876018)	(3, 0.8643660842061403)	(4, 0.8644937968779024)	(5, 0.864611426970315)	(6, 0.8647088919040282)	(7, 0.8648802957529722)	(8, 0.8654381984769861)	(9, 0.8661910310684264)	(10, 0.8670984632098947)	(11, 0.8677908003252371)	(12, 0.8686545412895236)	(13, 0.8698308422136491)	(14, 0.8701165152952225)	(15, 0.8702811974246001)	(16, 0.8704761272920265)	(17, 0.870654252860537)	(18, 0.8707819655322991)	(19, 0.8708760696062292)	(20, 0.8709701736801593)	(21, 0.8710541951747397)	(22, 0.8711651035475858)	(23, 0.8713096205182641)	(24, 0.8715751284411382)	(25, 0.8716961193933339)	(26, 0.8717868626074807)	(27, 0.8719112144194597)	(28, 0.8720758965488373)	(29, 0.8722540221173477)	(30, 0.872522890900005)	(31, 0.8726707687304665)	(32, 0.8730102155685713)	(33, 0.8731412891001167)	(34, 0.8732790843512286)	(35, 0.8734135187425571)	(36, 0.8735445922741025)	(37, 0.8736118094697669)	(38, 0.8738705956730746)	(39, 0.8739882257654871)	(40, 0.874267177127494)
SRR14016003_1 - polya	(1, 0.002978792852631046)	(2, 0.007480079829940182)	(3, 0.009893008807340242)	(4, 0.014844851549455937)	(5, 0.017257780526855997)	(6, 0.019222289074827724)	(7, 0.021929894334423543)	(8, 0.026505918049970736)	(9, 0.03363153220712471)	(10, 0.04119916078757233)	(11, 0.04330887214126371)	(12, 0.046108296822123425)	(13, 0.04938817196308492)	(14, 0.05356061729214662)	(15, 0.055715170688780825)	(16, 0.0579380548175184)	(17, 0.06026343504441103)	(18, 0.062394499751884706)	(19, 0.06413906875589873)	(20, 0.06652210303800357)	(21, 0.06917632491314363)	(22, 0.07214017041812706)	(23, 0.07504422653252006)	(24, 0.07800380136674703)	(25, 0.08080749671836321)	(26, 0.08525112964046012)	(27, 0.08922071810858996)	(28, 0.09346149416975502)	(29, 0.09679475269517226)	(30, 0.10032446207538669)	(31, 0.10362141989937403)	(32, 0.10638881454956028)	(33, 0.10919891590731115)	(34, 0.1130425195881254)	(35, 0.11618359792950195)	(36, 0.11857303821774147)	(37, 0.12173546991290031)	(38, 0.12384091059583523)	(39, 0.12647804978794946)	(40, 0.12906180559560793)
SRR14016003_2 - polya	(1, 0.00592769100996687)	(2, 0.00972218197708183)	(3, 0.013939469349086357)	(4, 0.019087762945999225)	(5, 0.02352712519733969)	(6, 0.027755089246235366)	(7, 0.03254464649960557)	(8, 0.03943750910053247)	(9, 0.04798739195496595)	(10, 0.05739140896069149)	(11, 0.06313332579275234)	(12, 0.06981051952047798)	(13, 0.07627204437500239)	(14, 0.08300902749331848)	(15, 0.09041009991426414)	(16, 0.09929950109383623)	(17, 0.10634183717123923)	(18, 0.11306600827728594)	(19, 0.11930759358785265)	(20, 0.12657841055072627)	(21, 0.13279437183675422)	(22, 0.139027415805808)	(23, 0.144724490594926)	(24, 0.15008845306504012)	(25, 0.1549762357458089)	(26, 0.1603829049234876)	(27, 0.16535183034862916)	(28, 0.17044246989032982)	(29, 0.17563133485942906)	(30, 0.18049562885103732)	(31, 0.18509514125574503)	(32, 0.18931029329237134)	(33, 0.19403792581977286)	(34, 0.19849223541876093)	(35, 0.20348678486844124)	(36, 0.2088550180093118)	(37, 0.21324953821770945)	(38, 0.21745187824206635)	(39, 0.2215068801253254)	(40, 0.22618539993902764)
SRR14016003_2 - polyg	(1, 0.18880208347235256)	(2, 0.19275031858670008)	(3, 0.1928784387093939)	(4, 0.1929702581306578)	(5, 0.19301723550897887)	(6, 0.1930620775519217)	(7, 0.19313040828402506)	(8, 0.19339732520630382)	(9, 0.19356388136580577)	(10, 0.19388845234329677)	(11, 0.19411266255801093)	(12, 0.19432406076045572)	(13, 0.19469560911626776)	(14, 0.19482372923896157)	(15, 0.19489846597719962)	(16, 0.19497747338619412)	(17, 0.19505007478905395)	(18, 0.19511199951502262)	(19, 0.19516324756410014)	(20, 0.1952443903084729)	(21, 0.19533193905898033)	(22, 0.19539172844957078)	(23, 0.19551557790150811)	(24, 0.19569708140865769)	(25, 0.19581238951908211)	(26, 0.19589993826958954)	(27, 0.19601524638001397)	(28, 0.19607503577060442)	(29, 0.19616899052724654)	(30, 0.19644444879103823)	(31, 0.19654908022457152)	(32, 0.19683307982987613)	(33, 0.19691849324500532)	(34, 0.19703380135542975)	(35, 0.1971213501059372)	(36, 0.19723665821636163)	(37, 0.1973412896498949)	(38, 0.19764877794436003)	(39, 0.19779184541470146)	(40, 0.19807370968462784)
SRR14016004_1 - polya	(1, 0.002790918673069546)	(2, 0.006884126479409353)	(3, 0.009034369148008321)	(4, 0.014090684673486908)	(5, 0.016567546481619896)	(6, 0.01837860773608738)	(7, 0.020997841989658275)	(8, 0.025641696165853513)	(9, 0.03256350946905526)	(10, 0.03993756465776564)	(11, 0.04205430792743804)	(12, 0.04473844726642916)	(13, 0.04767592580980243)	(14, 0.051251986645213375)	(15, 0.05337501105218451)	(16, 0.055594346231069514)	(17, 0.05800211552891646)	(18, 0.060409884826763405)	(19, 0.0622439769179929)	(20, 0.0645596228687918)	(21, 0.06708254635044882)	(22, 0.06998024435759678)	(23, 0.07268950824578282)	(24, 0.07523964998906768)	(25, 0.07800963153780813)	(26, 0.08260533032804643)	(27, 0.08662316448680146)	(28, 0.09084199503911589)	(29, 0.09442014958695974)	(30, 0.09761096733471517)	(31, 0.10066150634946561)	(32, 0.10314464929489732)	(33, 0.10596697365446052)	(34, 0.11003505691160541)	(35, 0.11320912495989756)	(36, 0.11560851940801285)	(37, 0.11849993627786211)	(38, 0.12057061787401048)	(39, 0.12354997066604195)	(40, 0.12588236631630412)
SRR14016004_2 - polya	(1, 0.006882032766976443)	(2, 0.010732369931098646)	(3, 0.015047511255326954)	(4, 0.020193856415420687)	(5, 0.02453621600127683)	(6, 0.028367709753502838)	(7, 0.033063906740520836)	(8, 0.04013856105132504)	(9, 0.04854481646946024)	(10, 0.05836432777980996)	(11, 0.06391894686432122)	(12, 0.07006818027977903)	(13, 0.07679946575158592)	(14, 0.08345956500067386)	(15, 0.0906619357698856)	(16, 0.09906400376315498)	(17, 0.10575132127387075)	(18, 0.11272547738789526)	(19, 0.11877840003143919)	(20, 0.126259234554228)	(21, 0.1323456565966985)	(22, 0.13838392325321205)	(23, 0.14422747465346494)	(24, 0.14950572369683204)	(25, 0.15447200958769547)	(26, 0.15957019936183225)	(27, 0.16431873915967302)	(28, 0.1694734591694984)	(29, 0.17410893849596198)	(30, 0.17905638097492924)	(31, 0.1833798971488892)	(32, 0.18739773130764423)	(33, 0.19195993069895595)	(34, 0.19623319777452605)	(35, 0.20090427021234913)	(36, 0.20616367584382003)	(37, 0.21039925609559773)	(38, 0.21467252317116783)	(39, 0.2186757013428925)	(40, 0.22332374294395355)
SRR14016004_2 - polyg	(1, 0.17847432891858014)	(2, 0.1818870801842241)	(3, 0.18200432808046707)	(4, 0.18207970172805185)	(5, 0.18213623196374043)	(6, 0.18220113704916063)	(7, 0.18225347985998339)	(8, 0.18247122595300608)	(9, 0.1826554726471022)	(10, 0.18289624957688688)	(11, 0.1830972459704463)	(12, 0.18334639774996261)	(13, 0.18373792197491687)	(14, 0.1838467950214282)	(15, 0.18392426238144588)	(16, 0.18400172974146356)	(17, 0.18405407255228634)	(18, 0.18411688392527364)	(19, 0.18418178901069387)	(20, 0.18428647463233938)	(21, 0.18436603570479)	(22, 0.18443512821507602)	(23, 0.18454400126158738)	(24, 0.18466124915783033)	(25, 0.18475337250487842)	(26, 0.18483712100219482)	(27, 0.18490411980004795)	(28, 0.18498577458493146)	(29, 0.18509046020657696)	(30, 0.18531239372446548)	(31, 0.18540661078394644)	(32, 0.1857039179494197)	(33, 0.1857646356099741)	(34, 0.18587560236891837)	(35, 0.18599703769002718)	(36, 0.18609334846194106)	(37, 0.18616662839709291)	(38, 0.18639484305228016)	(39, 0.18649324753662694)	(40, 0.18674449302857618)
SRR14016005_1 - illumina_universal_adapter	(1, 1.4707751102493022e-05)	(2, 1.4707751102493022e-05)	(3, 1.4707751102493022e-05)	(4, 1.4707751102493022e-05)	(5, 1.4707751102493022e-05)	(6, 1.4707751102493022e-05)	(7, 1.4707751102493022e-05)	(8, 1.4707751102493022e-05)	(9, 1.4707751102493022e-05)	(10, 4.706480352797767e-05)	(15, 5.8831004409972096e-05)	(20, 5.8831004409972096e-05)	(25, 7.648030573296373e-05)	(30, 0.00015590216168642605)	(35, 0.00044123253307479064)	(40, 0.001503132162674787)	(45, 0.0036475222734182696)	(50, 0.009398252954493041)	(55, 0.01985840553858608)	(60, 0.037072357428943915)	(65, 0.0625903055917693)	(70, 0.09386192598588997)	(75, 0.1327668692022045)	(80, 0.17375442997463209)	(85, 0.2190248878681056)	(90, 0.2663926710687946)	(95, 0.3125014707751103)	(100, 0.35816315484791006)	(105, 0.4015833776526899)	(110, 0.443594597901851)	(115, 0.4834820188918121)	(120, 0.5201190268881223)	(125, 0.5495286459926673)	(130, 0.5667131823808201)	(135, 0.5765026615146395)	(140, 0.5773674772794661)				
SRR14016005_1 - polya	(1, 0.002500317687423814)	(2, 0.0034857370112908463)	(3, 0.0039858005487756094)	(4, 0.005000635374847628)	(5, 0.0058978081920997025)	(6, 0.0065596569917118885)	(7, 0.007853939088731275)	(8, 0.009560038216620464)	(9, 0.012339803174991646)	(10, 0.01885827846361655)	(15, 0.025129663533719575)	(20, 0.030483284935027038)	(25, 0.037028234175636436)	(30, 0.043905578591162175)	(35, 0.05007989250398874)	(40, 0.05634833602387126)	(45, 0.06271973380147125)	(50, 0.06902347592399975)	(55, 0.07586552173687951)	(60, 0.08269580134887727)	(65, 0.09588865408781351)	(70, 0.10311898452979909)	(75, 0.10933153859549213)	(80, 0.11534995034663227)	(85, 0.12044177377831537)	(90, 0.1252070851355231)	(95, 0.12942526815171812)	(100, 0.1335669708621801)	(105, 0.1374704080047818)	(110, 0.14152974730906986)	(115, 0.14531846399307205)	(120, 0.14856299388628202)	(125, 0.15127804473980225)	(130, 0.1545225746330122)	(135, 0.15767885801960718)	(140, 0.15884371190692465)				
SRR14016005_1 - polyg	(1, 0.0)	(2, 0.0)	(3, 0.0017060991278891905)	(4, 0.0035151525134958323)	(5, 0.007603907319988893)	(6, 0.009118805683545674)	(7, 0.009280590945673097)	(8, 0.009662992474337917)	(9, 0.010089517256310214)	(10, 0.01106905347973625)	(15, 0.013316397848197182)	(20, 0.014601855294555075)	(25, 0.0160167409506149)	(30, 0.018534707939361707)	(35, 0.02374125182964424)	(40, 0.030280317969812637)	(45, 0.036086938105076884)	(50, 0.040584568392219245)	(55, 0.04604114405124417)	(60, 0.05122415553976269)	(65, 0.056945470718632485)	(70, 0.0693705788500186)	(75, 6.014711280962758)	(80, 7.491384199404159)	(85, 7.556604250893054)	(90, 7.587517002160274)	(95, 7.604316195469542)	(100, 7.61681484235644)	(105, 7.626186621358949)	(110, 7.633343413045422)	(115, 7.639529493159131)	(120, 7.649777854127348)	(125, 7.6724719140784945)	(130, 7.691239004485276)	(135, 7.718436577824006)	(140, 7.741042391268538)				
SRR14016006_1 - illumina_universal_adapter	(1, 3.1189691806857835e-05)	(2, 3.1189691806857835e-05)	(3, 3.4308660987543614e-05)	(4, 3.4308660987543614e-05)	(5, 3.4308660987543614e-05)	(6, 3.4308660987543614e-05)	(7, 3.4308660987543614e-05)	(8, 3.4308660987543614e-05)	(9, 3.4308660987543614e-05)	(10, 3.4308660987543614e-05)	(15, 3.4308660987543614e-05)	(20, 3.867521784050371e-05)	(25, 4.803212538256106e-05)	(30, 6.674594046667575e-05)	(35, 0.000218951636484142)	(40, 0.0006693307861751691)	(45, 0.001660539191797111)	(50, 0.0034870075440067054)	(55, 0.006637166416499346)	(60, 0.0108602506871479)	(65, 0.016885475350396695)	(70, 0.02538466636776545)	(75, 0.03701779761788729)	(80, 0.05248039922805512)	(85, 0.0738129008362736)	(90, 0.10189797072067683)	(95, 0.13586042612916432)	(100, 0.17572896157819842)	(105, 0.22092344880017153)	(110, 0.26910466090956936)	(115, 0.3201072925398156)	(120, 0.3695286067954541)	(125, 0.40947074991715243)	(130, 0.43314934014308265)	(135, 0.44666445739683036)	(140, 0.4479525916684536)				
SRR14016006_1 - polya	(1, 0.003340415992514474)	(2, 0.005598549679330981)	(3, 0.0066465233240414045)	(4, 0.009160412483674146)	(5, 0.010676231505487436)	(6, 0.012023626191543695)	(7, 0.013919959453400651)	(8, 0.017728220823017993)	(9, 0.022712333573753875)	(10, 0.03100692021286965)	(15, 0.040669486734634205)	(20, 0.05116793699682256)	(25, 0.06413349188093334)	(30, 0.07752385036745355)	(35, 0.08958677557067389)	(40, 0.1004351741749352)	(45, 0.11183937308719467)	(50, 0.12239458858847152)	(55, 0.13328041482290104)	(60, 0.14307023528723756)	(65, 0.15237100138404258)	(70, 0.16170108579114603)	(75, 0.17182525975165208)	(80, 0.18150654008850076)	(85, 0.19087654730111697)	(90, 0.20014425232460673)	(95, 0.2091880153609232)	(100, 0.2178369168989649)	(105, 0.22594311779956727)	(110, 0.23431193590518334)	(115, 0.24100711514844342)	(120, 0.2468520633930486)	(125, 0.2520332949960038)	(130, 0.256996198756311)	(135, 0.261907951422055)	(140, 0.2637306770112478)				
SRR14016006_1 - polyg	(1, 0.0)	(2, 0.0)	(3, 0.00017778124329908965)	(4, 0.000374276301682294)	(5, 0.0008390027096044757)	(6, 0.0013661085011403731)	(7, 0.0013848223162244877)	(8, 0.0014284878847540888)	(9, 0.001509581083451919)	(10, 0.0016923526774401058)	(15, 0.002382892454043938)	(20, 0.002930583442172362)	(25, 0.0036760170763562644)	(30, 0.005070820093958947)	(35, 0.00761714653307082)	(40, 0.010867736213181545)	(45, 0.013928692567106571)	(50, 0.01678566833661475)	(55, 0.02027018070527691)	(60, 0.023559445603228132)	(65, 0.027095109066453536)	(70, 0.03132942162615256)	(75, 0.4996139495896606)	(80, 0.6096767578315367)	(85, 0.6166339304859744)	(90, 0.6212025965418428)	(95, 0.6248000155948459)	(100, 0.6280618335640071)	(105, 0.6308246164642586)	(110, 0.6335081775473206)	(115, 0.6362223045283534)	(120, 0.6395059552817793)	(125, 0.6435256827618472)	(130, 0.6497293124622312)	(135, 0.6572273143726)	(140, 0.662958732139028)				
SRR14016007_1 - illumina_universal_adapter	(1, 0.0)	(2, 0.0)	(3, 0.0)	(4, 0.0)	(5, 0.0)	(6, 0.0)	(7, 0.0)	(8, 0.0)	(9, 0.0)	(10, 4.759061336067446e-06)	(15, 4.759061336067446e-06)	(20, 4.759061336067446e-06)	(25, 1.142174720656187e-05)	(30, 6.281960963609029e-05)	(35, 0.0004264118957116432)	(40, 0.0015714420531694705)	(45, 0.0040842264386130814)	(50, 0.008754769233829673)	(55, 0.01617414585675882)	(60, 0.027380783490930444)	(65, 0.0436986530000385)	(70, 0.06433203932869251)	(75, 0.09226963299594285)	(80, 0.12594760644675773)	(85, 0.16467208853833853)	(90, 0.20776253349962764)	(95, 0.25268807251210434)	(100, 0.299731393819131)	(105, 0.3465120149404068)	(110, 0.3926587290917184)	(115, 0.4380268608084494)	(120, 0.4795344419693624)	(125, 0.5112526339619847)	(130, 0.5299309978937823)	(135, 0.5405665481676257)	(140, 0.5414574444497375)				
SRR14016007_1 - polya	(1, 0.0014895861981891105)	(2, 0.0022319997666156322)	(3, 0.0025460978147960837)	(4, 0.0032599570152062004)	(5, 0.003921466540919575)	(6, 0.004506831085255871)	(7, 0.005353944003075877)	(8, 0.0068530483239371215)	(9, 0.00849492448488039)	(10, 0.011274216305143778)	(15, 0.014581763933710653)	(20, 0.017885504313208674)	(25, 0.022256226244253018)	(30, 0.026579357561936683)	(35, 0.030362811324110305)	(40, 0.03441086889656927)	(45, 0.038654999796074216)	(50, 0.04327890379019735)	(55, 0.047421190777110454)	(60, 0.051328380134021835)	(65, 0.06491264481169275)	(70, 0.07100329150959186)	(75, 0.07513986762290167)	(80, 0.07896996018616878)	(85, 0.0824098097198783)	(90, 0.0857249718465829)	(95, 0.0889915915476596)	(100, 0.09169283476201148)	(105, 0.09433411380352891)	(110, 0.09702203164613979)	(115, 0.09953576784385063)	(120, 0.10180679191342201)	(125, 0.10432433536020169)	(130, 0.10737584548888815)	(135, 0.11102223828458302)	(140, 0.11245186030993767)				
SRR14016007_1 - polyg	(1, 0.0)	(2, 0.0)	(3, 1.9036245344269784e-05)	(4, 7.138592004101169e-05)	(5, 0.0002474711894755072)	(6, 0.000437833642918205)	(7, 0.0004425927042542725)	(8, 0.0004473517655903399)	(9, 0.0004568698882624748)	(10, 0.0005377739309756213)	(15, 0.002031167378233586)	(20, 0.0028249788090896353)	(25, 0.0038491288086113505)	(30, 0.0059059951180597)	(35, 0.010426151575056561)	(40, 0.015623998366309427)	(45, 0.0203640234570326)	(50, 0.02367061927333226)	(55, 0.027751038462876486)	(60, 0.031029079911159753)	(65, 0.03462788209349395)	(70, 0.037627042547483655)	(75, 0.47964294856782475)	(80, 0.6751042603259851)	(85, 0.6846861544200235)	(90, 0.6899725197521271)	(95, 0.6933980921018285)	(100, 0.6967027842935938)	(105, 0.6996305588275424)	(110, 0.7030637456753814)	(115, 0.7069528505992158)	(120, 0.7124333856338311)	(125, 0.7200907153235636)	(130, 0.7315848002624337)	(135, 0.7470450869187825)	(140, 0.7595033576843397)				
SRR14016008_1 - polya	(1, 0.003468908789963555)	(2, 0.008629795540746069)	(3, 0.012148260170566244)	(4, 0.01877812360281292)	(5, 0.022321366152561407)	(6, 0.02599203800479835)	(7, 0.030377729832109415)	(8, 0.036844766933398616)	(9, 0.04669222025347883)	(10, 0.05663524555042539)	(11, 0.06028113948273402)	(12, 0.06376774678693209)	(13, 0.0673782436907717)	(14, 0.07170730027253235)	(15, 0.07478330204648982)	(16, 0.07781328768343758)	(17, 0.08046098541291996)	(18, 0.08315115957656517)	(19, 0.08527852098755302)	(20, 0.08784126584870977)	(21, 0.09062347228637442)	(22, 0.09355788594645584)	(23, 0.09626929832718245)	(24, 0.09887805932534892)	(25, 0.10178415536265513)	(26, 0.10618754570420069)	(27, 0.10975202647103059)	(28, 0.11407400364709742)	(29, 0.11771989757940607)	(30, 0.12171622209355795)	(31, 0.125383354242948)	(32, 0.12817264008630644)	(33, 0.13112121255777548)	(34, 0.13468215362175848)	(35, 0.13780771123557256)	(36, 0.14059699707893103)	(37, 0.14344291816783988)	(38, 0.14605167916600637)	(39, 0.14868875778694804)	(40, 0.15176475956090552)
SRR14016008_2 - polya	(1, 0.011295191784462963)	(2, 0.018080802141973305)	(3, 0.029053880967368224)	(4, 0.040465882945778936)	(5, 0.05184602759856754)	(6, 0.06369341302714715)	(7, 0.0767372180179795)	(8, 0.09545870637524198)	(9, 0.11562793319688723)	(10, 0.13620776554877306)	(11, 0.15110637483138184)	(12, 0.1669217671513381)	(13, 0.1851406177043406)	(14, 0.20423377486052774)	(15, 0.22302251757188135)	(16, 0.2443350684130758)	(17, 0.2632937168610807)	(18, 0.28143823365429826)	(19, 0.298350933856794)	(20, 0.3161025436340055)	(21, 0.3320028888222874)	(22, 0.3491102726813628)	(23, 0.364999998761104)	(24, 0.3795057010277067)	(25, 0.39361141687260953)	(26, 0.4091790299932827)	(27, 0.4238723365107712)	(28, 0.4376170026652901)	(29, 0.45079531636430464)	(30, 0.4635594848302318)	(31, 0.47615020785666073)	(32, 0.4883940400040933)	(33, 0.5009352071906656)	(34, 0.5134091200231469)	(35, 0.5263750515513473)	(36, 0.5381304047059075)	(37, 0.5494822317359209)	(38, 0.5614287288442138)	(39, 0.5716974068030752)	(40, 0.5828864075021312)
SRR14016008_2 - polyg	(1, 0.8050558566879092)	(2, 0.8145741176432276)	(3, 0.8148820717909081)	(4, 0.8150378187161718)	(5, 0.815207724452823)	(6, 0.8153917890008618)	(7, 0.815781156314021)	(8, 0.8166908599456748)	(9, 0.8176642782285727)	(10, 0.8191863504527404)	(11, 0.8203438332836772)	(12, 0.8216747615541122)	(13, 0.8237454877195496)	(14, 0.8241525535469433)	(15, 0.8244817459117052)	(16, 0.8248215573850077)	(17, 0.8250339395558218)	(18, 0.8252746393494111)	(19, 0.8254834818173783)	(20, 0.8256817051768048)	(21, 0.8257631183422836)	(22, 0.8259648814045569)	(23, 0.8261524856554427)	(24, 0.826283454660778)	(25, 0.8264462809917356)	(26, 0.8265772499970709)	(27, 0.8267011395967124)	(28, 0.8268498071162823)	(29, 0.8270161731500867)	(30, 0.8271400627497283)	(31, 0.8273453655148485)	(32, 0.8274586360059494)	(33, 0.827614382931213)	(34, 0.8277559710450891)	(35, 0.8278904797532713)	(36, 0.8280426869756882)	(37, 0.8282090530094925)	(38, 0.8283683396376031)	(39, 0.8285134674543261)	(40, 0.8286904525966712)
SRR14016009_1 - polya	(1, 0.003397468172216272)	(2, 0.00723100066554916)	(3, 0.009761132111148867)	(4, 0.015027447373864921)	(5, 0.017931348237564582)	(6, 0.02157320410623083)	(7, 0.025310898287230394)	(8, 0.031113908099013054)	(9, 0.039533303837495405)	(10, 0.04832167707846105)	(11, 0.051676018010127334)	(12, 0.054675757186160315)	(13, 0.057838421493159944)	(14, 0.06143715012127619)	(15, 0.06401520072304256)	(16, 0.0669095177555089)	(17, 0.06930547556384195)	(18, 0.07176372827519166)	(19, 0.07372841367802477)	(20, 0.07611478765512449)	(21, 0.07869763017250753)	(22, 0.08134755950852389)	(23, 0.08368601432945695)	(24, 0.08610113980025666)	(25, 0.088894826604773)	(26, 0.0929248276383892)	(27, 0.09600123746428885)	(28, 0.09965746907980509)	(29, 0.10299743426462137)	(30, 0.10615530665600434)	(31, 0.10973965953727058)	(32, 0.11252855442617025)	(33, 0.1156337157457699)	(34, 0.11873408514975288)	(35, 0.12175778390386918)	(36, 0.12426395577138556)	(37, 0.1266215782547853)	(38, 0.12888815434146836)	(39, 0.13110681127198476)	(40, 0.1339580010639011)
SRR14016009_2 - polya	(1, 0.008821916650282308)	(2, 0.013652167591881748)	(3, 0.020667532054680932)	(4, 0.028938378409046638)	(5, 0.03689295833271238)	(6, 0.04515901277146142)	(7, 0.055279538553860245)	(8, 0.06816020773145876)	(9, 0.08240178094419043)	(10, 0.09776945432683865)	(11, 0.1087477330046207)	(12, 0.12131692766713591)	(13, 0.1336752780425178)	(14, 0.14638343825791633)	(15, 0.15928327509798149)	(16, 0.17452156675897973)	(17, 0.1875220338269949)	(18, 0.2002876970297934)	(19, 0.21292397851094194)	(20, 0.2257950638573071)	(21, 0.23735316432470577)	(22, 0.24951504615980435)	(23, 0.2614133726359863)	(24, 0.2732350284623016)	(25, 0.28408871733405033)	(26, 0.29497594961511575)	(27, 0.3052354409503979)	(28, 0.31486719133989677)	(29, 0.3235453505216791)	(30, 0.3329566727928113)	(31, 0.3424590414606602)	(32, 0.3510509461613425)	(33, 0.3606731127196081)	(34, 0.3693273123233071)	(35, 0.3783073621889394)	(36, 0.3866836306868717)	(37, 0.39498322853493745)	(38, 0.40360867664493644)	(39, 0.41106010542885224)	(40, 0.4197622241887179)
SRR14016009_2 - polyg	(1, 0.748602641466813)	(2, 0.7555509191109789)	(3, 0.7558815612885289)	(4, 0.7560253187570288)	(5, 0.7561594923942955)	(6, 0.7562697064534788)	(7, 0.7564661749937621)	(8, 0.7572664249017453)	(9, 0.7583158544217953)	(10, 0.7598205159254284)	(11, 0.7611766280449449)	(12, 0.7624464856833614)	(13, 0.7654893520999444)	(14, 0.7659062487585944)	(15, 0.7662320990205277)	(16, 0.7665723250293109)	(17, 0.7667640016539776)	(18, 0.7669125510380942)	(19, 0.7670515165909776)	(20, 0.7671856902282442)	(21, 0.7673294476967442)	(22, 0.7675307081526441)	(23, 0.7676888413679942)	(24, 0.7678278069208775)	(25, 0.7679955239674607)	(26, 0.7681344895203441)	(27, 0.7682351197482941)	(28, 0.7683836691324107)	(29, 0.7685178427696774)	(30, 0.768637640660094)	(31, 0.7687766062129774)	(32, 0.7689730747532607)	(33, 0.7691312079686107)	(34, 0.7692989250151939)	(35, 0.769370803749444)	(36, 0.769457058230544)	(37, 0.7695528965428773)	(38, 0.7696726944332939)	(39, 0.7698116599861773)	(40, 0.7699458336234439)
SRR14016010_1 - polya	(1, 0.003481419268917447)	(2, 0.008443808776575953)	(3, 0.011319169455485521)	(4, 0.020132081583870785)	(5, 0.023909694900536443)	(6, 0.028247798492171797)	(7, 0.03287298246854772)	(8, 0.03938469468750457)	(9, 0.048803665405897714)	(10, 0.062004806272460335)	(11, 0.06598292017529402)	(12, 0.06963294220985275)	(13, 0.07350169215659479)	(14, 0.07763929516206211)	(15, 0.08098856631736882)	(16, 0.08439251945072135)	(17, 0.08761419932392114)	(18, 0.09070373108351018)	(19, 0.09287733971083167)	(20, 0.09539271070093956)	(21, 0.0984047763249637)	(22, 0.10135760313943817)	(23, 0.10419650916631719)	(24, 0.10666175500988308)	(25, 0.10935484242863991)	(26, 0.11334662682598504)	(27, 0.11650451105813137)	(28, 0.1201545330926901)	(29, 0.12331241732483643)	(30, 0.12629258512833383)	(31, 0.12991070934236582)	(32, 0.13276784269526012)	(33, 0.13587560178086444)	(34, 0.139429930353843)	(35, 0.14330323713208884)	(36, 0.1462059388000213)	(37, 0.14925445907607598)	(38, 0.15156932948001586)	(39, 0.15372471078132208)	(40, 0.15676867422587293)
SRR14016010_2 - polya	(1, 0.01074956551750819)	(2, 0.017315959714510862)	(3, 0.023896024406024986)	(4, 0.032389958329142945)	(5, 0.03954418379013822)	(6, 0.04670296608263732)	(7, 0.05465463705680086)	(8, 0.06648872847221789)	(9, 0.07986302893592562)	(10, 0.09434463945506127)	(11, 0.10391854244458426)	(12, 0.11485949488525284)	(13, 0.12566374238080685)	(14, 0.1372836627155444)	(15, 0.14970558539495402)	(16, 0.16385910404581475)	(17, 0.17641317483883512)	(18, 0.18809689081462613)	(19, 0.1992793553249971)	(20, 0.21164203919485708)	(21, 0.22211363799063233)	(22, 0.23304547676829326)	(23, 0.2437540308022671)	(24, 0.25293148945095784)	(25, 0.2617899698943813)	(26, 0.2712271679387897)	(27, 0.2802998194628927)	(28, 0.28896691298315574)	(29, 0.2972193348365713)	(30, 0.3054398588694601)	(31, 0.31350545063121915)	(32, 0.3211062455795886)	(33, 0.32944524723157675)	(34, 0.33746071384679377)	(35, 0.34684322991315636)	(36, 0.35522324304867886)	(37, 0.3629015041326133)	(38, 0.3701650935497002)	(39, 0.3767907265562525)	(40, 0.3849474549480879)
SRR14016010_2 - polyg	(1, 0.3338836011162961)	(2, 0.33782981719860306)	(3, 0.33797107897522144)	(4, 0.3380303177847711)	(5, 0.33810322708883217)	(6, 0.3381989205504124)	(7, 0.3383720801475575)	(8, 0.3386728310268095)	(9, 0.3391649688292219)	(10, 0.3399350733533673)	(11, 0.3403543018517186)	(12, 0.34078720084458136)	(13, 0.3414616119071465)	(14, 0.34163932833579547)	(15, 0.3417486922918871)	(16, 0.341876283573994)	(17, 0.3419674202040704)	(18, 0.3420403295081315)	(19, 0.3421269093067041)	(20, 0.3422089322737728)	(21, 0.3423000689038492)	(22, 0.3424094328599408)	(23, 0.34249145582700957)	(24, 0.3425962629515974)	(25, 0.3426782859186661)	(26, 0.34276030888573483)	(27, 0.3428241045267883)	(28, 0.3428924569993456)	(29, 0.3429380253143838)	(30, 0.34299726412393344)	(31, 0.34305650293348305)	(32, 0.3431521963950633)	(33, 0.3432387761936358)	(34, 0.3433390264867198)	(35, 0.343484845094842)	(36, 0.34358509538792603)	(37, 0.34363977736597184)	(38, 0.3437673686480788)	(39, 0.3438949599301857)	(40, 0.3439724260657506)
SRR14016011_1 - polya	(1, 0.002952405430185861)	(2, 0.00756587874052233)	(3, 0.010548188829761638)	(4, 0.016121329835176938)	(5, 0.01910092131904775)	(6, 0.022259940757239253)	(7, 0.0260795812999751)	(8, 0.032025171240874256)	(9, 0.04036041530068074)	(10, 0.0489457710543888)	(11, 0.05197429743489253)	(12, 0.05472824467317823)	(13, 0.057952510640213624)	(14, 0.06193526750505919)	(15, 0.06487136130303407)	(16, 0.06769871088626915)	(17, 0.07016720456086285)	(18, 0.07251064238850578)	(19, 0.0744517266216114)	(20, 0.07683866213515024)	(21, 0.07947027213185366)	(22, 0.08199857512455426)	(23, 0.08432026410924923)	(24, 0.08669904380668259)	(25, 0.08924909564233115)	(26, 0.09316932458370132)	(27, 0.09646155568494909)	(28, 0.10023769854178902)	(29, 0.10342934124440246)	(30, 0.10677050724228314)	(31, 0.11005458252742542)	(32, 0.11284930884623856)	(33, 0.11556791421473384)	(34, 0.11873508946903082)	(35, 0.12197022985754019)	(36, 0.1244876584287668)	(37, 0.12715461029526065)	(38, 0.12946270625311315)	(39, 0.13170555568212175)	(40, 0.13433444707345665)
SRR14016011_2 - polya	(1, 0.009637456031315723)	(2, 0.014650564330820997)	(3, 0.022336061707557118)	(4, 0.030848015116315804)	(5, 0.038900524217798785)	(6, 0.04725751712055324)	(7, 0.05688953594113197)	(8, 0.07033032088297257)	(9, 0.08550285744454467)	(10, 0.1014529151415064)	(11, 0.112890087926766)	(12, 0.12538751680573873)	(13, 0.13857547144830928)	(14, 0.15347342886766335)	(15, 0.16787388150458277)	(16, 0.18415560905650094)	(17, 0.19851800121826144)	(18, 0.21316040973297695)	(19, 0.22679149705061222)	(20, 0.24158342886059497)	(21, 0.2536839413557674)	(22, 0.26658916104001446)	(23, 0.2796547784410027)	(24, 0.29100223724910196)	(25, 0.3022491076585669)	(26, 0.3141484433564707)	(27, 0.32535997189614513)	(28, 0.3364763492479223)	(29, 0.34679617522673034)	(30, 0.3571513430753288)	(31, 0.36725368062465724)	(32, 0.37667908543723033)	(33, 0.3867460811167683)	(34, 0.39641072320176896)	(35, 0.4067495794181565)	(36, 0.41589224927240603)	(37, 0.4247630585898061)	(38, 0.4338622307581598)	(39, 0.44189299101669477)	(40, 0.45081817244146477)
SRR14016011_2 - polyg	(1, 0.7550382689921907)	(2, 0.76353119216337)	(3, 0.7638900480720113)	(4, 0.764031415551173)	(5, 0.7641374411605444)	(6, 0.7643413365631815)	(7, 0.7646784436288749)	(8, 0.7655293671092139)	(9, 0.7665760301760847)	(10, 0.7680359212589666)	(11, 0.7691587052761552)	(12, 0.7705125707496657)	(13, 0.7726629875961455)	(14, 0.7730191248994184)	(15, 0.7733236087006898)	(16, 0.7736552785556463)	(17, 0.7738673297743889)	(18, 0.7740222902803932)	(19, 0.7742098740508193)	(20, 0.7743811461890345)	(21, 0.7745197950628278)	(22, 0.7746829113849375)	(23, 0.7748650579446267)	(24, 0.775020018450631)	(25, 0.7751858533781091)	(26, 0.7753163464357969)	(27, 0.7754414022827477)	(28, 0.7755882069726464)	(29, 0.7757431674786507)	(30, 0.7758872535631809)	(31, 0.7760476512799221)	(32, 0.7761808629429784)	(33, 0.7763412606597196)	(34, 0.7764989397710923)	(35, 0.7766892421468871)	(36, 0.7768306096260488)	(37, 0.7769828515266844)	(38, 0.7771378120326887)	(39, 0.7772737423011135)	(40, 0.7774558888608026)
SRR14016012_1 - polya	(1, 0.004425794397551755)	(2, 0.011021095852726918)	(3, 0.01520101278374802)	(4, 0.022537562483611183)	(5, 0.02657646145588676)	(6, 0.03062259211835442)	(7, 0.03573901292924963)	(8, 0.04337206192698799)	(9, 0.05431360918760205)	(10, 0.06513944940514287)	(11, 0.06880591633252642)	(12, 0.07239283466779713)	(13, 0.07647873962632121)	(14, 0.08138182557655012)	(15, 0.08474094567077037)	(16, 0.08803136470816586)	(17, 0.0910831379692228)	(18, 0.09413852707537576)	(19, 0.09668769786808327)	(20, 0.09971054436837189)	(21, 0.102964804954807)	(22, 0.10637093103527576)	(23, 0.10936485077479606)	(24, 0.11255041030440643)	(25, 0.1156057994105594)	(26, 0.12066436669991798)	(27, 0.12482258856036285)	(28, 0.12964251007338284)	(29, 0.13371033580642674)	(30, 0.13766607034149342)	(31, 0.1419906210763561)	(32, 0.1453750520862486)	(33, 0.14897643380190348)	(34, 0.15277307115274444)	(35, 0.15654801343300917)	(36, 0.15980227401944427)	(37, 0.16291913249222992)	(38, 0.16569610152598788)	(39, 0.168581545912627)	(40, 0.17165863008935622)
SRR14016012_2 - polya	(1, 0.012384269453933627)	(2, 0.020064324437920496)	(3, 0.033258543193366866)	(4, 0.04779062463434766)	(5, 0.06173332332467411)	(6, 0.07617139279315789)	(7, 0.09324541333665412)	(8, 0.1158842194829544)	(9, 0.1425763879819144)	(10, 0.16815849203639044)	(11, 0.18696450238088935)	(12, 0.20997212472698562)	(13, 0.2328785034103928)	(14, 0.2580050109827679)	(15, 0.2827229280592906)	(16, 0.31076742262416923)	(17, 0.33551788230655627)	(18, 0.3598452881127068)	(19, 0.38259980130208027)	(20, 0.4057158990010577)	(21, 0.4264563864719375)	(22, 0.4481189144423072)	(23, 0.47009602093603237)	(24, 0.48912259783138967)	(25, 0.5083842046579895)	(26, 0.5288571195917624)	(27, 0.5476161239500128)	(28, 0.5655434839361743)	(29, 0.5824692548307329)	(30, 0.5995613545997093)	(31, 0.6161870103512967)	(32, 0.6321654298306931)	(33, 0.6486609151588231)	(34, 0.6644223839324571)	(35, 0.680715381935209)	(36, 0.696849282753735)	(37, 0.7117357170141276)	(38, 0.7267667850783619)	(39, 0.7402683506669716)	(40, 0.754854669784393)
SRR14016012_2 - polyg	(1, 0.9844355224671981)	(2, 0.9957820443785685)	(3, 0.9961544764234606)	(4, 0.9963641954390309)	(5, 0.9965811461447932)	(6, 0.9967944810054595)	(7, 0.9972283824169842)	(8, 0.9983059042556038)	(9, 0.9994810539118165)	(10, 1.001549317306751)	(11, 1.0028474056962289)	(12, 1.0042865120444524)	(13, 1.0068248353018716)	(14, 1.0073021268545488)	(15, 1.007674558899441)	(16, 1.0080795335501973)	(17, 1.0082892525657676)	(18, 1.008509819116626)	(19, 1.0087159222871)	(20, 1.0088822511615179)	(21, 1.0090341166555516)	(22, 1.0092004455299695)	(23, 1.0094029328553475)	(24, 1.0095150240533248)	(25, 1.009706663843415)	(26, 1.009800675815912)	(27, 1.0099308462393692)	(28, 1.010089943423595)	(29, 1.0102418089176286)	(30, 1.0103864427214702)	(31, 1.010549155750792)	(32, 1.0107010212448255)	(33, 1.0108962768800116)	(34, 1.0110481423740454)	(35, 1.011192776177887)	(36, 1.0113193307562482)	(37, 1.0114675804051858)	(38, 1.0116158300541234)	(39, 1.0118002381540214)	(40, 1.0119593353382472)
SRR14016013_1 - polya	(1, 0.004126501368896732)	(2, 0.009380214505000671)	(3, 0.012960103132513005)	(4, 0.019658233357249293)	(5, 0.0232749404595699)	(6, 0.027443924684014645)	(7, 0.03178850471139116)	(8, 0.03863957321610029)	(9, 0.04857206484322509)	(10, 0.0583657791422264)	(11, 0.06184087672605364)	(12, 0.06503558746326402)	(13, 0.06869194523076276)	(14, 0.07302519649665981)	(15, 0.07616043123610297)	(16, 0.07936363854442295)	(17, 0.08215051386837242)	(18, 0.08489490633677389)	(19, 0.08726544967635286)	(20, 0.09007215033289141)	(21, 0.0930657755538412)	(22, 0.09609055486885953)	(23, 0.09896806028464476)	(24, 0.10192769922115615)	(25, 0.1051422352909556)	(26, 0.10967657207311322)	(27, 0.11322247441618714)	(28, 0.1175472291109746)	(29, 0.12128572039919949)	(30, 0.12503837263927375)	(31, 0.12883067554452612)	(32, 0.1318073076232567)	(33, 0.13502467588342604)	(34, 0.1385139344191026)	(35, 0.14173130267927192)	(36, 0.14435107877139922)	(37, 0.1472682348523626)	(38, 0.1498625212311611)	(39, 0.15236900970849368)	(40, 0.15541927873684083)
SRR14016013_2 - polya	(1, 0.010110919620426448)	(2, 0.015673341506845927)	(3, 0.024662713740804903)	(4, 0.03472548612494361)	(5, 0.04423881357732804)	(6, 0.05429592158072701)	(7, 0.06599569999864904)	(8, 0.081796490072139)	(9, 0.10020289528590692)	(10, 0.11900580715145628)	(11, 0.13300815634008048)	(12, 0.1488627580305979)	(13, 0.1657964242520348)	(14, 0.1841093671835971)	(15, 0.20300574133135207)	(16, 0.22466066889935787)	(17, 0.24355704304711284)	(18, 0.26164057855871586)	(19, 0.2792483060881812)	(20, 0.29702313284946874)	(21, 0.312687977785205)	(22, 0.32980290419031344)	(23, 0.3460653412940918)	(24, 0.36125721043806025)	(25, 0.37611771330875426)	(26, 0.39134640092753104)	(27, 0.4059321813323479)	(28, 0.41933693835293007)	(29, 0.4327020447083341)	(30, 0.44614078801335466)	(31, 0.4588573227740591)	(32, 0.471284974117037)	(33, 0.4843980155295229)	(34, 0.496757694303624)	(35, 0.5093920955436023)	(36, 0.5214289046155385)	(37, 0.5328681215194327)	(38, 0.5446018862217932)	(39, 0.5551093124940011)	(40, 0.5665938444438132)
SRR14016013_2 - polyg	(1, 0.9869475391395256)	(2, 0.9966307980141021)	(3, 0.9969678286681163)	(4, 0.9971207669480892)	(5, 0.9972906983702812)	(6, 0.9975172735998706)	(7, 0.9978628008249943)	(8, 0.9988285777411192)	(9, 1.0000577483616415)	(10, 1.0020402816205487)	(11, 1.0037565889846884)	(12, 1.0053426155918141)	(13, 1.0088007200334221)	(14, 1.0092991855385187)	(15, 1.009613558669574)	(16, 1.0099874077983966)	(17, 1.0101941576953968)	(18, 1.0104009075923972)	(19, 1.0105821677760687)	(20, 1.010743602627151)	(21, 1.010856890241946)	(22, 1.011066472329316)	(23, 1.0112052496574395)	(24, 1.0113411947951931)	(25, 1.011474307742577)	(26, 1.0115875953573716)	(27, 1.0116980507817963)	(28, 1.0118311637291801)	(29, 1.011964276676564)	(30, 1.0121200471469067)	(31, 1.0122333347617014)	(32, 1.0123721120898248)	(33, 1.012516553798688)	(34, 1.0127034783630993)	(35, 1.0128875707371408)	(36, 1.0130291802556342)	(37, 1.0131424678704288)	(38, 1.0132585876755933)	(39, 1.0133832040518675)	(40, 1.01354180671258)
SRR14016014_1 - polya	(1, 0.004749388709395598)	(2, 0.009110304991373615)	(3, 0.012151250444706944)	(4, 0.017765303589322323)	(5, 0.021040167923681293)	(6, 0.02461578510507323)	(7, 0.028663417171391904)	(8, 0.03496669559045783)	(9, 0.04368435103153841)	(10, 0.052723644934029236)	(11, 0.056353564712802125)	(12, 0.05951146960664828)	(13, 0.06309544103379112)	(14, 0.06664181835505487)	(15, 0.06959922135087904)	(16, 0.07279054322772885)	(17, 0.07547643323664825)	(18, 0.07819156310569587)	(19, 0.08041379247543946)	(20, 0.08312474522161162)	(21, 0.08621999327232589)	(22, 0.08927764721716105)	(23, 0.09207631954371782)	(24, 0.09499195131078743)	(25, 0.09799530265824163)	(26, 0.10249406399510975)	(27, 0.10611980665100719)	(28, 0.11021756419183136)	(29, 0.11361774221245406)	(30, 0.11734373581736249)	(31, 0.12104048956214271)	(32, 0.12431953101937714)	(33, 0.1278324913576372)	(34, 0.13119089814950533)	(35, 0.13433209455184963)	(36, 0.13683836827712437)	(37, 0.1396203321121793)	(38, 0.1420305320113185)	(39, 0.14458275408822327)	(40, 0.1475443342069229)
SRR14016014_2 - polya	(1, 0.010614069226538448)	(2, 0.01753556183117214)	(3, 0.028529749239377254)	(4, 0.04003772276126368)	(5, 0.05200100267657502)	(6, 0.06477046730684974)	(7, 0.08060176300483506)	(8, 0.10095688277694126)	(9, 0.12214325000126358)	(10, 0.1438350490935163)	(11, 0.16031797596007305)	(12, 0.179211102725769)	(13, 0.1983172627581133)	(14, 0.2186723825302195)	(15, 0.23822967183311325)	(16, 0.2610284084873623)	(17, 0.2820769306567945)	(18, 0.3013042272525271)	(19, 0.32105784133056736)	(20, 0.3405274110530765)	(21, 0.3576619690882047)	(22, 0.3762961142356222)	(23, 0.3951850638784427)	(24, 0.41520183669763683)	(25, 0.43293790042683095)	(26, 0.44965474617441337)	(27, 0.465059975339102)	(28, 0.47958383157706896)	(29, 0.4934727651379664)	(30, 0.5074076470504939)	(31, 0.5213801230689005)	(32, 0.5351896912951641)	(33, 0.5511379464336623)	(34, 0.5703360031692667)	(35, 0.5867771588070688)	(36, 0.6056076287296329)	(37, 0.6188073370160798)	(38, 0.6329803149325084)	(39, 0.6443003179249992)	(40, 0.6561090442939186)
SRR14016014_2 - polyg	(1, 1.2363698914152732)	(2, 1.2455720931099068)	(3, 1.2461276504523426)	(4, 1.2464158719307492)	(5, 1.2465913110915186)	(6, 1.2468001672352915)	(7, 1.2471468684339544)	(8, 1.2482412746273244)	(9, 1.2499873119892657)	(10, 1.2522847295707675)	(11, 1.255233778320841)	(12, 1.2576899265716102)	(13, 1.2663699879068115)	(14, 1.2672430065877822)	(15, 1.2676314790152)	(16, 1.2682580474465186)	(17, 1.268508674819046)	(18, 1.2687676564373245)	(19, 1.2689055014922146)	(20, 1.2690391694242291)	(21, 1.2692689111823794)	(22, 1.2694777673261521)	(23, 1.2696281437496686)	(24, 1.2697701659274343)	(25, 1.2698913024908225)	(26, 1.2699999076855844)	(27, 1.270150284109101)	(28, 1.2702755977953646)	(29, 1.2704009114816284)	(30, 1.2705262251678922)	(31, 1.2706640702227823)	(32, 1.2707852067861705)	(33, 1.2709606459469398)	(34, 1.2711026681247053)	(35, 1.2712405131795954)	(36, 1.271382535357361)	(37, 1.2715120261665003)	(38, 1.271691642450145)	(39, 1.2718253103821595)	(40, 1.271938092699797)
SRR14016015_1 - polya	(1, 0.003609276690335737)	(2, 0.007500413730728119)	(3, 0.010571593389137534)	(4, 0.015908637420080238)	(5, 0.01908963279929094)	(6, 0.022633020057145906)	(7, 0.026432643996870543)	(8, 0.032366353444166926)	(9, 0.040748953465332076)	(10, 0.04950858746124832)	(11, 0.0528689485177678)	(12, 0.05611217280543257)	(13, 0.05961163377496702)	(14, 0.06359428391602714)	(15, 0.06646047422894082)	(16, 0.06942915921460235)	(17, 0.07174261039948288)	(18, 0.074363545602607)	(19, 0.07639513643743086)	(20, 0.07883304543921951)	(21, 0.0813661280657026)	(22, 0.08385528440386518)	(23, 0.08631515654981407)	(24, 0.0888555602243506)	(25, 0.09175103472947795)	(26, 0.09567877701013743)	(27, 0.09888173553350839)	(28, 0.10246172803163044)	(29, 0.10559879712252063)	(30, 0.10886764507837236)	(31, 0.1123231797595863)	(32, 0.11488554657828307)	(33, 0.11786887366005146)	(34, 0.12092175069832732)	(35, 0.12385383044372177)	(36, 0.12630272101759055)	(37, 0.12862349325052447)	(38, 0.13062213936910796)	(39, 0.13267203282406537)	(40, 0.13525270226289568)
SRR14016015_2 - polya	(1, 0.00972235181494089)	(2, 0.014923956456895334)	(3, 0.022519543812317903)	(4, 0.030580017719132605)	(5, 0.03830738393951672)	(6, 0.045837081862458516)	(7, 0.05474313681944315)	(8, 0.06716329484206907)	(9, 0.08017645775702195)	(10, 0.09398029386174413)	(11, 0.10379415877735276)	(12, 0.11434744954635674)	(13, 0.1249629692238148)	(14, 0.13684136969048769)	(15, 0.14826586517784857)	(16, 0.16088369149791681)	(17, 0.17148822960329474)	(18, 0.18266746998086608)	(19, 0.1930084503563209)	(20, 0.2045134773722694)	(21, 0.21466777102236204)	(22, 0.22505267768613738)	(23, 0.23556204216682083)	(24, 0.24583347258576818)	(25, 0.25588527156311297)	(26, 0.2654502208449053)	(27, 0.27390237082257796)	(28, 0.28197016577744605)	(29, 0.28990984239137935)	(30, 0.29814968197550284)	(31, 0.306052753349169)	(32, 0.31360075389224434)	(33, 0.32151114631396394)	(34, 0.32885415751154357)	(35, 0.33664741316440844)	(36, 0.34354017990670277)	(37, 0.35035241512040943)	(38, 0.35713170561787577)	(39, 0.36328504650677473)	(40, 0.37032423421013744)
SRR14016015_2 - polyg	(1, 1.1703793470598836)	(2, 1.1814853769569207)	(3, 1.182100344993408)	(4, 1.1824444342519187)	(5, 1.1827702208902957)	(6, 1.1831545759131004)	(7, 1.1838573965262287)	(8, 1.185530256006435)	(9, 1.1875472047451519)	(10, 1.1901864425684097)	(11, 1.1924083806526224)	(12, 1.1949890500914526)	(13, 1.1992974868708899)	(14, 1.2002162784015942)	(15, 1.2008715122023752)	(16, 1.2016109380557705)	(17, 1.2020831456552161)	(18, 1.202485803298154)	(19, 1.2027713241722375)	(20, 1.2030385424261874)	(21, 1.2033130817281905)	(22, 1.2037157393711286)	(23, 1.203986618149105)	(24, 1.2042318732588946)	(25, 1.2045759625174053)	(26, 1.204872464963569)	(27, 1.205136022693492)	(28, 1.2054654698558958)	(29, 1.205714385489712)	(30, 1.2059559800754749)	(31, 1.2062048957092912)	(32, 1.2064647929151875)	(33, 1.2066624612126298)	(34, 1.2069333399906064)	(35, 1.2071676135283158)	(36, 1.207427510734212)	(37, 1.2076654447959483)	(38, 1.2078997183336577)	(39, 1.208148633967474)	(40, 1.2083572838369965)
SRR14016016_1 - polya	(1, 0.0036502366766361302)	(2, 0.008595718625627016)	(3, 0.012277124306143342)	(4, 0.018476292855648724)	(5, 0.022001853516764074)	(6, 0.025866809997908212)	(7, 0.030033066849894232)	(8, 0.036737865906789444)	(9, 0.04606432451227435)	(10, 0.05577520083228167)	(11, 0.05901677723582191)	(12, 0.062074802838734344)	(13, 0.06513975488695349)	(14, 0.0692609898444459)	(15, 0.07202117829916979)	(16, 0.07499262333574835)	(17, 0.0775727242124978)	(18, 0.08032252299926164)	(19, 0.08239353014596791)	(20, 0.08492168268291703)	(21, 0.0875225628955866)	(22, 0.09015807533478973)	(23, 0.09266198531316537)	(24, 0.09555031300606341)	(25, 0.09848366259345506)	(26, 0.10285424958198902)	(27, 0.10640751602433121)	(28, 0.11070883855979809)	(29, 0.11404392197497891)	(30, 0.11754177685486743)	(31, 0.12099114661760896)	(32, 0.1240110767713345)	(33, 0.1270552494836335)	(34, 0.13072280227353641)	(35, 0.13394706256380987)	(36, 0.1367072510185338)	(37, 0.13923194033282954)	(38, 0.1417358503112052)	(39, 0.14421205450835398)	(40, 0.14705189708410504)
SRR14016016_2 - polya	(1, 0.010947246807255036)	(2, 0.017527369848629463)	(3, 0.02817331628504262)	(4, 0.03976472250582168)	(5, 0.05121413659781318)	(6, 0.06323498242760826)	(7, 0.07674155077569261)	(8, 0.09516589529154101)	(9, 0.11614609812556537)	(10, 0.13636439197585165)	(11, 0.1528389421378612)	(12, 0.17103471395858816)	(13, 0.18855169413925757)	(14, 0.2078903294355917)	(15, 0.22740905230990024)	(16, 0.24984727188098704)	(17, 0.26906123116180036)	(18, 0.28807086030606577)	(19, 0.306200830896379)	(20, 0.3247948733222418)	(21, 0.3416053560816268)	(22, 0.3588383520047211)	(23, 0.3759155029084144)	(24, 0.391912128344261)	(25, 0.4072715208118902)	(26, 0.42297030909954825)	(27, 0.43741194756403845)	(28, 0.4508492514590557)	(29, 0.46517314035333185)	(30, 0.4786658558108028)	(31, 0.49235943818216826)	(32, 0.5057032350655449)	(33, 0.5208028858341726)	(34, 0.5348254743576069)	(35, 0.5482246828034372)	(36, 0.5606507256836748)	(37, 0.5717157220611438)	(38, 0.5838750967970732)	(39, 0.5946561089169672)	(40, 0.6065245729500146)
SRR14016016_2 - polyg	(1, 0.888777219198444)	(2, 0.8990352846976815)	(3, 0.8995132094238444)	(4, 0.8997071498924323)	(5, 0.8998629949118333)	(6, 0.9000638618257278)	(7, 0.9004448163175969)	(8, 0.9013210116488957)	(9, 0.9023530519995955)	(10, 0.9038907228576851)	(11, 0.9050335863332922)	(12, 0.9064015592813675)	(13, 0.9089608808221967)	(14, 0.909431879103053)	(15, 0.9097331794738949)	(16, 0.9101002810751505)	(17, 0.9103842653327257)	(18, 0.9106336173637672)	(19, 0.9107652198245947)	(20, 0.9109176016213423)	(21, 0.9110942259766635)	(22, 0.9112847032225979)	(23, 0.9114440114646523)	(24, 0.9115790771481331)	(25, 0.911724532499574)	(26, 0.9119080833002018)	(27, 0.9120743179875629)	(28, 0.9121955307804303)	(29, 0.9123340596865644)	(30, 0.9124344931435118)	(31, 0.912573022049646)	(32, 0.9127080877331268)	(33, 0.9128916385337547)	(34, 0.9130544099984623)	(35, 0.9132102550178633)	(36, 0.9133834161505311)	(37, 0.9135738933964656)	(38, 0.9137678338650534)	(39, 0.9139513846656813)	(40, 0.9140933767944688)
SRR14016017_1 - polya	(1, 0.0090688397542865)	(2, 0.01693672036689256)	(3, 0.024361661676293292)	(4, 0.036416916938788936)	(5, 0.043330423176447426)	(6, 0.051175471866207856)	(7, 0.058952024787431376)	(8, 0.0693040186056426)	(9, 0.09090301761761398)	(10, 0.1057802985438302)	(11, 0.11151567756265388)	(12, 0.11640170905161992)	(13, 0.12341567574979921)	(14, 0.139535013278818)	(15, 0.14434341623010888)	(16, 0.15005596332608695)	(17, 0.15474107389401137)	(18, 0.1595083793841801)	(19, 0.16348570034388984)	(20, 0.16807948322043176)	(21, 0.17455918292402317)	(22, 0.18047721732561195)	(23, 0.18700258087489463)	(24, 0.19387498965143096)	(25, 0.19993458197466268)	(26, 0.2088344654998915)	(27, 0.21663841672852976)	(28, 0.2257620530976458)	(29, 0.233205259945323)	(30, 0.24136995555492236)	(31, 0.2522105525220302)	(32, 0.2578820021568861)	(33, 0.2644073657061688)	(34, 0.2755036802091477)	(35, 0.2818418219910962)	(36, 0.28690137609368904)	(37, 0.2973264320650063)	(38, 0.3030481119301226)	(39, 0.3086556321810108)	(40, 0.3086556321810108)
SRR14016017_2 - polya	(1, 0.024389059983708054)	(2, 0.036837024319148634)	(3, 0.06578333610284558)	(4, 0.09557442903183104)	(5, 0.1277035108602096)	(6, 0.15874122677656677)	(7, 0.1962175449353932)	(8, 0.24219190477736524)	(9, 0.2924267014223329)	(10, 0.3424879754536737)	(11, 0.3826949915848382)	(12, 0.42829947427671095)	(13, 0.47307287497700257)	(14, 0.5208463903392107)	(15, 0.5719488000523125)	(16, 0.6239188228335485)	(17, 0.670235661518205)	(18, 0.7141871129960538)	(19, 0.7599788174552607)	(20, 0.8041129243158746)	(21, 0.8471237005724831)	(22, 0.892230447346321)	(23, 0.9325242247842989)	(24, 0.969521072563367)	(25, 1.0070384881833154)	(26, 1.0467614675501524)	(27, 1.0846898577813224)	(28, 1.121412722486243)	(29, 1.1586378894937674)	(30, 1.1919040010798587)	(31, 1.2244029600583364)	(32, 1.2590207214768894)	(33, 1.2914511846868302)	(34, 1.325064341500175)	(35, 1.355047222581064)	(36, 1.38321268260344)	(37, 1.4123096850779182)	(38, 1.4398221521069092)	(39, 1.4661108280713742)	(40, 1.4661108280713742)
SRR14016017_2 - polyg	(1, 2.3720312963559382)	(2, 2.4132657490151566)	(3, 2.4140511671610465)	(4, 2.4145215047716664)	(5, 2.414900514690904)	(6, 2.4154667463774757)	(7, 2.4163526249838863)	(8, 2.418599286191897)	(9, 2.4209190095530135)	(10, 2.424033283829158)	(11, 2.4264169365742427)	(12, 2.4293074580065)	(13, 2.433983435805286)	(14, 2.4349378101802337)	(15, 2.4356455997884487)	(16, 2.4363305574738177)	(17, 2.436778063161592)	(18, 2.4371433739271224)	(19, 2.4375543485383435)	(20, 2.4379424912267194)	(21, 2.4383078019922495)	(22, 2.438636581681227)	(23, 2.439042989907879)	(24, 2.439408300673409)	(25, 2.439682283747557)	(26, 2.440011063436534)	(27, 2.4403581086637876)	(28, 2.4406275253533662)	(29, 2.440860410966392)	(30, 2.4411800578862306)	(31, 2.4414266426529636)	(32, 2.441833050879616)	(33, 2.4421435650303165)	(34, 2.442449512796448)	(35, 2.4428330891002545)	(36, 2.443202966250354)	(37, 2.4435591442467457)	(38, 2.443855959243739)	(39, 2.4441664733944397)	(40, 2.4444313236994493)
SRR14016018_1 - polya	(1, 0.0074968673238339206)	(2, 0.015263178082139672)	(3, 0.021333580164652127)	(4, 0.03176262604009128)	(5, 0.03773000563295274)	(6, 0.04435514419820132)	(7, 0.051907485170308854)	(8, 0.061139885204417224)	(9, 0.08014357214157762)	(10, 0.09366329270654662)	(11, 0.09839440242359615)	(12, 0.10325230905098536)	(13, 0.11008349259553593)	(14, 0.12632142192591192)	(15, 0.13094950915331047)	(16, 0.13621950573930364)	(17, 0.14027700687017358)	(18, 0.14467527469758146)	(19, 0.14807501685606428)	(20, 0.15206911953176436)	(21, 0.1582663185246165)	(22, 0.1639008562278363)	(23, 0.1702169273241319)	(24, 0.17660432168249357)	(25, 0.18244490436501534)	(26, 0.19075010199226475)	(27, 0.1985401871712592)	(28, 0.20738427166745227)	(29, 0.21464339478439928)	(30, 0.22206893884616713)	(31, 0.2315153086664737)	(32, 0.23657926027316492)	(33, 0.2427606096522246)	(34, 0.2540138354448717)	(35, 0.25963252353429905)	(36, 0.26442703170651843)	(37, 0.27524439311987287)	(38, 0.28038759279552633)	(39, 0.28496020637465125)	(40, 0.28496020637465125)
SRR14016018_2 - polya	(1, 0.019265205564736005)	(2, 0.02978142431603369)	(3, 0.04945079503247744)	(4, 0.07087947287988433)	(5, 0.09295006008588588)	(6, 0.11418061776088702)	(7, 0.1384543012840406)	(8, 0.16846554500006497)	(9, 0.20106820057115668)	(10, 0.2333617886732954)	(11, 0.260147635982554)	(12, 0.2875516182297186)	(13, 0.31612054709062903)	(14, 0.34488759612394526)	(15, 0.3759924631916494)	(16, 0.40808793112138236)	(17, 0.43630816847885867)	(18, 0.464116315877731)	(19, 0.4911636818145652)	(20, 0.519708836254787)	(21, 0.5458052253640735)	(22, 0.5721552082940395)	(23, 0.5975225151688729)	(24, 0.6198625458093463)	(25, 0.6428207113877256)	(26, 0.6663970119040109)	(27, 0.688586471213456)	(28, 0.7103004421091271)	(29, 0.7317449695703265)	(30, 0.7520483248384686)	(31, 0.7713293800169971)	(32, 0.7911493220644693)	(33, 0.811024737760215)	(34, 0.8306782588628663)	(35, 0.8491589085448755)	(36, 0.8667282054338182)	(37, 0.8842024046400061)	(38, 0.9012803635013825)	(39, 0.9177084881972681)	(40, 0.9177084881972681)
SRR14016018_2 - polyg	(1, 1.596967461693861)	(2, 1.6249578796513466)	(3, 1.6254729920996016)	(4, 1.625829608409932)	(5, 1.6260990518444036)	(6, 1.6265190666099039)	(7, 1.627208524809876)	(8, 1.6290074559753203)	(9, 1.6307112894580098)	(10, 1.6327638144441334)	(11, 1.6343883998578608)	(12, 1.6365201729129466)	(13, 1.6397138700921274)	(14, 1.6404667267472695)	(15, 1.6409501399679394)	(16, 1.6414652524161943)	(17, 1.6418218687265247)	(18, 1.6420596129334117)	(19, 1.6423686804023647)	(20, 1.6427094470989025)	(21, 1.643066063409233)	(22, 1.6433592812643933)	(23, 1.6437000479609314)	(24, 1.6439536417816107)	(25, 1.64420723560229)	(26, 1.6445321526850356)	(27, 1.6449204682229508)	(28, 1.6452136860781112)	(29, 1.6454593550918946)	(30, 1.645752572947055)	(31, 1.6460299411884232)	(32, 1.64620428694014)	(33, 1.6464261815332346)	(34, 1.6466956249677065)	(35, 1.6470126172435555)	(36, 1.6472424366435463)	(37, 1.6475356544987068)	(38, 1.6478367971607635)	(39, 1.6481062405952354)	(40, 1.6484311576779809)
SRR14016019_1 - polya	(1, 0.005176859305137063)	(2, 0.013764827454744284)	(3, 0.01926942074689907)	(4, 0.030258541985064693)	(5, 0.03603736167452002)	(6, 0.04186968895369252)	(7, 0.04873203733492072)	(8, 0.05796878500984874)	(9, 0.07677670279543714)	(10, 0.09127725960879264)	(11, 0.09571838955531849)	(12, 0.10049394193757671)	(13, 0.1081187734722747)	(14, 0.12395702002855967)	(15, 0.12892653742354268)	(16, 0.13453145744641717)	(17, 0.13857796891877883)	(18, 0.14286526454486778)	(19, 0.14639007701748694)	(20, 0.15034295020784355)	(21, 0.15679730321747826)	(22, 0.16274333412479977)	(23, 0.16955886336502543)	(24, 0.1767957648742739)	(25, 0.18246088093558022)	(26, 0.19087494941860658)	(27, 0.19930908324777694)	(28, 0.20775659397437654)	(29, 0.21548844068850892)	(30, 0.22276547289004525)	(31, 0.23156078294980653)	(32, 0.23699849175481486)	(33, 0.24319868371329295)	(34, 0.25432826237446615)	(35, 0.2606956655508105)	(36, 0.26572537898422527)	(37, 0.27547044876146654)	(38, 0.28062724272045964)	(39, 0.28568370994873304)	(40, 0.28568370994873304)
SRR14016019_2 - polya	(1, 0.01217297666065821)	(2, 0.0180454346321186)	(3, 0.026345799486995985)	(4, 0.03611093461038114)	(5, 0.045300863144306626)	(6, 0.05430351511422198)	(7, 0.06491808322436736)	(8, 0.08008079646047293)	(9, 0.09742394397755356)	(10, 0.11452630734090688)	(11, 0.1272209830013076)	(12, 0.14124665995592312)	(13, 0.15579403591028115)	(14, 0.17034810031335382)	(15, 0.18749059436899504)	(16, 0.20560960193697475)	(17, 0.2209529032883758)	(18, 0.23636308912692336)	(19, 0.2507566307608445)	(20, 0.26696274199643505)	(21, 0.28134959518164154)	(22, 0.2962715242640198)	(23, 0.3105848045133652)	(24, 0.3229450577380335)	(25, 0.33524511492427006)	(26, 0.3483946050972668)	(27, 0.36070135073221793)	(28, 0.37300140791845443)	(29, 0.3848600274895242)	(30, 0.39634409393257375)	(31, 0.4071258732605853)	(32, 0.4177270644733014)	(33, 0.4289971005574822)	(34, 0.4402002521545165)	(35, 0.45107566976453317)	(36, 0.4614026345799487)	(37, 0.47129485022891215)	(38, 0.4810599853522973)	(39, 0.49008270266835663)	(40, 0.49008270266835663)
SRR14016019_2 - polyg	(1, 0.5211037278068911)	(2, 0.5290295395337482)	(3, 0.5291766854054705)	(4, 0.5292837005849048)	(5, 0.5293706504181953)	(6, 0.529491042495059)	(7, 0.5296716306103544)	(8, 0.5302133949562409)	(9, 0.5307886015457005)	(10, 0.5314775117633092)	(11, 0.531992522314337)	(12, 0.5326546787370872)	(13, 0.5335375539674205)	(14, 0.533851911057009)	(15, 0.5340124338261605)	(16, 0.534172956595312)	(17, 0.5343134140183197)	(18, 0.534440494543898)	(19, 0.534534132825903)	(20, 0.5346545249027667)	(21, 0.5348150476719182)	(22, 0.5349153744026379)	(23, 0.5350223895820723)	(24, 0.5350959625179335)	(25, 0.5352564852870849)	(26, 0.5353635004665193)	(27, 0.5354571387485244)	(28, 0.5355106463382415)	(29, 0.5356176615176759)	(30, 0.5356711691073931)	(31, 0.5357714958381128)	(32, 0.5358718225688325)	(33, 0.5360256568892694)	(34, 0.5361527374148477)	(35, 0.5362196219019941)	(36, 0.5362931948378553)	(37, 0.5364068984660043)	(38, 0.5365139136454387)	(39, 0.5366343057223023)	(40, 0.536734632453022)
SRR14016020_1 - polya	(1, 0.005355672273301433)	(2, 0.014894309270405538)	(3, 0.020120706695730732)	(4, 0.031136770526849024)	(5, 0.0360538317088025)	(6, 0.0410216794381752)	(7, 0.04785477854549083)	(8, 0.05650234248333012)	(9, 0.07546419250613097)	(10, 0.089393557375571)	(11, 0.09351188467538554)	(12, 0.09805958914883547)	(13, 0.107902945430455)	(14, 0.12964882164360134)	(15, 0.1350691313408909)	(16, 0.14092343517067213)	(17, 0.14488940282822896)	(18, 0.149109303222882)	(19, 0.15222113349202437)	(20, 0.15630714207984486)	(21, 0.16249848390613555)	(22, 0.16862980526729446)	(23, 0.17539364999176565)	(24, 0.18290544205095655)	(25, 0.18771631317921525)	(26, 0.19572673679488592)	(27, 0.20516841765600785)	(28, 0.21359436756874503)	(29, 0.22055212456518059)	(30, 0.22798542832381447)	(31, 0.2370946881472832)	(32, 0.24227029902518915)	(33, 0.24857244786403093)	(34, 0.2631251021790707)	(35, 0.2697273533435716)	(36, 0.2747044349906569)	(37, 0.2871517560672264)	(38, 0.2922027090560124)	(39, 0.29670886089975573)	(40, 0.29670886089975573)
SRR14016020_2 - polya	(1, 0.011620885441292852)	(2, 0.01691653724946246)	(3, 0.022678501902117794)	(4, 0.029502367091720827)	(5, 0.03569370891801154)	(6, 0.04150184315922981)	(7, 0.04830724051340767)	(8, 0.058898544129746884)	(9, 0.07127199386461572)	(10, 0.08422256345652133)	(11, 0.09238072975559343)	(12, 0.10046964167182111)	(13, 0.1096897085078409)	(14, 0.11882205312559112)	(15, 0.12898859652715125)	(16, 0.14048482407932417)	(17, 0.14979261313361356)	(18, 0.15932663317186135)	(19, 0.16861133743186926)	(20, 0.1792811293487655)	(21, 0.1888844037698577)	(22, 0.198519996902944)	(23, 0.20778623332752674)	(24, 0.21606905751571878)	(25, 0.22344234080922085)	(26, 0.23241309186700074)	(27, 0.24066359734319873)	(28, 0.24886793323083378)	(29, 0.2564443627140128)	(30, 0.2640115582794792)	(31, 0.27136637373755607)	(32, 0.2783933851168361)	(33, 0.2857759023280507)	(34, 0.29322305696325346)	(35, 0.30081795428185765)	(36, 0.3071616557504061)	(37, 0.31316831922244504)	(38, 0.3193273423367417)	(39, 0.3257125964349967)	(40, 0.3257125964349967)
SRR14016020_2 - polyg	(1, 0.32913837990636713)	(2, 0.3340415902117517)	(3, 0.33419394985400946)	(4, 0.33427705511342276)	(5, 0.33435554341397977)	(6, 0.33446173346767455)	(7, 0.33465102878078257)	(8, 0.33501576853042986)	(9, 0.3354820813749156)	(10, 0.336022265561102)	(11, 0.33640085618731813)	(12, 0.3369225725380794)	(13, 0.3376705198727991)	(14, 0.3378367303916257)	(15, 0.3379798561161708)	(16, 0.3381275987995722)	(17, 0.338233788853267)	(18, 0.3383722976189558)	(19, 0.3384784876726506)	(20, 0.3385615929320639)	(21, 0.3386446981914772)	(22, 0.33873242040974677)	(23, 0.338783206957166)	(24, 0.33891709876399856)	(25, 0.33901867185883705)	(26, 0.3391340958302444)	(27, 0.3392172010896577)	(28, 0.339300306349071)	(29, 0.33940649640276577)	(30, 0.33951268645646054)	(31, 0.3396004086747301)	(32, 0.33975276831698786)	(33, 0.33984972445297)	(34, 0.339928212753527)	(35, 0.3400436367249344)	(36, 0.3401405928609166)	(37, 0.34029756946203055)	(38, 0.3404499291042883)	(39, 0.34053765132255787)	(40, 0.3406900109648156)
SRR14016021_1 - polya	(1, 0.006416549484379592)	(2, 0.01644788025723034)	(3, 0.020650532551092993)	(4, 0.032305387930322824)	(5, 0.036337932869433896)	(6, 0.040355468336066895)	(7, 0.04539865108870208)	(8, 0.053456236230685183)	(9, 0.06782780612844766)	(10, 0.08137635661866204)	(11, 0.08459839004395674)	(12, 0.08872349339668265)	(13, 0.09648589224659683)	(14, 0.10902130334454074)	(15, 0.1127911825152854)	(16, 0.11700384112413344)	(17, 0.12024838875814527)	(18, 0.12380563373545045)	(19, 0.12655737035643194)	(20, 0.1299745269239417)	(21, 0.13477505653818125)	(22, 0.13941798669140093)	(23, 0.14418849736068431)	(24, 0.14955688535034461)	(25, 0.15367448396683148)	(26, 0.16055632709803158)	(27, 0.16789095598232046)	(28, 0.17558331062733692)	(29, 0.18131692911396383)	(30, 0.18731321336895715)	(31, 0.19347210024246303)	(32, 0.19810752565944367)	(33, 0.20351343733029914)	(34, 0.21317953760618327)	(35, 0.2199187907488416)	(36, 0.22469180299687133)	(37, 0.2327794070838106)	(38, 0.23673440308178492)	(39, 0.24050178067378322)	(40, 0.24050178067378322)
SRR14016021_2 - polya	(1, 0.012427843211851)	(2, 0.018131442753521746)	(3, 0.022676811335633918)	(4, 0.0291408908161941)	(5, 0.033723783079501475)	(6, 0.038496795327531204)	(7, 0.04379764069104011)	(8, 0.053133532572406446)	(9, 0.06410795853262995)	(10, 0.07674343278042772)	(11, 0.08292733544139706)	(12, 0.08972162331647503)	(13, 0.09681860221986095)	(14, 0.10447093160493587)	(15, 0.11302382933869565)	(16, 0.12392320793652874)	(17, 0.13235853146921023)	(18, 0.1405762176509595)	(19, 0.148145994937405)	(20, 0.15769201943346445)	(21, 0.16571708405174507)	(22, 0.17425997547051944)	(23, 0.18214745325775097)	(24, 0.18941954267338118)	(25, 0.19621132896971277)	(26, 0.20385115046105598)	(27, 0.21092811673447112)	(28, 0.2178024551294322)	(29, 0.22464427300069073)	(30, 0.23117339352865593)	(31, 0.23730726461469834)	(32, 0.24340861517703824)	(33, 0.2500002751736621)	(34, 0.25631926308693415)	(35, 0.2633512009429151)	(36, 0.2693249709891913)	(37, 0.2748559615973641)	(38, 0.2803744443118052)	(39, 0.2855627186317285)	(40, 0.2855627186317285)
SRR14016021_2 - polyg	(1, 0.26649068226958034)	(2, 0.2698177820022216)	(3, 0.26991284199458276)	(4, 0.2699903909357195)	(5, 0.27004042251064647)	(6, 0.27011797145178323)	(7, 0.2702655645978177)	(8, 0.27062829351603795)	(9, 0.27106857137539503)	(10, 0.2715914013333815)	(11, 0.2719866507753043)	(12, 0.2724619507371102)	(13, 0.2731824054160581)	(14, 0.27332999856209256)	(15, 0.2734550774994099)	(16, 0.273592664330459)	(17, 0.27372024484652263)	(18, 0.27380529852389845)	(19, 0.2738778443075425)	(20, 0.27394538693369386)	(21, 0.2740279390323233)	(22, 0.27412299902468446)	(23, 0.27425057954074816)	(24, 0.27435564584809474)	(25, 0.27449073110039746)	(26, 0.27458579109275866)	(27, 0.2746708447701344)	(28, 0.27476090160500294)	(29, 0.27483594896739333)	(30, 0.2749410152747399)	(31, 0.2750510847395791)	(32, 0.2751211289444769)	(33, 0.2752186905155844)	(34, 0.27531875366543823)	(35, 0.2754313247090239)	(36, 0.2755288862801314)	(37, 0.2756364541662243)	(38, 0.27577153941852706)	(39, 0.2758966183558444)	(40, 0.27600918939943)
SRR14016022_1 - polya	(1, 0.0060418969687333094)	(2, 0.014935508685668921)	(3, 0.02021459090333306)	(4, 0.030861161021732263)	(5, 0.035539084594514075)	(6, 0.040568105022920437)	(7, 0.04739807550931461)	(8, 0.05554655361179524)	(9, 0.07330094064909726)	(10, 0.08629657606052404)	(11, 0.09044659141153945)	(12, 0.09470521945889912)	(13, 0.10373522851542989)	(14, 0.12321226343428547)	(15, 0.12838273295560532)	(16, 0.13368454806320199)	(17, 0.1375769239949821)	(18, 0.14203509629841615)	(19, 0.1452303302722655)	(20, 0.14924647416034492)	(21, 0.15572029603779622)	(22, 0.1614641395607475)	(23, 0.1683597828402801)	(24, 0.1758995246679009)	(25, 0.18086539817982802)	(26, 0.18897851400908028)	(27, 0.19750082185711798)	(28, 0.20507340008130798)	(29, 0.21180991313131287)	(30, 0.21897582521337658)	(31, 0.22851100960174123)	(32, 0.23364864272649188)	(33, 0.2396829620652477)	(34, 0.2522870865945032)	(35, 0.25831888005659986)	(36, 0.26307005405249756)	(37, 0.27413339381965973)	(38, 0.2788845678155575)	(39, 0.2831532993695538)	(40, 0.2831532993695538)
SRR14016022_2 - polya	(1, 0.01166955016536283)	(2, 0.01716333189905637)	(3, 0.024783901779770582)	(4, 0.033301157874489944)	(5, 0.0414142737037422)	(6, 0.04970672677579548)	(7, 0.059097936194587475)	(8, 0.07311402577631872)	(9, 0.08964083675726439)	(10, 0.10670313358995398)	(11, 0.11846361531504691)	(12, 0.13086566971156888)	(13, 0.14373501129003718)	(14, 0.15724592553993455)	(15, 0.17247443591806713)	(16, 0.18963271606380516)	(17, 0.20423228315380454)	(18, 0.21835698543188006)	(19, 0.2316633036723847)	(20, 0.2465861829747578)	(21, 0.259975855145015)	(22, 0.27377724521071684)	(23, 0.2871163998477907)	(24, 0.29917998677198393)	(25, 0.3107131395977516)	(26, 0.3234890237398307)	(27, 0.3356258610871398)	(28, 0.3474469638520528)	(29, 0.35881340881831536)	(30, 0.3693816767602803)	(31, 0.37990447892238016)	(32, 0.3904095999478659)	(33, 0.40097029025985337)	(34, 0.4114122643688598)	(35, 0.42141978769248917)	(36, 0.4309246615609438)	(37, 0.44012895610695724)	(38, 0.4491261287669188)	(39, 0.458401147859389)	(40, 0.458401147859389)
SRR14016022_2 - polyg	(1, 0.5313206811329516)	(2, 0.5389538803969617)	(3, 0.5391306917631036)	(4, 0.5392317268294704)	(5, 0.539330236019178)	(6, 0.5394287452088856)	(7, 0.5397065916413942)	(8, 0.5403077502862765)	(9, 0.5409316418210914)	(10, 0.5416742495588872)	(11, 0.5422930893403838)	(12, 0.5431493615278422)	(13, 0.5446421546334113)	(14, 0.5448290695061898)	(15, 0.5450084067489909)	(16, 0.5451953216217694)	(17, 0.545278675551522)	(18, 0.5453872882478663)	(19, 0.545500952697529)	(20, 0.5456348241604649)	(21, 0.545725755720195)	(22, 0.5458015320199701)	(23, 0.5459227740996102)	(24, 0.5460137056593403)	(25, 0.5461172666023663)	(26, 0.5462157757920739)	(27, 0.5462865003385307)	(28, 0.5464127941714891)	(29, 0.5465037257312192)	(30, 0.5465946572909492)	(31, 0.5466881147273386)	(32, 0.5468043050536604)	(33, 0.5469002883667088)	(34, 0.5470291080763264)	(35, 0.5471225655127157)	(36, 0.5472286523324008)	(37, 0.5473296873987676)	(38, 0.5474079895752019)	(39, 0.5474938693816136)	(40, 0.5475974303246396)
