Sample	0	1	2	3	4	5	6	7	8	9	10	11	12	13	14	15	16	17	18	19	20	21	22	23
SRR14016000_1	(51, 32581751.0)																							
SRR14016000_2	(51, 32581751.0)																							
SRR14016001_1	(51, 31451886.0)																							
SRR14016001_2	(51, 31451886.0)																							
SRR14016002_1	(51, 29754291.0)																							
SRR14016002_2	(51, 29754291.0)																							
SRR14016003_1	(51, 46831051.0)																							
SRR14016003_2	(51, 46831051.0)																							
SRR14016004_1	(51, 47762051.0)																							
SRR14016004_2	(51, 47762051.0)																							
SRR14016005_1	(35, 7399.0)	(40, 13487.0)	(45, 27582.0)	(50, 65841.0)	(55, 102443.0)	(60, 173530.0)	(65, 212517.0)	(70, 261948.0)	(75, 298072.0)	(80, 316179.0)	(85, 339669.0)	(90, 328166.0)	(95, 330330.0)	(100, 315131.0)	(105, 302328.0)	(110, 285213.0)	(115, 267209.0)	(120, 247146.0)	(125, 230128.0)	(130, 210796.0)	(135, 193669.0)	(140, 174536.0)	(145, 298137.0)	(150, 1797680.0)
SRR14016006_1	(35, 15993.0)	(40, 30686.0)	(45, 55616.0)	(50, 103148.0)	(55, 136104.0)	(60, 211762.0)	(65, 277951.0)	(70, 379745.0)	(75, 524669.0)	(80, 698453.0)	(85, 949735.0)	(90, 1139464.0)	(95, 1393989.0)	(100, 1554095.0)	(105, 1711349.0)	(110, 1788016.0)	(115, 1841908.0)	(120, 1804614.0)	(125, 1757424.0)	(130, 1658983.0)	(135, 1546619.0)	(140, 1398922.0)	(145, 2233084.0)	(150, 8849546.0)
SRR14016007_1	(35, 23926.0)	(40, 54439.0)	(45, 96115.0)	(50, 184024.0)	(55, 248603.0)	(60, 398467.0)	(65, 506220.0)	(70, 665520.0)	(75, 817033.0)	(80, 944423.0)	(85, 1082661.0)	(90, 1114101.0)	(95, 1188469.0)	(100, 1184823.0)	(105, 1174699.0)	(110, 1135952.0)	(115, 1088226.0)	(120, 1025057.0)	(125, 958688.0)	(130, 882421.0)	(135, 803055.0)	(140, 707203.0)	(145, 1039570.0)	(150, 3688852.0)
SRR14016008_1	(51, 28250959.0)																							
SRR14016008_2	(51, 28250959.0)																							
SRR14016009_1	(51, 20868481.0)																							
SRR14016009_2	(51, 20868481.0)																							
SRR14016010_1	(51, 21945073.0)																							
SRR14016010_2	(51, 21945073.0)																							
SRR14016011_1	(51, 36783566.0)																							
SRR14016011_2	(51, 36783566.0)																							
SRR14016012_1	(51, 27656052.0)																							
SRR14016012_2	(51, 27656052.0)																							
SRR14016013_1	(51, 35308361.0)																							
SRR14016013_2	(51, 35308361.0)																							
SRR14016014_1	(51, 23939923.0)																							
SRR14016014_2	(51, 23939923.0)																							
SRR14016015_1	(51, 27318493.0)																							
SRR14016015_2	(51, 27318493.0)																							
SRR14016016_1	(51, 28874840.0)																							
SRR14016016_2	(51, 28874840.0)																							
SRR14016017_1	(35, 8125.0)	(36, 198.0)	(37, 204.0)	(38, 255.0)	(39, 371.0)	(40, 633.0)	(41, 996.0)	(42, 659.0)	(43, 534.0)	(44, 757.0)	(45, 1517.0)	(46, 19576.0)	(47, 88681.0)	(48, 411061.0)	(49, 1671735.0)	(50, 5068763.0)	(51, 14625098.0)							
SRR14016017_2	(35, 1419.0)	(36, 182.0)	(37, 191.0)	(38, 259.0)	(39, 390.0)	(40, 741.0)	(41, 1245.0)	(42, 965.0)	(43, 573.0)	(44, 1032.0)	(45, 3114.0)	(46, 26147.0)	(47, 113823.0)	(48, 481764.0)	(49, 1558822.0)	(50, 5588206.0)	(51, 14120290.0)							
SRR14016018_1	(35, 3902.0)	(36, 111.0)	(37, 119.0)	(38, 157.0)	(39, 183.0)	(40, 364.0)	(41, 514.0)	(42, 417.0)	(43, 352.0)	(44, 463.0)	(45, 872.0)	(46, 11101.0)	(47, 50297.0)	(48, 231814.0)	(49, 956838.0)	(50, 2873418.0)	(51, 8487682.0)							
SRR14016018_2	(35, 859.0)	(36, 111.0)	(37, 115.0)	(38, 166.0)	(39, 205.0)	(40, 414.0)	(41, 679.0)	(42, 594.0)	(43, 371.0)	(44, 594.0)	(45, 1904.0)	(46, 15589.0)	(47, 66108.0)	(48, 278155.0)	(49, 905374.0)	(50, 3126490.0)	(51, 8220876.0)							
SRR14016019_1	(35, 4169.0)	(36, 419.0)	(37, 494.0)	(38, 566.0)	(39, 686.0)	(40, 1024.0)	(41, 1382.0)	(42, 1349.0)	(43, 1309.0)	(44, 1561.0)	(45, 2228.0)	(46, 14952.0)	(47, 62853.0)	(48, 279344.0)	(49, 1117982.0)	(50, 3463720.0)	(51, 9997112.0)							
SRR14016019_2	(35, 1788.0)	(36, 416.0)	(37, 494.0)	(38, 559.0)	(39, 718.0)	(40, 1146.0)	(41, 1717.0)	(42, 1529.0)	(43, 1324.0)	(44, 1718.0)	(45, 3494.0)	(46, 20292.0)	(47, 79948.0)	(48, 342548.0)	(49, 1081163.0)	(50, 3724432.0)	(51, 9687864.0)							
SRR14016020_1	(35, 4806.0)	(36, 565.0)	(37, 679.0)	(38, 776.0)	(39, 971.0)	(40, 1505.0)	(41, 1822.0)	(42, 1768.0)	(43, 1829.0)	(44, 2066.0)	(45, 3167.0)	(46, 21881.0)	(47, 87103.0)	(48, 412126.0)	(49, 1619435.0)	(50, 4910614.0)	(51, 14588166.0)							
SRR14016020_2	(35, 3292.0)	(36, 568.0)	(37, 680.0)	(38, 783.0)	(39, 1003.0)	(40, 1636.0)	(41, 2181.0)	(42, 2047.0)	(43, 1879.0)	(44, 2428.0)	(45, 4854.0)	(46, 28973.0)	(47, 114300.0)	(48, 484363.0)	(49, 1571824.0)	(50, 5311444.0)	(51, 14127024.0)							
SRR14016021_1	(35, 7541.0)	(36, 917.0)	(37, 1105.0)	(38, 1199.0)	(39, 1625.0)	(40, 2303.0)	(41, 3050.0)	(42, 3014.0)	(43, 3042.0)	(44, 3605.0)	(45, 7138.0)	(46, 35240.0)	(47, 144679.0)	(48, 742370.0)	(49, 2918743.0)	(50, 9229760.0)	(51, 26869425.0)							
SRR14016021_2	(35, 6746.0)	(36, 918.0)	(37, 1091.0)	(38, 1213.0)	(39, 1687.0)	(40, 2464.0)	(41, 3526.0)	(42, 3379.0)	(43, 3110.0)	(44, 4077.0)	(45, 7630.0)	(46, 45960.0)	(47, 178529.0)	(48, 865307.0)	(49, 2945881.0)	(50, 9623540.0)	(51, 26279698.0)							
SRR14016022_1	(35, 26727.0)	(36, 1694.0)	(37, 2304.0)	(38, 2645.0)	(39, 3234.0)	(40, 4469.0)	(41, 5375.0)	(42, 5574.0)	(43, 5874.0)	(44, 6505.0)	(45, 8426.0)	(46, 43706.0)	(47, 164472.0)	(48, 758514.0)	(49, 2953582.0)	(50, 9015281.0)	(51, 26581833.0)							
SRR14016022_2	(35, 8892.0)	(36, 1680.0)	(37, 2278.0)	(38, 2633.0)	(39, 3242.0)	(40, 4676.0)	(41, 5928.0)	(42, 6007.0)	(43, 5951.0)	(44, 7159.0)	(45, 11578.0)	(46, 55809.0)	(47, 214626.0)	(48, 899832.0)	(49, 2871089.0)	(50, 9795572.0)	(51, 25693263.0)							
