Sample	0	1	2	3	4	5	6	7	8	9	10	11	12	13	14	15	16	17	18	19	20	21	22	23	24	25	26	27	28	29	30	31	32	33	34	35	36	37	38	39	40	41	42	43	44	45	46	47	48	49	50	51	52	53	54	55	56	57	58	59	60	61	62	63	64	65	66	67	68	69	70	71	72	73	74	75	76	77	78	79	80	81	82	83	84	85	86	87	88	89	90	91	92	93	94	95	96	97	98	99	100
SRR14016000_1	(0.0, 2618.0)	(1.0, 1379.5)	(2.0, 141.0)	(3.0, 162.0)	(4.0, 183.0)	(5.0, 279.0)	(6.0, 375.0)	(7.0, 544.0)	(8.0, 713.0)	(9.0, 1015.0)	(10.0, 1317.0)	(11.0, 1960.0)	(12.0, 2603.0)	(13.0, 3900.0)	(14.0, 5197.0)	(15.0, 8101.5)	(16.0, 11006.0)	(17.0, 14717.5)	(18.0, 18429.0)	(19.0, 26002.5)	(20.0, 33576.0)	(21.0, 47129.0)	(22.0, 60682.0)	(23.0, 81081.0)	(24.0, 101480.0)	(25.0, 138799.5)	(26.0, 236373.5)	(27.0, 296628.0)	(28.0, 347666.0)	(29.0, 398704.0)	(30.0, 491973.0)	(31.0, 585242.0)	(32.0, 760099.0)	(33.0, 934956.0)	(34.0, 1168710.5)	(35.0, 1402465.0)	(36.0, 1514887.5)	(37.0, 1627310.0)	(38.0, 1740038.0)	(39.0, 1852766.0)	(40.0, 2083963.5)	(41.0, 2315161.0)	(42.0, 2457622.5)	(43.0, 2600084.0)	(44.0, 2680815.5)	(45.0, 2761547.0)	(46.0, 2682182.0)	(47.0, 2602817.0)	(48.0, 2365469.0)	(49.0, 2128121.0)	(50.0, 2198208.5)	(51.0, 2268296.0)	(52.0, 2192777.5)	(53.0, 2117259.0)	(54.0, 2039482.0)	(55.0, 1961705.0)	(56.0, 1760862.0)	(57.0, 1560019.0)	(58.0, 1432968.5)	(59.0, 1305918.0)	(60.0, 1133979.0)	(61.0, 962040.0)	(62.0, 868819.0)	(63.0, 775598.0)	(64.0, 672632.5)	(65.0, 569667.0)	(66.0, 497417.0)	(67.0, 425167.0)	(68.0, 360628.5)	(69.0, 296090.0)	(70.0, 238698.0)	(71.0, 181306.0)	(72.0, 147268.5)	(73.0, 113231.0)	(74.0, 91062.0)	(75.0, 50126.0)	(76.0, 31359.0)	(77.0, 24686.0)	(78.0, 18013.0)	(79.0, 11714.5)	(80.0, 5416.0)	(81.0, 3170.5)	(82.0, 925.0)	(83.0, 601.0)	(84.0, 277.0)	(85.0, 184.5)	(86.0, 92.0)	(87.0, 56.0)	(88.0, 20.0)	(89.0, 15.5)	(90.0, 11.0)	(91.0, 10.5)	(92.0, 10.0)	(93.0, 20.5)	(94.0, 31.0)	(95.0, 72.0)	(96.0, 113.0)	(97.0, 78.5)	(98.0, 44.0)	(99.0, 27.5)	(100.0, 11.0)
SRR14016000_2	(0.0, 3398.0)	(1.0, 2839.5)	(2.0, 2281.0)	(3.0, 2703.0)	(4.0, 3125.0)	(5.0, 3524.0)	(6.0, 3923.0)	(7.0, 4489.5)	(8.0, 5056.0)	(9.0, 5820.0)	(10.0, 6584.0)	(11.0, 7572.5)	(12.0, 8561.0)	(13.0, 9980.0)	(14.0, 11399.0)	(15.0, 13981.5)	(16.0, 16564.0)	(17.0, 21530.0)	(18.0, 26496.0)	(19.0, 34244.0)	(20.0, 41992.0)	(21.0, 54297.0)	(22.0, 66602.0)	(23.0, 90318.5)	(24.0, 114035.0)	(25.0, 193258.5)	(26.0, 344317.5)	(27.0, 416153.0)	(28.0, 468512.5)	(29.0, 520872.0)	(30.0, 630594.5)	(31.0, 740317.0)	(32.0, 932408.5)	(33.0, 1124500.0)	(34.0, 1326163.0)	(35.0, 1527826.0)	(36.0, 1573806.0)	(37.0, 1619786.0)	(38.0, 1662662.5)	(39.0, 1705539.0)	(40.0, 1873806.0)	(41.0, 2042073.0)	(42.0, 2278214.5)	(43.0, 2514356.0)	(44.0, 2566408.5)	(45.0, 2618461.0)	(46.0, 2587653.5)	(47.0, 2556846.0)	(48.0, 2433400.0)	(49.0, 2309954.0)	(50.0, 2257853.0)	(51.0, 2205752.0)	(52.0, 2138420.0)	(53.0, 2071088.0)	(54.0, 1866273.0)	(55.0, 1661458.0)	(56.0, 1509280.0)	(57.0, 1357102.0)	(58.0, 1270288.0)	(59.0, 1183474.0)	(60.0, 1115095.5)	(61.0, 1046717.0)	(62.0, 940484.5)	(63.0, 834252.0)	(64.0, 731411.5)	(65.0, 628571.0)	(66.0, 542041.5)	(67.0, 455512.0)	(68.0, 384131.0)	(69.0, 312750.0)	(70.0, 255757.0)	(71.0, 198764.0)	(72.0, 159916.0)	(73.0, 121068.0)	(74.0, 96952.5)	(75.0, 54862.5)	(76.0, 36888.0)	(77.0, 27542.5)	(78.0, 18197.0)	(79.0, 14548.5)	(80.0, 10900.0)	(81.0, 9768.5)	(82.0, 8637.0)	(83.0, 7544.0)	(84.0, 6451.0)	(85.0, 6073.5)	(86.0, 5696.0)	(87.0, 5917.0)	(88.0, 6138.0)	(89.0, 6331.5)	(90.0, 6525.0)	(91.0, 6775.0)	(92.0, 7025.0)	(93.0, 7361.5)	(94.0, 7698.0)	(95.0, 7853.5)	(96.0, 8009.0)	(97.0, 8252.0)	(98.0, 8495.0)	(99.0, 15530.5)	(100.0, 22566.0)
SRR14016001_1	(0.0, 8072.0)	(1.0, 4241.0)	(2.0, 410.0)	(3.0, 455.0)	(4.0, 500.0)	(5.0, 597.5)	(6.0, 695.0)	(7.0, 960.0)	(8.0, 1225.0)	(9.0, 1534.5)	(10.0, 1844.0)	(11.0, 2754.0)	(12.0, 3664.0)	(13.0, 4987.5)	(14.0, 6311.0)	(15.0, 9063.5)	(16.0, 11816.0)	(17.0, 16524.5)	(18.0, 21233.0)	(19.0, 30058.0)	(20.0, 38883.0)	(21.0, 53680.0)	(22.0, 68477.0)	(23.0, 89549.0)	(24.0, 110621.0)	(25.0, 152744.5)	(26.0, 257594.0)	(27.0, 320320.0)	(28.0, 369679.0)	(29.0, 419038.0)	(30.0, 510791.0)	(31.0, 602544.0)	(32.0, 763229.0)	(33.0, 923914.0)	(34.0, 1158089.5)	(35.0, 1392265.0)	(36.0, 1487160.0)	(37.0, 1582055.0)	(38.0, 1757540.5)	(39.0, 1933026.0)	(40.0, 2129225.0)	(41.0, 2325424.0)	(42.0, 2378295.5)	(43.0, 2431167.0)	(44.0, 2608933.0)	(45.0, 2786699.0)	(46.0, 2753128.0)	(47.0, 2719557.0)	(48.0, 2376545.5)	(49.0, 2033534.0)	(50.0, 2140222.0)	(51.0, 2246910.0)	(52.0, 2130757.0)	(53.0, 2014604.0)	(54.0, 1995728.5)	(55.0, 1976853.0)	(56.0, 1648041.5)	(57.0, 1319230.0)	(58.0, 1235433.5)	(59.0, 1151637.0)	(60.0, 969503.5)	(61.0, 787370.0)	(62.0, 709719.5)	(63.0, 632069.0)	(64.0, 540433.5)	(65.0, 448798.0)	(66.0, 400419.0)	(67.0, 352040.0)	(68.0, 294787.0)	(69.0, 237534.0)	(70.0, 189757.0)	(71.0, 141980.0)	(72.0, 118196.0)	(73.0, 94412.0)	(74.0, 74612.0)	(75.0, 42060.5)	(76.0, 29309.0)	(77.0, 23725.0)	(78.0, 18141.0)	(79.0, 12110.0)	(80.0, 6079.0)	(81.0, 3594.5)	(82.0, 1110.0)	(83.0, 743.0)	(84.0, 376.0)	(85.0, 238.0)	(86.0, 100.0)	(87.0, 65.0)	(88.0, 30.0)	(89.0, 22.5)	(90.0, 15.0)	(91.0, 23.5)	(92.0, 32.0)	(93.0, 37.0)	(94.0, 42.0)	(95.0, 103.0)	(96.0, 164.0)	(97.0, 113.0)	(98.0, 62.0)	(99.0, 38.5)	(100.0, 15.0)
SRR14016001_2	(0.0, 10209.0)	(1.0, 8294.0)	(2.0, 6379.0)	(3.0, 7244.5)	(4.0, 8110.0)	(5.0, 9034.0)	(6.0, 9958.0)	(7.0, 11142.0)	(8.0, 12326.0)	(9.0, 13827.0)	(10.0, 15328.0)	(11.0, 16943.0)	(12.0, 18558.0)	(13.0, 20716.5)	(14.0, 22875.0)	(15.0, 25691.0)	(16.0, 28507.0)	(17.0, 33885.0)	(18.0, 39263.0)	(19.0, 47218.5)	(20.0, 55174.0)	(21.0, 68212.5)	(22.0, 81251.0)	(23.0, 104156.5)	(24.0, 127062.0)	(25.0, 209532.5)	(26.0, 368644.0)	(27.0, 445285.0)	(28.0, 494122.0)	(29.0, 542959.0)	(30.0, 656023.0)	(31.0, 769087.0)	(32.0, 952592.0)	(33.0, 1136097.0)	(34.0, 1372089.5)	(35.0, 1608082.0)	(36.0, 1576913.5)	(37.0, 1545745.0)	(38.0, 1623287.0)	(39.0, 1700829.0)	(40.0, 1885736.0)	(41.0, 2070643.0)	(42.0, 2274957.5)	(43.0, 2479272.0)	(44.0, 2593631.0)	(45.0, 2707990.0)	(46.0, 2569407.5)	(47.0, 2430825.0)	(48.0, 2286744.0)	(49.0, 2142663.0)	(50.0, 2176773.0)	(51.0, 2210883.0)	(52.0, 2101498.5)	(53.0, 1992114.0)	(54.0, 1765392.0)	(55.0, 1538670.0)	(56.0, 1360586.0)	(57.0, 1182502.0)	(58.0, 1094620.5)	(59.0, 1006739.0)	(60.0, 941039.5)	(61.0, 875340.0)	(62.0, 769373.0)	(63.0, 663406.0)	(64.0, 583710.5)	(65.0, 504015.0)	(66.0, 434188.0)	(67.0, 364361.0)	(68.0, 310224.5)	(69.0, 256088.0)	(70.0, 212207.0)	(71.0, 168326.0)	(72.0, 137152.5)	(73.0, 105979.0)	(74.0, 85413.0)	(75.0, 52526.0)	(76.0, 40205.0)	(77.0, 30326.5)	(78.0, 20448.0)	(79.0, 17236.0)	(80.0, 14024.0)	(81.0, 12771.0)	(82.0, 11518.0)	(83.0, 10713.0)	(84.0, 9908.0)	(85.0, 9517.5)	(86.0, 9127.0)	(87.0, 9375.0)	(88.0, 9623.0)	(89.0, 9859.0)	(90.0, 10095.0)	(91.0, 10400.0)	(92.0, 10705.0)	(93.0, 10862.5)	(94.0, 11020.0)	(95.0, 11181.0)	(96.0, 11342.0)	(97.0, 11591.5)	(98.0, 11841.0)	(99.0, 27060.5)	(100.0, 42280.0)
SRR14016002_1	(0.0, 11716.0)	(1.0, 6102.0)	(2.0, 488.0)	(3.0, 448.5)	(4.0, 409.0)	(5.0, 477.0)	(6.0, 545.0)	(7.0, 730.5)	(8.0, 916.0)	(9.0, 1197.5)	(10.0, 1479.0)	(11.0, 1986.0)	(12.0, 2493.0)	(13.0, 3380.5)	(14.0, 4268.0)	(15.0, 5841.0)	(16.0, 7414.0)	(17.0, 10100.0)	(18.0, 12786.0)	(19.0, 17878.0)	(20.0, 22970.0)	(21.0, 31976.0)	(22.0, 40982.0)	(23.0, 52131.0)	(24.0, 63280.0)	(25.0, 90179.5)	(26.0, 154580.0)	(27.0, 192081.0)	(28.0, 236416.0)	(29.0, 280751.0)	(30.0, 341675.0)	(31.0, 402599.0)	(32.0, 628314.0)	(33.0, 854029.0)	(34.0, 1046798.5)	(35.0, 1239568.0)	(36.0, 1436979.5)	(37.0, 1634391.0)	(38.0, 1825996.5)	(39.0, 2017602.0)	(40.0, 2172974.5)	(41.0, 2328347.0)	(42.0, 2427263.5)	(43.0, 2526180.0)	(44.0, 2697878.5)	(45.0, 2869577.0)	(46.0, 2743215.5)	(47.0, 2616854.0)	(48.0, 2262507.0)	(49.0, 1908160.0)	(50.0, 2008752.5)	(51.0, 2109345.0)	(52.0, 2050425.5)	(53.0, 1991506.0)	(54.0, 1826810.5)	(55.0, 1662115.0)	(56.0, 1492079.5)	(57.0, 1322044.0)	(58.0, 1142267.0)	(59.0, 962490.0)	(60.0, 819779.5)	(61.0, 677069.0)	(62.0, 629330.0)	(63.0, 581591.0)	(64.0, 473345.5)	(65.0, 365100.0)	(66.0, 327452.5)	(67.0, 289805.0)	(68.0, 249539.5)	(69.0, 209274.0)	(70.0, 184064.5)	(71.0, 158855.0)	(72.0, 130187.5)	(73.0, 101520.0)	(74.0, 94966.0)	(75.0, 72982.5)	(76.0, 57553.0)	(77.0, 36495.5)	(78.0, 15438.0)	(79.0, 9560.5)	(80.0, 3683.0)	(81.0, 2179.0)	(82.0, 675.0)	(83.0, 456.0)	(84.0, 237.0)	(85.0, 147.5)	(86.0, 58.0)	(87.0, 41.5)	(88.0, 25.0)	(89.0, 23.0)	(90.0, 21.0)	(91.0, 29.5)	(92.0, 38.0)	(93.0, 54.5)	(94.0, 71.0)	(95.0, 188.5)	(96.0, 306.0)	(97.0, 196.5)	(98.0, 87.0)	(99.0, 48.0)	(100.0, 9.0)
SRR14016002_2	(0.0, 10279.0)	(1.0, 7775.0)	(2.0, 5271.0)	(3.0, 5572.0)	(4.0, 5873.0)	(5.0, 6494.5)	(6.0, 7116.0)	(7.0, 8073.0)	(8.0, 9030.0)	(9.0, 10153.0)	(10.0, 11276.0)	(11.0, 12791.5)	(12.0, 14307.0)	(13.0, 16090.0)	(14.0, 17873.0)	(15.0, 20000.0)	(16.0, 22127.0)	(17.0, 25690.0)	(18.0, 29253.0)	(19.0, 33806.0)	(20.0, 38359.0)	(21.0, 45708.0)	(22.0, 53057.0)	(23.0, 65696.0)	(24.0, 78335.0)	(25.0, 127418.5)	(26.0, 232837.5)	(27.0, 289173.0)	(28.0, 336510.0)	(29.0, 383847.0)	(30.0, 493995.0)	(31.0, 604143.0)	(32.0, 757153.0)	(33.0, 910163.0)	(34.0, 1144787.0)	(35.0, 1379411.0)	(36.0, 1449379.5)	(37.0, 1519348.0)	(38.0, 1635286.5)	(39.0, 1751225.0)	(40.0, 1917357.5)	(41.0, 2083490.0)	(42.0, 2283500.0)	(43.0, 2483510.0)	(44.0, 2645030.5)	(45.0, 2806551.0)	(46.0, 2698445.0)	(47.0, 2590339.0)	(48.0, 2436894.0)	(49.0, 2283449.0)	(50.0, 2161134.5)	(51.0, 2038820.0)	(52.0, 1968628.5)	(53.0, 1898437.0)	(54.0, 1647897.5)	(55.0, 1397358.0)	(56.0, 1239369.5)	(57.0, 1081381.0)	(58.0, 992052.0)	(59.0, 902723.0)	(60.0, 824532.5)	(61.0, 746342.0)	(62.0, 675348.5)	(63.0, 604355.0)	(64.0, 516891.5)	(65.0, 429428.0)	(66.0, 371560.5)	(67.0, 313693.0)	(68.0, 279824.5)	(69.0, 245956.0)	(70.0, 205934.0)	(71.0, 165912.0)	(72.0, 129382.5)	(73.0, 92853.0)	(74.0, 77196.5)	(75.0, 52058.0)	(76.0, 42576.0)	(77.0, 31819.0)	(78.0, 21062.0)	(79.0, 16134.0)	(80.0, 11206.0)	(81.0, 10470.5)	(82.0, 9735.0)	(83.0, 9221.0)	(84.0, 8707.0)	(85.0, 8541.5)	(86.0, 8376.0)	(87.0, 8523.5)	(88.0, 8671.0)	(89.0, 8816.0)	(90.0, 8961.0)	(91.0, 9410.5)	(92.0, 9860.0)	(93.0, 10396.5)	(94.0, 10933.0)	(95.0, 11685.0)	(96.0, 12437.0)	(97.0, 13986.5)	(98.0, 15536.0)	(99.0, 29831.0)	(100.0, 44126.0)
SRR14016003_1	(0.0, 86.0)	(1.0, 86.5)	(2.0, 87.0)	(3.0, 128.0)	(4.0, 169.0)	(5.0, 207.0)	(6.0, 245.0)	(7.0, 409.5)	(8.0, 574.0)	(9.0, 893.0)	(10.0, 1212.0)	(11.0, 2146.0)	(12.0, 3080.0)	(13.0, 4567.5)	(14.0, 6055.0)	(15.0, 9275.0)	(16.0, 12495.0)	(17.0, 20156.0)	(18.0, 27817.0)	(19.0, 41733.0)	(20.0, 55649.0)	(21.0, 79288.5)	(22.0, 102928.0)	(23.0, 140134.5)	(24.0, 177341.0)	(25.0, 234619.5)	(26.0, 383813.5)	(27.0, 475729.0)	(28.0, 549353.0)	(29.0, 622977.0)	(30.0, 746267.5)	(31.0, 869558.0)	(32.0, 1076082.5)	(33.0, 1282607.0)	(34.0, 1558036.5)	(35.0, 1833466.0)	(36.0, 1991029.5)	(37.0, 2148593.0)	(38.0, 2425972.0)	(39.0, 2703351.0)	(40.0, 2858411.5)	(41.0, 3013472.0)	(42.0, 3151631.5)	(43.0, 3289791.0)	(44.0, 3491981.5)	(45.0, 3694172.0)	(46.0, 3665260.0)	(47.0, 3636348.0)	(48.0, 3453481.0)	(49.0, 3270614.0)	(50.0, 3354408.0)	(51.0, 3438202.0)	(52.0, 3308066.5)	(53.0, 3177931.0)	(54.0, 3161418.5)	(55.0, 3144906.0)	(56.0, 2774239.5)	(57.0, 2403573.0)	(58.0, 2263666.5)	(59.0, 2123760.0)	(60.0, 1881473.5)	(61.0, 1639187.0)	(62.0, 1446309.5)	(63.0, 1253432.0)	(64.0, 1052537.0)	(65.0, 851642.0)	(66.0, 705222.0)	(67.0, 558802.0)	(68.0, 443615.0)	(69.0, 328428.0)	(70.0, 264436.5)	(71.0, 200445.0)	(72.0, 153137.0)	(73.0, 105829.0)	(74.0, 76337.5)	(75.0, 34456.0)	(76.0, 22066.0)	(77.0, 16344.0)	(78.0, 10622.0)	(79.0, 7044.5)	(80.0, 3467.0)	(81.0, 2174.0)	(82.0, 881.0)	(83.0, 625.5)	(84.0, 370.0)	(85.0, 249.5)	(86.0, 129.0)	(87.0, 89.5)	(88.0, 50.0)	(89.0, 37.0)	(90.0, 24.0)	(91.0, 23.0)	(92.0, 22.0)	(93.0, 23.0)	(94.0, 24.0)	(95.0, 45.5)	(96.0, 67.0)	(97.0, 46.0)	(98.0, 25.0)	(99.0, 16.0)	(100.0, 7.0)
SRR14016003_2	(0.0, 1040.0)	(1.0, 1246.5)	(2.0, 1453.0)	(3.0, 1883.5)	(4.0, 2314.0)	(5.0, 2664.5)	(6.0, 3015.0)	(7.0, 3490.5)	(8.0, 3966.0)	(9.0, 4701.5)	(10.0, 5437.0)	(11.0, 6759.5)	(12.0, 8082.0)	(13.0, 10203.5)	(14.0, 12325.0)	(15.0, 16573.5)	(16.0, 20822.0)	(17.0, 29757.0)	(18.0, 38692.0)	(19.0, 54726.5)	(20.0, 70761.0)	(21.0, 94563.0)	(22.0, 118365.0)	(23.0, 158080.5)	(24.0, 197796.0)	(25.0, 283511.5)	(26.0, 465736.0)	(27.0, 562245.0)	(28.0, 634820.0)	(29.0, 707395.0)	(30.0, 823656.5)	(31.0, 939918.0)	(32.0, 1201372.0)	(33.0, 1462826.0)	(34.0, 1729227.0)	(35.0, 1995628.0)	(36.0, 2061299.5)	(37.0, 2126971.0)	(38.0, 2257328.5)	(39.0, 2387686.0)	(40.0, 2569798.0)	(41.0, 2751910.0)	(42.0, 3076576.0)	(43.0, 3401242.0)	(44.0, 3427422.0)	(45.0, 3453602.0)	(46.0, 3447725.0)	(47.0, 3441848.0)	(48.0, 3371210.5)	(49.0, 3300573.0)	(50.0, 3289070.5)	(51.0, 3277568.0)	(52.0, 3288675.0)	(53.0, 3299782.0)	(54.0, 3072994.5)	(55.0, 2846207.0)	(56.0, 2619699.0)	(57.0, 2393191.0)	(58.0, 2221515.0)	(59.0, 2049839.0)	(60.0, 1881059.5)	(61.0, 1712280.0)	(62.0, 1515423.0)	(63.0, 1318566.0)	(64.0, 1143203.0)	(65.0, 967840.0)	(66.0, 800521.5)	(67.0, 633203.0)	(68.0, 507878.0)	(69.0, 382553.0)	(70.0, 304206.0)	(71.0, 225859.0)	(72.0, 180356.5)	(73.0, 134854.0)	(74.0, 104477.0)	(75.0, 56981.0)	(76.0, 39862.0)	(77.0, 30605.5)	(78.0, 21349.0)	(79.0, 16495.5)	(80.0, 11642.0)	(81.0, 9365.5)	(82.0, 7089.0)	(83.0, 5884.0)	(84.0, 4679.0)	(85.0, 4046.0)	(86.0, 3413.0)	(87.0, 3280.0)	(88.0, 3147.0)	(89.0, 3198.5)	(90.0, 3250.0)	(91.0, 3315.5)	(92.0, 3381.0)	(93.0, 3521.5)	(94.0, 3662.0)	(95.0, 3863.0)	(96.0, 4064.0)	(97.0, 4539.0)	(98.0, 5014.0)	(99.0, 12266.0)	(100.0, 19518.0)
SRR14016004_1	(0.0, 148.0)	(1.0, 122.5)	(2.0, 97.0)	(3.0, 133.0)	(4.0, 169.0)	(5.0, 240.5)	(6.0, 312.0)	(7.0, 482.5)	(8.0, 653.0)	(9.0, 1017.5)	(10.0, 1382.0)	(11.0, 2418.0)	(12.0, 3454.0)	(13.0, 5195.5)	(14.0, 6937.0)	(15.0, 10750.5)	(16.0, 14564.0)	(17.0, 23076.0)	(18.0, 31588.0)	(19.0, 46526.0)	(20.0, 61464.0)	(21.0, 87544.0)	(22.0, 113624.0)	(23.0, 154376.5)	(24.0, 195129.0)	(25.0, 254841.5)	(26.0, 403015.5)	(27.0, 491477.0)	(28.0, 567475.0)	(29.0, 643473.0)	(30.0, 783410.5)	(31.0, 923348.0)	(32.0, 1146159.0)	(33.0, 1368970.0)	(34.0, 1633350.5)	(35.0, 1897731.0)	(36.0, 2064399.5)	(37.0, 2231068.0)	(38.0, 2429700.5)	(39.0, 2628333.0)	(40.0, 2777127.0)	(41.0, 2925921.0)	(42.0, 3072262.5)	(43.0, 3218604.0)	(44.0, 3432699.0)	(45.0, 3646794.0)	(46.0, 3560474.5)	(47.0, 3474155.0)	(48.0, 3266963.0)	(49.0, 3059771.0)	(50.0, 3163864.0)	(51.0, 3267957.0)	(52.0, 3142617.5)	(53.0, 3017278.0)	(54.0, 3014294.5)	(55.0, 3011311.0)	(56.0, 2691375.5)	(57.0, 2371440.0)	(58.0, 2274824.5)	(59.0, 2178209.0)	(60.0, 1971002.0)	(61.0, 1763795.0)	(62.0, 1607170.5)	(63.0, 1450546.0)	(64.0, 1274006.0)	(65.0, 1097466.0)	(66.0, 970230.5)	(67.0, 842995.0)	(68.0, 725273.0)	(69.0, 607551.0)	(70.0, 498748.0)	(71.0, 389945.0)	(72.0, 320310.0)	(73.0, 250675.0)	(74.0, 194739.5)	(75.0, 101253.5)	(76.0, 63703.0)	(77.0, 50109.5)	(78.0, 36516.0)	(79.0, 24911.0)	(80.0, 13306.0)	(81.0, 8742.0)	(82.0, 4178.0)	(83.0, 2941.0)	(84.0, 1704.0)	(85.0, 1166.0)	(86.0, 628.0)	(87.0, 384.0)	(88.0, 140.0)	(89.0, 86.5)	(90.0, 33.0)	(91.0, 25.0)	(92.0, 17.0)	(93.0, 23.0)	(94.0, 29.0)	(95.0, 48.0)	(96.0, 67.0)	(97.0, 51.0)	(98.0, 35.0)	(99.0, 19.0)	(100.0, 3.0)
SRR14016004_2	(0.0, 1167.0)	(1.0, 1410.0)	(2.0, 1653.0)	(3.0, 2004.0)	(4.0, 2355.0)	(5.0, 2739.0)	(6.0, 3123.0)	(7.0, 3630.0)	(8.0, 4137.0)	(9.0, 4950.5)	(10.0, 5764.0)	(11.0, 7058.5)	(12.0, 8353.0)	(13.0, 10545.5)	(14.0, 12738.0)	(15.0, 17264.5)	(16.0, 21791.0)	(17.0, 31211.0)	(18.0, 40631.0)	(19.0, 57886.0)	(20.0, 75141.0)	(21.0, 100614.5)	(22.0, 126088.0)	(23.0, 167852.0)	(24.0, 209616.0)	(25.0, 293272.5)	(26.0, 468232.5)	(27.0, 559536.0)	(28.0, 636389.5)	(29.0, 713243.0)	(30.0, 835516.0)	(31.0, 957789.0)	(32.0, 1205154.5)	(33.0, 1452520.0)	(34.0, 1692427.5)	(35.0, 1932335.0)	(36.0, 2028395.5)	(37.0, 2124456.0)	(38.0, 2198638.5)	(39.0, 2272821.0)	(40.0, 2467616.5)	(41.0, 2662412.0)	(42.0, 2939361.0)	(43.0, 3216310.0)	(44.0, 3284194.0)	(45.0, 3352078.0)	(46.0, 3336848.0)	(47.0, 3321618.0)	(48.0, 3217710.0)	(49.0, 3113802.0)	(50.0, 3128467.0)	(51.0, 3143132.0)	(52.0, 3159826.5)	(53.0, 3176521.0)	(54.0, 2961992.5)	(55.0, 2747464.0)	(56.0, 2572753.5)	(57.0, 2398043.0)	(58.0, 2281866.5)	(59.0, 2165690.0)	(60.0, 2047353.0)	(61.0, 1929016.0)	(62.0, 1742874.5)	(63.0, 1556733.0)	(64.0, 1399472.5)	(65.0, 1242212.0)	(66.0, 1097548.0)	(67.0, 952884.0)	(68.0, 810530.0)	(69.0, 668176.0)	(70.0, 559191.5)	(71.0, 450207.0)	(72.0, 375735.5)	(73.0, 301264.0)	(74.0, 242592.5)	(75.0, 145427.5)	(76.0, 106934.0)	(77.0, 82484.0)	(78.0, 58034.0)	(79.0, 45842.5)	(80.0, 33651.0)	(81.0, 27588.5)	(82.0, 21526.0)	(83.0, 16940.0)	(84.0, 12354.0)	(85.0, 9030.5)	(86.0, 5707.0)	(87.0, 4643.5)	(88.0, 3580.0)	(89.0, 3400.5)	(90.0, 3221.0)	(91.0, 3224.0)	(92.0, 3227.0)	(93.0, 3352.5)	(94.0, 3478.0)	(95.0, 3672.5)	(96.0, 3867.0)	(97.0, 4297.0)	(98.0, 4727.0)	(99.0, 11401.5)	(100.0, 18076.0)
SRR14016005_1	(0.0, 3149.0)	(1.0, 1576.5)	(2.0, 6.0)	(3.0, 7.5)	(4.0, 8.5)	(5.0, 12.5)	(6.0, 18.5)	(7.0, 41.0)	(8.0, 65.0)	(9.0, 61.5)	(10.0, 51.0)	(11.0, 44.0)	(12.0, 43.5)	(13.0, 40.0)	(14.0, 37.5)	(15.0, 42.0)	(16.0, 56.0)	(17.0, 90.0)	(18.0, 126.5)	(19.0, 195.5)	(20.0, 301.5)	(21.0, 438.0)	(22.0, 679.5)	(23.0, 1155.0)	(24.0, 1802.5)	(25.0, 2542.5)	(26.0, 3793.5)	(27.0, 5609.5)	(28.0, 7921.0)	(29.0, 10854.5)	(30.0, 15119.5)	(31.0, 21824.5)	(32.0, 31763.5)	(33.0, 40706.5)	(34.0, 51384.5)	(35.0, 65182.0)	(36.0, 80879.5)	(37.0, 101982.0)	(38.0, 122997.5)	(39.0, 146691.5)	(40.0, 166542.0)	(41.0, 184425.5)	(42.0, 220754.0)	(43.0, 252505.5)	(44.0, 265743.0)	(45.0, 278180.0)	(46.0, 284648.5)	(47.0, 277931.5)	(48.0, 270038.0)	(49.0, 273479.0)	(50.0, 282279.0)	(51.0, 272485.5)	(52.0, 249101.5)	(53.0, 236714.5)	(54.0, 230172.0)	(55.0, 227547.5)	(56.0, 221172.5)	(57.0, 207347.5)	(58.0, 199273.5)	(59.0, 194524.5)	(60.0, 201208.5)	(61.0, 380718.5)	(62.0, 371715.0)	(63.0, 173222.0)	(64.0, 145497.5)	(65.0, 128784.0)	(66.0, 112016.0)	(67.0, 96980.0)	(68.0, 82079.5)	(69.0, 66109.0)	(70.0, 52472.0)	(71.0, 42414.5)	(72.0, 34218.0)	(73.0, 27124.0)	(74.0, 21783.5)	(75.0, 17912.5)	(76.0, 14937.0)	(77.0, 12660.5)	(78.0, 10919.0)	(79.0, 9398.5)	(80.0, 8003.0)	(81.0, 6541.0)	(82.0, 5278.0)	(83.0, 4205.0)	(84.0, 3220.0)	(85.0, 2448.5)	(86.0, 1814.5)	(87.0, 1273.0)	(88.0, 866.5)	(89.0, 611.5)	(90.0, 471.5)	(91.0, 378.5)	(92.0, 293.0)	(93.0, 226.0)	(94.0, 156.0)	(95.0, 104.5)	(96.0, 112.5)	(97.0, 170.5)	(98.0, 226.5)	(99.0, 180.5)	(100.0, 65.5)
SRR14016006_1	(0.0, 5318.0)	(1.0, 2674.0)	(2.0, 30.0)	(3.0, 30.5)	(4.0, 43.0)	(5.0, 63.0)	(6.0, 73.5)	(7.0, 94.0)	(8.0, 116.5)	(9.0, 118.0)	(10.0, 112.0)	(11.0, 130.0)	(12.0, 159.5)	(13.0, 201.0)	(14.0, 306.5)	(15.0, 452.0)	(16.0, 652.0)	(17.0, 968.5)	(18.0, 1470.5)	(19.0, 2435.5)	(20.0, 3724.5)	(21.0, 5773.0)	(22.0, 9041.5)	(23.0, 14405.5)	(24.0, 22443.5)	(25.0, 33069.5)	(26.0, 48307.0)	(27.0, 69593.0)	(28.0, 95959.5)	(29.0, 127321.5)	(30.0, 165816.0)	(31.0, 212922.5)	(32.0, 264339.5)	(33.0, 312727.0)	(34.0, 374609.0)	(35.0, 447828.5)	(36.0, 534419.0)	(37.0, 646592.0)	(38.0, 751060.0)	(39.0, 861123.5)	(40.0, 935742.5)	(41.0, 1020657.0)	(42.0, 1201227.0)	(43.0, 1323656.5)	(44.0, 1363814.0)	(45.0, 1401558.0)	(46.0, 1394201.5)	(47.0, 1364963.0)	(48.0, 1357843.5)	(49.0, 1361185.0)	(50.0, 1345583.0)	(51.0, 1255267.0)	(52.0, 1124859.0)	(53.0, 1054629.0)	(54.0, 1024445.0)	(55.0, 1018185.0)	(56.0, 969176.0)	(57.0, 873157.0)	(58.0, 882300.5)	(59.0, 833556.5)	(60.0, 699414.0)	(61.0, 633085.0)	(62.0, 576083.5)	(63.0, 516775.5)	(64.0, 468823.5)	(65.0, 420144.0)	(66.0, 362318.0)	(67.0, 310357.0)	(68.0, 262266.0)	(69.0, 209748.0)	(70.0, 165733.0)	(71.0, 132995.0)	(72.0, 105473.5)	(73.0, 82414.0)	(74.0, 65386.5)	(75.0, 53124.5)	(76.0, 43331.0)	(77.0, 35075.0)	(78.0, 28349.5)	(79.0, 22940.0)	(80.0, 18265.5)	(81.0, 13927.0)	(82.0, 10156.0)	(83.0, 7141.0)	(84.0, 4969.0)	(85.0, 3471.0)	(86.0, 2488.0)	(87.0, 1764.0)	(88.0, 1212.0)	(89.0, 869.5)	(90.0, 624.5)	(91.0, 477.5)	(92.0, 402.0)	(93.0, 333.5)	(94.0, 242.0)	(95.0, 207.5)	(96.0, 177.0)	(97.0, 134.0)	(98.0, 148.0)	(99.0, 102.5)	(100.0, 28.0)
SRR14016007_1	(0.0, 6036.0)	(1.0, 3019.5)	(2.0, 7.5)	(3.0, 15.5)	(4.0, 28.5)	(5.0, 49.5)	(6.0, 50.0)	(7.0, 48.5)	(8.0, 60.0)	(9.0, 46.5)	(10.0, 28.5)	(11.0, 22.0)	(12.0, 21.0)	(13.0, 30.5)	(14.0, 46.5)	(15.0, 67.0)	(16.0, 83.0)	(17.0, 108.0)	(18.0, 141.0)	(19.0, 195.0)	(20.0, 284.5)	(21.0, 387.0)	(22.0, 616.5)	(23.0, 1064.5)	(24.0, 1746.0)	(25.0, 2873.5)	(26.0, 4960.0)	(27.0, 8363.5)	(28.0, 13665.0)	(29.0, 21105.5)	(30.0, 32181.5)	(31.0, 49015.0)	(32.0, 74229.0)	(33.0, 99778.0)	(34.0, 126616.0)	(35.0, 162650.0)	(36.0, 212101.5)	(37.0, 276515.0)	(38.0, 341080.0)	(39.0, 418714.5)	(40.0, 499752.5)	(41.0, 579810.5)	(42.0, 722797.5)	(43.0, 863148.5)	(44.0, 917617.5)	(45.0, 941322.5)	(46.0, 957676.0)	(47.0, 956127.5)	(48.0, 965637.0)	(49.0, 984939.0)	(50.0, 1003511.0)	(51.0, 961171.0)	(52.0, 860722.0)	(53.0, 818645.0)	(54.0, 800451.0)	(55.0, 784164.5)	(56.0, 749087.0)	(57.0, 690034.5)	(58.0, 658512.0)	(59.0, 624536.0)	(60.0, 582128.0)	(61.0, 542736.0)	(62.0, 510892.0)	(63.0, 480315.0)	(64.0, 448320.0)	(65.0, 409889.0)	(66.0, 354100.0)	(67.0, 299348.5)	(68.0, 251913.0)	(69.0, 202463.5)	(70.0, 159109.5)	(71.0, 127693.0)	(72.0, 102146.0)	(73.0, 80530.0)	(74.0, 64432.5)	(75.0, 52213.5)	(76.0, 42594.5)	(77.0, 35256.0)	(78.0, 29740.0)	(79.0, 24989.5)	(80.0, 20097.5)	(81.0, 15766.5)	(82.0, 12458.5)	(83.0, 9277.5)	(84.0, 6539.0)	(85.0, 4690.0)	(86.0, 3212.0)	(87.0, 2121.5)	(88.0, 1381.5)	(89.0, 929.5)	(90.0, 683.5)	(91.0, 497.0)	(92.0, 361.0)	(93.0, 298.5)	(94.0, 217.0)	(95.0, 127.5)	(96.0, 92.5)	(97.0, 57.5)	(98.0, 47.5)	(99.0, 30.5)	(100.0, 6.5)
SRR14016008_1	(0.0, 183.0)	(1.0, 208.0)	(2.0, 233.0)	(3.0, 320.5)	(4.0, 408.0)	(5.0, 486.5)	(6.0, 565.0)	(7.0, 703.0)	(8.0, 841.0)	(9.0, 1086.0)	(10.0, 1331.0)	(11.0, 1986.0)	(12.0, 2641.0)	(13.0, 3657.0)	(14.0, 4673.0)	(15.0, 6571.0)	(16.0, 8469.0)	(17.0, 11879.5)	(18.0, 15290.0)	(19.0, 22028.5)	(20.0, 28767.0)	(21.0, 39102.0)	(22.0, 49437.0)	(23.0, 63128.5)	(24.0, 76820.0)	(25.0, 98662.0)	(26.0, 149304.0)	(27.0, 178104.0)	(28.0, 219749.5)	(29.0, 261395.0)	(30.0, 319296.0)	(31.0, 377197.0)	(32.0, 448925.5)	(33.0, 520654.0)	(34.0, 619482.5)	(35.0, 718311.0)	(36.0, 832370.0)	(37.0, 946429.0)	(38.0, 1065062.0)	(39.0, 1183695.0)	(40.0, 1300952.0)	(41.0, 1418209.0)	(42.0, 1524606.5)	(43.0, 1631004.0)	(44.0, 1709631.5)	(45.0, 1788259.0)	(46.0, 1838905.0)	(47.0, 1889551.0)	(48.0, 1937157.5)	(49.0, 1984764.0)	(50.0, 2011296.5)	(51.0, 2037829.0)	(52.0, 2022978.0)	(53.0, 2008127.0)	(54.0, 1999749.0)	(55.0, 1991371.0)	(56.0, 1916693.5)	(57.0, 1842016.0)	(58.0, 1774386.5)	(59.0, 1706757.0)	(60.0, 1594656.0)	(61.0, 1482555.0)	(62.0, 1357791.5)	(63.0, 1233028.0)	(64.0, 1085729.5)	(65.0, 938431.0)	(66.0, 813563.0)	(67.0, 688695.0)	(68.0, 578926.0)	(69.0, 469157.0)	(70.0, 389315.0)	(71.0, 309473.0)	(72.0, 245044.5)	(73.0, 180616.0)	(74.0, 135923.0)	(75.0, 65284.0)	(76.0, 39338.0)	(77.0, 27947.5)	(78.0, 16557.0)	(79.0, 11124.5)	(80.0, 5692.0)	(81.0, 3637.0)	(82.0, 1582.0)	(83.0, 981.5)	(84.0, 381.0)	(85.0, 232.5)	(86.0, 84.0)	(87.0, 49.0)	(88.0, 14.0)	(89.0, 12.5)	(90.0, 11.0)	(91.0, 14.0)	(92.0, 17.0)	(93.0, 24.0)	(94.0, 31.0)	(95.0, 83.5)	(96.0, 136.0)	(97.0, 109.0)	(98.0, 82.0)	(99.0, 48.5)	(100.0, 15.0)
SRR14016008_2	(0.0, 3049.0)	(1.0, 3172.0)	(2.0, 3295.0)	(3.0, 3861.5)	(4.0, 4428.0)	(5.0, 5146.5)	(6.0, 5865.0)	(7.0, 6553.5)	(8.0, 7242.0)	(9.0, 8172.0)	(10.0, 9102.0)	(11.0, 10291.5)	(12.0, 11481.0)	(13.0, 12861.5)	(14.0, 14242.0)	(15.0, 16698.5)	(16.0, 19155.0)	(17.0, 23084.5)	(18.0, 27014.0)	(19.0, 33198.0)	(20.0, 39382.0)	(21.0, 48747.5)	(22.0, 58113.0)	(23.0, 71064.0)	(24.0, 84015.0)	(25.0, 103271.5)	(26.0, 150828.0)	(27.0, 179128.0)	(28.0, 219538.5)	(29.0, 259949.0)	(30.0, 316777.5)	(31.0, 373606.0)	(32.0, 451989.0)	(33.0, 530372.0)	(34.0, 628623.0)	(35.0, 726874.0)	(36.0, 842275.5)	(37.0, 957677.0)	(38.0, 1073025.0)	(39.0, 1188373.0)	(40.0, 1306839.0)	(41.0, 1425305.0)	(42.0, 1519265.5)	(43.0, 1613226.0)	(44.0, 1682759.5)	(45.0, 1752293.0)	(46.0, 1800686.5)	(47.0, 1849080.0)	(48.0, 1879147.5)	(49.0, 1909215.0)	(50.0, 1921441.5)	(51.0, 1933668.0)	(52.0, 1927967.5)	(53.0, 1922267.0)	(54.0, 1912824.0)	(55.0, 1903381.0)	(56.0, 1857049.5)	(57.0, 1810718.0)	(58.0, 1748613.5)	(59.0, 1686509.0)	(60.0, 1587421.0)	(61.0, 1488333.0)	(62.0, 1356376.5)	(63.0, 1224420.0)	(64.0, 1093332.5)	(65.0, 962245.0)	(66.0, 847034.0)	(67.0, 731823.0)	(68.0, 620815.0)	(69.0, 509807.0)	(70.0, 423989.5)	(71.0, 338172.0)	(72.0, 273749.5)	(73.0, 209327.0)	(74.0, 164598.0)	(75.0, 90464.5)	(76.0, 61060.0)	(77.0, 46868.0)	(78.0, 32676.0)	(79.0, 25696.5)	(80.0, 18717.0)	(81.0, 15196.5)	(82.0, 11676.0)	(83.0, 10718.0)	(84.0, 9760.0)	(85.0, 9664.5)	(86.0, 9569.0)	(87.0, 9738.0)	(88.0, 9907.0)	(89.0, 9929.5)	(90.0, 9952.0)	(91.0, 10088.5)	(92.0, 10225.0)	(93.0, 10377.0)	(94.0, 10529.0)	(95.0, 10611.0)	(96.0, 10693.0)	(97.0, 10912.5)	(98.0, 11132.0)	(99.0, 20823.5)	(100.0, 30515.0)
SRR14016009_1	(0.0, 252.0)	(1.0, 197.0)	(2.0, 142.0)	(3.0, 184.0)	(4.0, 226.0)	(5.0, 278.0)	(6.0, 330.0)	(7.0, 411.0)	(8.0, 492.0)	(9.0, 687.5)	(10.0, 883.0)	(11.0, 1308.0)	(12.0, 1733.0)	(13.0, 2581.0)	(14.0, 3429.0)	(15.0, 4751.5)	(16.0, 6074.0)	(17.0, 8664.0)	(18.0, 11254.0)	(19.0, 16090.5)	(20.0, 20927.0)	(21.0, 28954.0)	(22.0, 36981.0)	(23.0, 46873.5)	(24.0, 56766.0)	(25.0, 72338.0)	(26.0, 107522.0)	(27.0, 127134.0)	(28.0, 154445.5)	(29.0, 181757.0)	(30.0, 216479.0)	(31.0, 251201.0)	(32.0, 289274.0)	(33.0, 327347.0)	(34.0, 379662.0)	(35.0, 431977.0)	(36.0, 490154.0)	(37.0, 548331.0)	(38.0, 612729.0)	(39.0, 677127.0)	(40.0, 750911.0)	(41.0, 824695.0)	(42.0, 896793.5)	(43.0, 968892.0)	(44.0, 1037588.5)	(45.0, 1106285.0)	(46.0, 1157744.5)	(47.0, 1209204.0)	(48.0, 1271055.5)	(49.0, 1332907.0)	(50.0, 1390876.0)	(51.0, 1448845.0)	(52.0, 1464917.0)	(53.0, 1480989.0)	(54.0, 1502152.0)	(55.0, 1523315.0)	(56.0, 1499185.0)	(57.0, 1475055.0)	(58.0, 1447612.0)	(59.0, 1420169.0)	(60.0, 1358535.5)	(61.0, 1296902.0)	(62.0, 1217083.5)	(63.0, 1137265.0)	(64.0, 1023842.0)	(65.0, 910419.0)	(66.0, 806716.0)	(67.0, 703013.0)	(68.0, 604367.0)	(69.0, 505721.0)	(70.0, 425657.5)	(71.0, 345594.0)	(72.0, 278913.0)	(73.0, 212232.0)	(74.0, 162290.5)	(75.0, 81312.5)	(76.0, 50276.0)	(77.0, 36088.5)	(78.0, 21901.0)	(79.0, 14654.5)	(80.0, 7408.0)	(81.0, 4632.5)	(82.0, 1857.0)	(83.0, 1197.0)	(84.0, 537.0)	(85.0, 318.0)	(86.0, 99.0)	(87.0, 57.5)	(88.0, 16.0)	(89.0, 11.5)	(90.0, 7.0)	(91.0, 8.5)	(92.0, 10.0)	(93.0, 19.5)	(94.0, 29.0)	(95.0, 82.5)	(96.0, 136.0)	(97.0, 103.0)	(98.0, 70.0)	(99.0, 40.5)	(100.0, 11.0)
SRR14016009_2	(0.0, 2307.0)	(1.0, 1999.0)	(2.0, 1691.0)	(3.0, 1913.0)	(4.0, 2135.0)	(5.0, 2389.0)	(6.0, 2643.0)	(7.0, 3051.5)	(8.0, 3460.0)	(9.0, 3944.0)	(10.0, 4428.0)	(11.0, 5247.0)	(12.0, 6066.0)	(13.0, 7011.5)	(14.0, 7957.0)	(15.0, 9692.0)	(16.0, 11427.0)	(17.0, 14221.5)	(18.0, 17016.0)	(19.0, 21608.0)	(20.0, 26200.0)	(21.0, 33243.5)	(22.0, 40287.0)	(23.0, 49157.5)	(24.0, 58028.0)	(25.0, 70555.5)	(26.0, 100317.0)	(27.0, 117551.0)	(28.0, 139182.5)	(29.0, 160814.0)	(30.0, 190216.0)	(31.0, 219618.0)	(32.0, 258937.5)	(33.0, 298257.0)	(34.0, 348503.5)	(35.0, 398750.0)	(36.0, 460385.0)	(37.0, 522020.0)	(38.0, 593634.5)	(39.0, 665249.0)	(40.0, 744278.5)	(41.0, 823308.0)	(42.0, 896567.5)	(43.0, 969827.0)	(44.0, 1037413.0)	(45.0, 1104999.0)	(46.0, 1160579.0)	(47.0, 1216159.0)	(48.0, 1261743.0)	(49.0, 1307327.0)	(50.0, 1340359.5)	(51.0, 1373392.0)	(52.0, 1397252.0)	(53.0, 1421112.0)	(54.0, 1451934.5)	(55.0, 1482757.0)	(56.0, 1473196.0)	(57.0, 1463635.0)	(58.0, 1439645.5)	(59.0, 1415656.0)	(60.0, 1360144.0)	(61.0, 1304632.0)	(62.0, 1216243.0)	(63.0, 1127854.0)	(64.0, 1031001.5)	(65.0, 934149.0)	(66.0, 841480.5)	(67.0, 748812.0)	(68.0, 647094.5)	(69.0, 545377.0)	(70.0, 460530.0)	(71.0, 375683.0)	(72.0, 307025.0)	(73.0, 238367.0)	(74.0, 189428.0)	(75.0, 105507.5)	(76.0, 70526.0)	(77.0, 52893.0)	(78.0, 35260.0)	(79.0, 26457.5)	(80.0, 17655.0)	(81.0, 13590.0)	(82.0, 9525.0)	(83.0, 8441.5)	(84.0, 7358.0)	(85.0, 7257.5)	(86.0, 7157.0)	(87.0, 7529.0)	(88.0, 7901.0)	(89.0, 8328.5)	(90.0, 8756.0)	(91.0, 9351.0)	(92.0, 9946.0)	(93.0, 10307.5)	(94.0, 10669.0)	(95.0, 10983.0)	(96.0, 11297.0)	(97.0, 11086.0)	(98.0, 10875.0)	(99.0, 14954.5)	(100.0, 19034.0)
SRR14016010_1	(0.0, 209.0)	(1.0, 166.0)	(2.0, 123.0)	(3.0, 183.5)	(4.0, 244.0)	(5.0, 305.0)	(6.0, 366.0)	(7.0, 489.0)	(8.0, 612.0)	(9.0, 882.0)	(10.0, 1152.0)	(11.0, 1792.0)	(12.0, 2432.0)	(13.0, 3433.5)	(14.0, 4435.0)	(15.0, 6426.0)	(16.0, 8417.0)	(17.0, 11912.5)	(18.0, 15408.0)	(19.0, 22371.5)	(20.0, 29335.0)	(21.0, 40607.0)	(22.0, 51879.0)	(23.0, 65620.5)	(24.0, 79362.0)	(25.0, 101126.0)	(26.0, 150113.0)	(27.0, 177336.0)	(28.0, 216639.0)	(29.0, 255942.0)	(30.0, 308045.5)	(31.0, 360149.0)	(32.0, 420882.5)	(33.0, 481616.0)	(34.0, 564856.0)	(35.0, 648096.0)	(36.0, 745980.0)	(37.0, 843864.0)	(38.0, 940038.0)	(39.0, 1036212.0)	(40.0, 1134030.5)	(41.0, 1231849.0)	(42.0, 1318975.0)	(43.0, 1406101.0)	(44.0, 1465801.0)	(45.0, 1525501.0)	(46.0, 1554342.0)	(47.0, 1583183.0)	(48.0, 1611283.0)	(49.0, 1639383.0)	(50.0, 1634065.0)	(51.0, 1628747.0)	(52.0, 1597278.5)	(53.0, 1565810.0)	(54.0, 1533805.0)	(55.0, 1501800.0)	(56.0, 1420959.0)	(57.0, 1340118.0)	(58.0, 1268337.0)	(59.0, 1196556.0)	(60.0, 1094536.5)	(61.0, 992517.0)	(62.0, 884420.5)	(63.0, 776324.0)	(64.0, 660892.5)	(65.0, 545461.0)	(66.0, 460467.5)	(67.0, 375474.0)	(68.0, 305780.5)	(69.0, 236087.0)	(70.0, 189402.5)	(71.0, 142718.0)	(72.0, 110219.0)	(73.0, 77720.0)	(74.0, 56836.5)	(75.0, 25252.0)	(76.0, 14551.0)	(77.0, 10240.0)	(78.0, 5929.0)	(79.0, 3989.5)	(80.0, 2050.0)	(81.0, 1308.0)	(82.0, 566.0)	(83.0, 355.0)	(84.0, 144.0)	(85.0, 86.5)	(86.0, 29.0)	(87.0, 21.0)	(88.0, 13.0)	(89.0, 9.0)	(90.0, 5.0)	(91.0, 6.5)	(92.0, 8.0)	(93.0, 31.0)	(94.0, 54.0)	(95.0, 133.5)	(96.0, 213.0)	(97.0, 167.0)	(98.0, 121.0)	(99.0, 65.0)	(100.0, 9.0)
SRR14016010_2	(0.0, 1836.0)	(1.0, 1754.5)	(2.0, 1673.0)	(3.0, 1855.5)	(4.0, 2038.0)	(5.0, 2344.5)	(6.0, 2651.0)	(7.0, 3043.5)	(8.0, 3436.0)	(9.0, 4041.5)	(10.0, 4647.0)	(11.0, 5410.0)	(12.0, 6173.0)	(13.0, 7404.5)	(14.0, 8636.0)	(15.0, 10994.0)	(16.0, 13352.0)	(17.0, 17562.0)	(18.0, 21772.0)	(19.0, 28001.5)	(20.0, 34231.0)	(21.0, 44062.5)	(22.0, 53894.0)	(23.0, 67339.0)	(24.0, 80784.0)	(25.0, 99528.0)	(26.0, 144997.0)	(27.0, 171722.0)	(28.0, 207635.5)	(29.0, 243549.0)	(30.0, 292229.0)	(31.0, 340909.0)	(32.0, 408474.0)	(33.0, 476039.0)	(34.0, 561923.5)	(35.0, 647808.0)	(36.0, 747415.0)	(37.0, 847022.0)	(38.0, 948458.5)	(39.0, 1049895.0)	(40.0, 1152701.0)	(41.0, 1255507.0)	(42.0, 1335501.0)	(43.0, 1415495.0)	(44.0, 1464119.0)	(45.0, 1512743.0)	(46.0, 1543635.0)	(47.0, 1574527.0)	(48.0, 1583909.5)	(49.0, 1593292.0)	(50.0, 1583483.0)	(51.0, 1573674.0)	(52.0, 1543361.5)	(53.0, 1513049.0)	(54.0, 1481680.0)	(55.0, 1450311.0)	(56.0, 1393743.0)	(57.0, 1337175.0)	(58.0, 1264118.0)	(59.0, 1191061.0)	(60.0, 1095458.0)	(61.0, 999855.0)	(62.0, 888394.0)	(63.0, 776933.0)	(64.0, 675327.0)	(65.0, 573721.0)	(66.0, 489636.0)	(67.0, 405551.0)	(68.0, 333725.0)	(69.0, 261899.0)	(70.0, 211863.0)	(71.0, 161827.0)	(72.0, 127563.0)	(73.0, 93299.0)	(74.0, 71575.0)	(75.0, 37020.5)	(76.0, 24190.0)	(77.0, 18507.0)	(78.0, 12824.0)	(79.0, 9864.5)	(80.0, 6905.0)	(81.0, 5363.0)	(82.0, 3821.0)	(83.0, 3324.0)	(84.0, 2827.0)	(85.0, 2630.0)	(86.0, 2433.0)	(87.0, 2372.5)	(88.0, 2312.0)	(89.0, 2257.0)	(90.0, 2202.0)	(91.0, 2169.0)	(92.0, 2136.0)	(93.0, 2084.5)	(94.0, 2033.0)	(95.0, 2055.0)	(96.0, 2077.0)	(97.0, 2160.5)	(98.0, 2244.0)	(99.0, 5602.0)	(100.0, 8960.0)
SRR14016011_1	(0.0, 130.0)	(1.0, 175.0)	(2.0, 220.0)	(3.0, 329.0)	(4.0, 438.0)	(5.0, 492.5)	(6.0, 547.0)	(7.0, 713.0)	(8.0, 879.0)	(9.0, 1143.0)	(10.0, 1407.0)	(11.0, 2103.0)	(12.0, 2799.0)	(13.0, 4035.5)	(14.0, 5272.0)	(15.0, 7345.5)	(16.0, 9419.0)	(17.0, 13251.5)	(18.0, 17084.0)	(19.0, 24333.0)	(20.0, 31582.0)	(21.0, 43019.5)	(22.0, 54457.0)	(23.0, 69664.0)	(24.0, 84871.0)	(25.0, 110164.0)	(26.0, 167864.5)	(27.0, 200272.0)	(28.0, 247578.5)	(29.0, 294885.0)	(30.0, 362198.5)	(31.0, 429512.0)	(32.0, 515910.5)	(33.0, 602309.0)	(34.0, 722219.5)	(35.0, 842130.0)	(36.0, 981418.0)	(37.0, 1120706.0)	(38.0, 1267186.5)	(39.0, 1413667.0)	(40.0, 1566415.5)	(41.0, 1719164.0)	(42.0, 1855723.5)	(43.0, 1992283.0)	(44.0, 2100178.5)	(45.0, 2208074.0)	(46.0, 2283065.0)	(47.0, 2358056.0)	(48.0, 2428815.5)	(49.0, 2499575.0)	(50.0, 2550914.0)	(51.0, 2602253.0)	(52.0, 2597577.0)	(53.0, 2592901.0)	(54.0, 2593319.5)	(55.0, 2593738.0)	(56.0, 2519253.0)	(57.0, 2444768.0)	(58.0, 2376136.5)	(59.0, 2307505.0)	(60.0, 2183422.0)	(61.0, 2059339.0)	(62.0, 1910545.0)	(63.0, 1761751.0)	(64.0, 1579523.0)	(65.0, 1397295.0)	(66.0, 1231955.0)	(67.0, 1066615.0)	(68.0, 912150.0)	(69.0, 757685.0)	(70.0, 640628.5)	(71.0, 523572.0)	(72.0, 423021.0)	(73.0, 322470.0)	(74.0, 249424.5)	(75.0, 130377.5)	(76.0, 84376.0)	(77.0, 63049.5)	(78.0, 41723.0)	(79.0, 29611.5)	(80.0, 17500.0)	(81.0, 11668.5)	(82.0, 5837.0)	(83.0, 3817.0)	(84.0, 1797.0)	(85.0, 1136.0)	(86.0, 475.0)	(87.0, 283.0)	(88.0, 91.0)	(89.0, 55.5)	(90.0, 20.0)	(91.0, 17.0)	(92.0, 14.0)	(93.0, 24.5)	(94.0, 35.0)	(95.0, 79.5)	(96.0, 124.0)	(97.0, 105.0)	(98.0, 86.0)	(99.0, 54.0)	(100.0, 22.0)
SRR14016011_2	(0.0, 2273.0)	(1.0, 2447.5)	(2.0, 2622.0)	(3.0, 3200.0)	(4.0, 3778.0)	(5.0, 4404.0)	(6.0, 5030.0)	(7.0, 5850.5)	(8.0, 6671.0)	(9.0, 7692.5)	(10.0, 8714.0)	(11.0, 9988.0)	(12.0, 11262.0)	(13.0, 12686.0)	(14.0, 14110.0)	(15.0, 16776.0)	(16.0, 19442.0)	(17.0, 23958.0)	(18.0, 28474.0)	(19.0, 35059.5)	(20.0, 41645.0)	(21.0, 51600.0)	(22.0, 61555.0)	(23.0, 76573.5)	(24.0, 91592.0)	(25.0, 113820.5)	(26.0, 168114.5)	(27.0, 200180.0)	(28.0, 247217.5)	(29.0, 294255.0)	(30.0, 361069.0)	(31.0, 427883.0)	(32.0, 522915.5)	(33.0, 617948.0)	(34.0, 738342.0)	(35.0, 858736.0)	(36.0, 1000371.5)	(37.0, 1142007.0)	(38.0, 1285395.5)	(39.0, 1428784.0)	(40.0, 1577258.0)	(41.0, 1725732.0)	(42.0, 1851959.5)	(43.0, 1978187.0)	(44.0, 2067769.5)	(45.0, 2157352.0)	(46.0, 2229468.5)	(47.0, 2301585.0)	(48.0, 2354213.5)	(49.0, 2406842.0)	(50.0, 2433826.5)	(51.0, 2460811.0)	(52.0, 2468191.0)	(53.0, 2475571.0)	(54.0, 2474730.5)	(55.0, 2473890.0)	(56.0, 2431189.5)	(57.0, 2388489.0)	(58.0, 2326081.0)	(59.0, 2263673.0)	(60.0, 2155886.5)	(61.0, 2048100.0)	(62.0, 1898110.0)	(63.0, 1748120.0)	(64.0, 1585188.5)	(65.0, 1422257.0)	(66.0, 1272961.0)	(67.0, 1123665.0)	(68.0, 970470.0)	(69.0, 817275.0)	(70.0, 692825.5)	(71.0, 568376.0)	(72.0, 467333.0)	(73.0, 366290.0)	(74.0, 295275.5)	(75.0, 175168.5)	(76.0, 126076.0)	(77.0, 98746.0)	(78.0, 71416.0)	(79.0, 55781.0)	(80.0, 40146.0)	(81.0, 31165.5)	(82.0, 22185.0)	(83.0, 18222.0)	(84.0, 14259.0)	(85.0, 13076.0)	(86.0, 11893.0)	(87.0, 11791.0)	(88.0, 11689.0)	(89.0, 12169.5)	(90.0, 12650.0)	(91.0, 13577.0)	(92.0, 14504.0)	(93.0, 15789.5)	(94.0, 17075.0)	(95.0, 18301.0)	(96.0, 19527.0)	(97.0, 20712.5)	(98.0, 21898.0)	(99.0, 34330.0)	(100.0, 46762.0)
SRR14016012_1	(0.0, 206.0)	(1.0, 263.0)	(2.0, 320.0)	(3.0, 425.0)	(4.0, 530.0)	(5.0, 593.5)	(6.0, 657.0)	(7.0, 810.5)	(8.0, 964.0)	(9.0, 1229.5)	(10.0, 1495.0)	(11.0, 2135.5)	(12.0, 2776.0)	(13.0, 3853.5)	(14.0, 4931.0)	(15.0, 6848.5)	(16.0, 8766.0)	(17.0, 12440.0)	(18.0, 16114.0)	(19.0, 22938.0)	(20.0, 29762.0)	(21.0, 40516.0)	(22.0, 51270.0)	(23.0, 65573.5)	(24.0, 79877.0)	(25.0, 102687.0)	(26.0, 155712.5)	(27.0, 185928.0)	(28.0, 231294.0)	(29.0, 276660.0)	(30.0, 336216.0)	(31.0, 395772.0)	(32.0, 475645.5)	(33.0, 555519.0)	(34.0, 660434.5)	(35.0, 765350.0)	(36.0, 884845.0)	(37.0, 1004340.0)	(38.0, 1124173.5)	(39.0, 1244007.0)	(40.0, 1358258.5)	(41.0, 1472510.0)	(42.0, 1569318.5)	(43.0, 1666127.0)	(44.0, 1734664.0)	(45.0, 1803201.0)	(46.0, 1841332.5)	(47.0, 1879464.0)	(48.0, 1912416.5)	(49.0, 1945369.0)	(50.0, 1956008.5)	(51.0, 1966648.0)	(52.0, 1941128.5)	(53.0, 1915609.0)	(54.0, 1891771.5)	(55.0, 1867934.0)	(56.0, 1793491.5)	(57.0, 1719049.0)	(58.0, 1650238.5)	(59.0, 1581428.0)	(60.0, 1475202.5)	(61.0, 1368977.0)	(62.0, 1251196.5)	(63.0, 1133416.0)	(64.0, 1001150.5)	(65.0, 868885.0)	(66.0, 755797.5)	(67.0, 642710.0)	(68.0, 541615.5)	(69.0, 440521.0)	(70.0, 367636.0)	(71.0, 294751.0)	(72.0, 235326.0)	(73.0, 175901.0)	(74.0, 133843.5)	(75.0, 66696.5)	(76.0, 41607.0)	(77.0, 30265.0)	(78.0, 18923.0)	(79.0, 13108.0)	(80.0, 7293.0)	(81.0, 4701.0)	(82.0, 2109.0)	(83.0, 1393.5)	(84.0, 678.0)	(85.0, 403.0)	(86.0, 128.0)	(87.0, 77.5)	(88.0, 27.0)	(89.0, 20.5)	(90.0, 14.0)	(91.0, 13.0)	(92.0, 12.0)	(93.0, 22.0)	(94.0, 32.0)	(95.0, 75.0)	(96.0, 118.0)	(97.0, 96.0)	(98.0, 74.0)	(99.0, 42.0)	(100.0, 10.0)
SRR14016012_2	(0.0, 3390.0)	(1.0, 3655.5)	(2.0, 3921.0)	(3.0, 4677.0)	(4.0, 5433.0)	(5.0, 6322.5)	(6.0, 7212.0)	(7.0, 8067.5)	(8.0, 8923.0)	(9.0, 10201.0)	(10.0, 11479.0)	(11.0, 12838.0)	(12.0, 14197.0)	(13.0, 15754.0)	(14.0, 17311.0)	(15.0, 19613.0)	(16.0, 21915.0)	(17.0, 25998.5)	(18.0, 30082.0)	(19.0, 36427.0)	(20.0, 42772.0)	(21.0, 52172.0)	(22.0, 61572.0)	(23.0, 75311.5)	(24.0, 89051.0)	(25.0, 109847.5)	(26.0, 160231.0)	(27.0, 189818.0)	(28.0, 233367.0)	(29.0, 276916.0)	(30.0, 337925.5)	(31.0, 398935.0)	(32.0, 484835.0)	(33.0, 570735.0)	(34.0, 673583.0)	(35.0, 776431.0)	(36.0, 896042.5)	(37.0, 1015654.0)	(38.0, 1129334.0)	(39.0, 1243014.0)	(40.0, 1356768.0)	(41.0, 1470522.0)	(42.0, 1558024.5)	(43.0, 1645527.0)	(44.0, 1700506.0)	(45.0, 1755485.0)	(46.0, 1793170.0)	(47.0, 1830855.0)	(48.0, 1848498.5)	(49.0, 1866142.0)	(50.0, 1864612.5)	(51.0, 1863083.0)	(52.0, 1847738.0)	(53.0, 1832393.0)	(54.0, 1809562.5)	(55.0, 1786732.0)	(56.0, 1736288.0)	(57.0, 1685844.0)	(58.0, 1621235.5)	(59.0, 1556627.0)	(60.0, 1463953.5)	(61.0, 1371280.0)	(62.0, 1250689.0)	(63.0, 1130098.0)	(64.0, 1009331.0)	(65.0, 888564.0)	(66.0, 782504.5)	(67.0, 676445.0)	(68.0, 576517.0)	(69.0, 476589.0)	(70.0, 398001.0)	(71.0, 319413.0)	(72.0, 260072.0)	(73.0, 200731.0)	(74.0, 159550.0)	(75.0, 90969.0)	(76.0, 63569.0)	(77.0, 49824.0)	(78.0, 36079.0)	(79.0, 28568.5)	(80.0, 21058.0)	(81.0, 17271.0)	(82.0, 13484.0)	(83.0, 12314.0)	(84.0, 11144.0)	(85.0, 10772.5)	(86.0, 10401.0)	(87.0, 10515.0)	(88.0, 10629.0)	(89.0, 10831.0)	(90.0, 11033.0)	(91.0, 11226.5)	(92.0, 11420.0)	(93.0, 11672.5)	(94.0, 11925.0)	(95.0, 11958.5)	(96.0, 11992.0)	(97.0, 12463.0)	(98.0, 12934.0)	(99.0, 24607.0)	(100.0, 36280.0)
SRR14016013_1	(0.0, 312.0)	(1.0, 322.5)	(2.0, 333.0)	(3.0, 452.5)	(4.0, 572.0)	(5.0, 670.0)	(6.0, 768.0)	(7.0, 915.0)	(8.0, 1062.0)	(9.0, 1429.0)	(10.0, 1796.0)	(11.0, 2545.5)	(12.0, 3295.0)	(13.0, 4746.5)	(14.0, 6198.0)	(15.0, 8562.0)	(16.0, 10926.0)	(17.0, 15235.0)	(18.0, 19544.0)	(19.0, 27910.0)	(20.0, 36276.0)	(21.0, 49508.0)	(22.0, 62740.0)	(23.0, 79474.0)	(24.0, 96208.0)	(25.0, 123192.0)	(26.0, 184744.5)	(27.0, 219313.0)	(28.0, 269334.0)	(29.0, 319355.0)	(30.0, 388198.5)	(31.0, 457042.0)	(32.0, 542284.5)	(33.0, 627527.0)	(34.0, 748264.5)	(35.0, 869002.0)	(36.0, 1008389.5)	(37.0, 1147777.0)	(38.0, 1296739.0)	(39.0, 1445701.0)	(40.0, 1596100.0)	(41.0, 1746499.0)	(42.0, 1878274.5)	(43.0, 2010050.0)	(44.0, 2109499.0)	(45.0, 2208948.0)	(46.0, 2272118.5)	(47.0, 2335289.0)	(48.0, 2434948.5)	(49.0, 2534608.0)	(50.0, 2518513.5)	(51.0, 2502419.0)	(52.0, 2483370.5)	(53.0, 2464322.0)	(54.0, 2456034.5)	(55.0, 2447747.0)	(56.0, 2365391.0)	(57.0, 2283035.0)	(58.0, 2204510.0)	(59.0, 2125985.0)	(60.0, 1997744.0)	(61.0, 1869503.0)	(62.0, 1724816.5)	(63.0, 1580130.0)	(64.0, 1403940.0)	(65.0, 1227750.0)	(66.0, 1073960.5)	(67.0, 920171.0)	(68.0, 781297.0)	(69.0, 642423.0)	(70.0, 537347.0)	(71.0, 432271.0)	(72.0, 346395.5)	(73.0, 260520.0)	(74.0, 198959.5)	(75.0, 99516.0)	(76.0, 61633.0)	(77.0, 44545.0)	(78.0, 27457.0)	(79.0, 18673.0)	(80.0, 9889.0)	(81.0, 6383.0)	(82.0, 2877.0)	(83.0, 1850.5)	(84.0, 824.0)	(85.0, 513.5)	(86.0, 203.0)	(87.0, 125.5)	(88.0, 48.0)	(89.0, 31.5)	(90.0, 15.0)	(91.0, 22.0)	(92.0, 29.0)	(93.0, 38.5)	(94.0, 48.0)	(95.0, 131.0)	(96.0, 214.0)	(97.0, 165.0)	(98.0, 116.0)	(99.0, 66.0)	(100.0, 16.0)
SRR14016013_2	(0.0, 2971.0)	(1.0, 2985.5)	(2.0, 3000.0)	(3.0, 3697.5)	(4.0, 4395.0)	(5.0, 5187.5)	(6.0, 5980.0)	(7.0, 6885.5)	(8.0, 7791.0)	(9.0, 8978.5)	(10.0, 10166.0)	(11.0, 11621.0)	(12.0, 13076.0)	(13.0, 14669.0)	(14.0, 16262.0)	(15.0, 19186.5)	(16.0, 22111.0)	(17.0, 27056.5)	(18.0, 32002.0)	(19.0, 39335.5)	(20.0, 46669.0)	(21.0, 57565.0)	(22.0, 68461.0)	(23.0, 84353.5)	(24.0, 100246.0)	(25.0, 122801.0)	(26.0, 177353.0)	(27.0, 209350.0)	(28.0, 257271.5)	(29.0, 305193.0)	(30.0, 371488.0)	(31.0, 437783.0)	(32.0, 531151.0)	(33.0, 624519.0)	(34.0, 743973.5)	(35.0, 863428.0)	(36.0, 1007993.5)	(37.0, 1152559.0)	(38.0, 1299801.5)	(39.0, 1447044.0)	(40.0, 1598830.0)	(41.0, 1750616.0)	(42.0, 1870575.5)	(43.0, 1990535.0)	(44.0, 2080156.5)	(45.0, 2169778.0)	(46.0, 2230262.5)	(47.0, 2290747.0)	(48.0, 2328856.5)	(49.0, 2366966.0)	(50.0, 2379555.5)	(51.0, 2392145.0)	(52.0, 2386136.0)	(53.0, 2380127.0)	(54.0, 2374139.0)	(55.0, 2368151.0)	(56.0, 2314496.0)	(57.0, 2260841.0)	(58.0, 2188227.0)	(59.0, 2115613.0)	(60.0, 1999357.5)	(61.0, 1883102.0)	(62.0, 1730330.5)	(63.0, 1577559.0)	(64.0, 1417209.0)	(65.0, 1256859.0)	(66.0, 1116057.0)	(67.0, 975255.0)	(68.0, 834431.0)	(69.0, 693607.0)	(70.0, 579958.5)	(71.0, 466310.0)	(72.0, 379810.5)	(73.0, 293311.0)	(74.0, 232527.0)	(75.0, 131158.0)	(76.0, 90573.0)	(77.0, 69300.5)	(78.0, 48028.0)	(79.0, 37400.5)	(80.0, 26773.0)	(81.0, 21613.5)	(82.0, 16454.0)	(83.0, 15108.0)	(84.0, 13762.0)	(85.0, 13427.5)	(86.0, 13093.0)	(87.0, 13619.0)	(88.0, 14145.0)	(89.0, 15068.5)	(90.0, 15992.0)	(91.0, 17437.5)	(92.0, 18883.0)	(93.0, 20639.5)	(94.0, 22396.0)	(95.0, 24402.0)	(96.0, 26408.0)	(97.0, 27795.5)	(98.0, 29183.0)	(99.0, 40113.5)	(100.0, 51044.0)
SRR14016014_1	(0.0, 478.0)	(1.0, 354.5)	(2.0, 231.0)	(3.0, 300.0)	(4.0, 369.0)	(5.0, 430.5)	(6.0, 492.0)	(7.0, 572.5)	(8.0, 653.0)	(9.0, 908.0)	(10.0, 1163.0)	(11.0, 1774.5)	(12.0, 2386.0)	(13.0, 3441.5)	(14.0, 4497.0)	(15.0, 6292.5)	(16.0, 8088.0)	(17.0, 11270.0)	(18.0, 14452.0)	(19.0, 21029.5)	(20.0, 27607.0)	(21.0, 37395.0)	(22.0, 47183.0)	(23.0, 59677.5)	(24.0, 72172.0)	(25.0, 91241.0)	(26.0, 133606.5)	(27.0, 156903.0)	(28.0, 188640.5)	(29.0, 220378.0)	(30.0, 261288.0)	(31.0, 302198.0)	(32.0, 344760.5)	(33.0, 387323.0)	(34.0, 443248.5)	(35.0, 499174.0)	(36.0, 560188.5)	(37.0, 621203.0)	(38.0, 689566.5)	(39.0, 757930.0)	(40.0, 836940.0)	(41.0, 915950.0)	(42.0, 990470.5)	(43.0, 1064991.0)	(44.0, 1138303.0)	(45.0, 1211615.0)	(46.0, 1264814.0)	(47.0, 1318013.0)	(48.0, 1390549.5)	(49.0, 1463086.0)	(50.0, 1521997.0)	(51.0, 1580908.0)	(52.0, 1623881.0)	(53.0, 1666854.0)	(54.0, 1695853.5)	(55.0, 1724853.0)	(56.0, 1691245.0)	(57.0, 1657637.0)	(58.0, 1630071.0)	(59.0, 1602505.0)	(60.0, 1545335.0)	(61.0, 1488165.0)	(62.0, 1410109.0)	(63.0, 1332053.0)	(64.0, 1214039.0)	(65.0, 1096025.0)	(66.0, 979346.5)	(67.0, 862668.0)	(68.0, 754605.0)	(69.0, 646542.0)	(70.0, 552138.5)	(71.0, 457735.0)	(72.0, 377517.5)	(73.0, 297300.0)	(74.0, 234304.5)	(75.0, 126895.5)	(76.0, 82482.0)	(77.0, 61626.0)	(78.0, 40770.0)	(79.0, 28479.5)	(80.0, 16189.0)	(81.0, 10562.5)	(82.0, 4936.0)	(83.0, 3196.5)	(84.0, 1457.0)	(85.0, 889.0)	(86.0, 321.0)	(87.0, 185.0)	(88.0, 49.0)	(89.0, 35.5)	(90.0, 22.0)	(91.0, 20.0)	(92.0, 18.0)	(93.0, 29.5)	(94.0, 41.0)	(95.0, 97.0)	(96.0, 153.0)	(97.0, 112.0)	(98.0, 71.0)	(99.0, 43.0)	(100.0, 15.0)
SRR14016014_2	(0.0, 4018.0)	(1.0, 3597.5)	(2.0, 3177.0)	(3.0, 3632.5)	(4.0, 4088.0)	(5.0, 4620.0)	(6.0, 5152.0)	(7.0, 5740.0)	(8.0, 6328.0)	(9.0, 7176.5)	(10.0, 8025.0)	(11.0, 9165.0)	(12.0, 10305.0)	(13.0, 11770.5)	(14.0, 13236.0)	(15.0, 15635.0)	(16.0, 18034.0)	(17.0, 21883.5)	(18.0, 25733.0)	(19.0, 31729.5)	(20.0, 37726.0)	(21.0, 46861.5)	(22.0, 55997.0)	(23.0, 67631.0)	(24.0, 79265.0)	(25.0, 94587.0)	(26.0, 130211.5)	(27.0, 150514.0)	(28.0, 176674.0)	(29.0, 202834.0)	(30.0, 236647.5)	(31.0, 270461.0)	(32.0, 313768.0)	(33.0, 357075.0)	(34.0, 410065.5)	(35.0, 463056.0)	(36.0, 529259.5)	(37.0, 595463.0)	(38.0, 673112.5)	(39.0, 750762.0)	(40.0, 832757.0)	(41.0, 914752.0)	(42.0, 991678.5)	(43.0, 1068605.0)	(44.0, 1139250.5)	(45.0, 1209896.0)	(46.0, 1268277.0)	(47.0, 1326658.0)	(48.0, 1374572.5)	(49.0, 1422487.0)	(50.0, 1460955.0)	(51.0, 1499423.0)	(52.0, 1529812.5)	(53.0, 1560202.0)	(54.0, 1598362.0)	(55.0, 1636522.0)	(56.0, 1633303.5)	(57.0, 1630085.0)	(58.0, 1610843.0)	(59.0, 1591601.0)	(60.0, 1535559.0)	(61.0, 1479517.0)	(62.0, 1393364.0)	(63.0, 1307211.0)	(64.0, 1206947.0)	(65.0, 1106683.0)	(66.0, 1009830.5)	(67.0, 912978.0)	(68.0, 801786.0)	(69.0, 690594.0)	(70.0, 588327.0)	(71.0, 486060.0)	(72.0, 405518.5)	(73.0, 324977.0)	(74.0, 265849.5)	(75.0, 161993.5)	(76.0, 117265.0)	(77.0, 91745.5)	(78.0, 66226.0)	(79.0, 51621.5)	(80.0, 37017.0)	(81.0, 30276.0)	(82.0, 23535.0)	(83.0, 20996.5)	(84.0, 18458.0)	(85.0, 17971.5)	(86.0, 17485.0)	(87.0, 17474.0)	(88.0, 17463.0)	(89.0, 17616.0)	(90.0, 17769.0)	(91.0, 17182.0)	(92.0, 16595.0)	(93.0, 15702.0)	(94.0, 14809.0)	(95.0, 13521.5)	(96.0, 12234.0)	(97.0, 11075.5)	(98.0, 9917.0)	(99.0, 17468.0)	(100.0, 25019.0)
SRR14016015_1	(0.0, 366.0)	(1.0, 294.5)	(2.0, 223.0)	(3.0, 275.5)	(4.0, 328.0)	(5.0, 421.0)	(6.0, 514.0)	(7.0, 633.5)	(8.0, 753.0)	(9.0, 974.5)	(10.0, 1196.0)	(11.0, 1805.5)	(12.0, 2415.0)	(13.0, 3489.0)	(14.0, 4563.0)	(15.0, 6377.5)	(16.0, 8192.0)	(17.0, 11490.5)	(18.0, 14789.0)	(19.0, 21416.5)	(20.0, 28044.0)	(21.0, 38386.0)	(22.0, 48728.0)	(23.0, 61787.5)	(24.0, 74847.0)	(25.0, 95400.0)	(26.0, 141677.5)	(27.0, 167402.0)	(28.0, 202430.0)	(29.0, 237458.0)	(30.0, 282403.5)	(31.0, 327349.0)	(32.0, 378231.5)	(33.0, 429114.0)	(34.0, 495695.0)	(35.0, 562276.0)	(36.0, 639230.5)	(37.0, 716185.0)	(38.0, 802585.5)	(39.0, 888986.0)	(40.0, 985386.0)	(41.0, 1081786.0)	(42.0, 1176691.5)	(43.0, 1271597.0)	(44.0, 1361880.5)	(45.0, 1452164.0)	(46.0, 1516539.0)	(47.0, 1580914.0)	(48.0, 1663183.5)	(49.0, 1745453.0)	(50.0, 1805026.0)	(51.0, 1864599.0)	(52.0, 1894433.0)	(53.0, 1924267.0)	(54.0, 1946205.5)	(55.0, 1968144.0)	(56.0, 1929932.0)	(57.0, 1891720.0)	(58.0, 1856313.0)	(59.0, 1820906.0)	(60.0, 1743103.5)	(61.0, 1665301.0)	(62.0, 1569221.0)	(63.0, 1473141.0)	(64.0, 1334924.5)	(65.0, 1196708.0)	(66.0, 1066826.5)	(67.0, 936945.0)	(68.0, 812031.0)	(69.0, 687117.0)	(70.0, 586466.0)	(71.0, 485815.0)	(72.0, 397597.0)	(73.0, 309379.0)	(74.0, 242867.0)	(75.0, 131427.5)	(76.0, 86500.0)	(77.0, 64873.5)	(78.0, 43247.0)	(79.0, 30590.5)	(80.0, 17934.0)	(81.0, 12024.0)	(82.0, 6114.0)	(83.0, 3955.5)	(84.0, 1797.0)	(85.0, 1103.5)	(86.0, 410.0)	(87.0, 248.5)	(88.0, 87.0)	(89.0, 57.0)	(90.0, 27.0)	(91.0, 17.5)	(92.0, 8.0)	(93.0, 26.5)	(94.0, 45.0)	(95.0, 116.0)	(96.0, 187.0)	(97.0, 155.0)	(98.0, 123.0)	(99.0, 72.5)	(100.0, 22.0)
SRR14016015_2	(0.0, 2927.0)	(1.0, 2792.0)	(2.0, 2657.0)	(3.0, 2910.0)	(4.0, 3163.0)	(5.0, 3557.0)	(6.0, 3951.0)	(7.0, 4396.0)	(8.0, 4841.0)	(9.0, 5674.0)	(10.0, 6507.0)	(11.0, 7378.0)	(12.0, 8249.0)	(13.0, 9756.0)	(14.0, 11263.0)	(15.0, 13581.0)	(16.0, 15899.0)	(17.0, 19818.0)	(18.0, 23737.0)	(19.0, 29949.5)	(20.0, 36162.0)	(21.0, 45262.5)	(22.0, 54363.0)	(23.0, 66998.5)	(24.0, 79634.0)	(25.0, 96686.5)	(26.0, 135920.5)	(27.0, 158102.0)	(28.0, 188161.0)	(29.0, 218220.0)	(30.0, 257833.0)	(31.0, 297446.0)	(32.0, 349583.0)	(33.0, 401720.0)	(34.0, 466227.0)	(35.0, 530734.0)	(36.0, 612441.0)	(37.0, 694148.0)	(38.0, 788149.0)	(39.0, 882150.0)	(40.0, 982837.5)	(41.0, 1083525.0)	(42.0, 1179406.0)	(43.0, 1275287.0)	(44.0, 1358013.0)	(45.0, 1440739.0)	(46.0, 1510063.5)	(47.0, 1579388.0)	(48.0, 1634989.5)	(49.0, 1690591.0)	(50.0, 1729160.0)	(51.0, 1767729.0)	(52.0, 1792933.5)	(53.0, 1818138.0)	(54.0, 1845003.5)	(55.0, 1871869.0)	(56.0, 1860533.0)	(57.0, 1849197.0)	(58.0, 1818522.5)	(59.0, 1787848.0)	(60.0, 1720227.5)	(61.0, 1652607.0)	(62.0, 1550440.5)	(63.0, 1448274.0)	(64.0, 1327803.5)	(65.0, 1207333.0)	(66.0, 1095201.5)	(67.0, 983070.0)	(68.0, 858708.5)	(69.0, 734347.0)	(70.0, 625414.0)	(71.0, 516481.0)	(72.0, 430053.5)	(73.0, 343626.0)	(74.0, 279680.5)	(75.0, 169048.5)	(76.0, 122362.0)	(77.0, 95679.0)	(78.0, 68996.0)	(79.0, 53677.5)	(80.0, 38359.0)	(81.0, 30023.5)	(82.0, 21688.0)	(83.0, 18543.0)	(84.0, 15398.0)	(85.0, 14790.0)	(86.0, 14182.0)	(87.0, 14673.5)	(88.0, 15165.0)	(89.0, 16141.5)	(90.0, 17118.0)	(91.0, 18919.5)	(92.0, 20721.0)	(93.0, 22992.0)	(94.0, 25263.0)	(95.0, 28155.0)	(96.0, 31047.0)	(97.0, 34911.5)	(98.0, 38776.0)	(99.0, 56399.0)	(100.0, 74022.0)
SRR14016016_1	(0.0, 243.0)	(1.0, 242.5)	(2.0, 242.0)	(3.0, 339.0)	(4.0, 436.0)	(5.0, 515.5)	(6.0, 595.0)	(7.0, 700.5)	(8.0, 806.0)	(9.0, 1088.0)	(10.0, 1370.0)	(11.0, 1931.5)	(12.0, 2493.0)	(13.0, 3663.5)	(14.0, 4834.0)	(15.0, 6662.5)	(16.0, 8491.0)	(17.0, 12128.5)	(18.0, 15766.0)	(19.0, 22483.0)	(20.0, 29200.0)	(21.0, 39490.0)	(22.0, 49780.0)	(23.0, 64219.0)	(24.0, 78658.0)	(25.0, 100942.0)	(26.0, 153009.5)	(27.0, 182793.0)	(28.0, 225265.5)	(29.0, 267738.0)	(30.0, 326476.5)	(31.0, 385215.0)	(32.0, 458765.0)	(33.0, 532315.0)	(34.0, 632476.0)	(35.0, 732637.0)	(36.0, 843392.5)	(37.0, 954148.0)	(38.0, 1070326.0)	(39.0, 1186504.0)	(40.0, 1301443.0)	(41.0, 1416382.0)	(42.0, 1515842.0)	(43.0, 1615302.0)	(44.0, 1690922.5)	(45.0, 1766543.0)	(46.0, 1810561.0)	(47.0, 1854579.0)	(48.0, 1899600.5)	(49.0, 1944622.0)	(50.0, 1962723.5)	(51.0, 1980825.0)	(52.0, 1989053.0)	(53.0, 1997281.0)	(54.0, 1995613.5)	(55.0, 1993946.0)	(56.0, 1922205.0)	(57.0, 1850464.0)	(58.0, 1791598.5)	(59.0, 1732733.0)	(60.0, 1638112.0)	(61.0, 1543491.0)	(62.0, 1432535.5)	(63.0, 1321580.0)	(64.0, 1182727.0)	(65.0, 1043874.0)	(66.0, 920321.0)	(67.0, 796768.0)	(68.0, 683895.0)	(69.0, 571022.0)	(70.0, 480951.5)	(71.0, 390881.0)	(72.0, 317061.0)	(73.0, 243241.0)	(74.0, 190375.5)	(75.0, 101063.0)	(76.0, 64616.0)	(77.0, 48481.5)	(78.0, 32347.0)	(79.0, 22727.0)	(80.0, 13107.0)	(81.0, 8669.0)	(82.0, 4231.0)	(83.0, 2819.0)	(84.0, 1407.0)	(85.0, 862.5)	(86.0, 318.0)	(87.0, 184.5)	(88.0, 51.0)	(89.0, 38.0)	(90.0, 25.0)	(91.0, 19.5)	(92.0, 14.0)	(93.0, 21.5)	(94.0, 29.0)	(95.0, 58.0)	(96.0, 87.0)	(97.0, 75.5)	(98.0, 64.0)	(99.0, 37.0)	(100.0, 10.0)
SRR14016016_2	(0.0, 3378.0)	(1.0, 3466.0)	(2.0, 3554.0)	(3.0, 4161.5)	(4.0, 4769.0)	(5.0, 5460.5)	(6.0, 6152.0)	(7.0, 6981.0)	(8.0, 7810.0)	(9.0, 8745.0)	(10.0, 9680.0)	(11.0, 10825.5)	(12.0, 11971.0)	(13.0, 13445.5)	(14.0, 14920.0)	(15.0, 17453.0)	(16.0, 19986.0)	(17.0, 24041.0)	(18.0, 28096.0)	(19.0, 34270.0)	(20.0, 40444.0)	(21.0, 49846.5)	(22.0, 59249.0)	(23.0, 72865.0)	(24.0, 86481.0)	(25.0, 105761.0)	(26.0, 153961.0)	(27.0, 182881.0)	(28.0, 222957.0)	(29.0, 263033.0)	(30.0, 320928.0)	(31.0, 378823.0)	(32.0, 457245.5)	(33.0, 535668.0)	(34.0, 634416.5)	(35.0, 733165.0)	(36.0, 843947.5)	(37.0, 954730.0)	(38.0, 1067987.0)	(39.0, 1181244.0)	(40.0, 1292432.0)	(41.0, 1403620.0)	(42.0, 1498264.0)	(43.0, 1592908.0)	(44.0, 1658098.5)	(45.0, 1723289.0)	(46.0, 1766899.5)	(47.0, 1810510.0)	(48.0, 1836898.0)	(49.0, 1863286.0)	(50.0, 1876591.0)	(51.0, 1889896.0)	(52.0, 1890820.5)	(53.0, 1891745.0)	(54.0, 1890191.0)	(55.0, 1888637.0)	(56.0, 1855133.0)	(57.0, 1821629.0)	(58.0, 1770406.5)	(59.0, 1719184.0)	(60.0, 1635219.0)	(61.0, 1551254.0)	(62.0, 1431505.0)	(63.0, 1311756.0)	(64.0, 1193506.0)	(65.0, 1075256.0)	(66.0, 961997.5)	(67.0, 848739.0)	(68.0, 734987.0)	(69.0, 621235.0)	(70.0, 524897.0)	(71.0, 428559.0)	(72.0, 353731.5)	(73.0, 278904.0)	(74.0, 226304.5)	(75.0, 135540.0)	(76.0, 97375.0)	(77.0, 76651.5)	(78.0, 55928.0)	(79.0, 44131.5)	(80.0, 32335.0)	(81.0, 26180.5)	(82.0, 20026.0)	(83.0, 16986.5)	(84.0, 13947.0)	(85.0, 12484.5)	(86.0, 11022.0)	(87.0, 10766.5)	(88.0, 10511.0)	(89.0, 10406.0)	(90.0, 10301.0)	(91.0, 10171.5)	(92.0, 10042.0)	(93.0, 10017.0)	(94.0, 9992.0)	(95.0, 10104.0)	(96.0, 10216.0)	(97.0, 10980.0)	(98.0, 11744.0)	(99.0, 23979.0)	(100.0, 36214.0)
SRR14016017_1	(0.0, 7919.0)	(1.0, 4200.0)	(2.0, 481.0)	(3.0, 652.0)	(4.0, 823.0)	(5.0, 975.0)	(6.0, 1127.0)	(7.0, 1484.0)	(8.0, 1841.0)	(9.0, 2343.0)	(10.0, 2855.0)	(11.0, 3921.0)	(12.0, 4983.5)	(13.0, 7657.0)	(14.0, 10427.0)	(15.0, 13141.0)	(16.0, 15844.0)	(17.0, 21843.5)	(18.0, 27969.0)	(19.0, 38488.0)	(20.0, 49293.0)	(21.0, 66403.0)	(22.0, 83277.5)	(23.0, 102251.5)	(24.0, 121915.0)	(25.0, 155055.5)	(26.0, 214984.5)	(27.0, 255537.0)	(28.0, 302838.0)	(29.0, 353069.0)	(30.0, 411367.5)	(31.0, 469949.5)	(32.0, 535939.0)	(33.0, 604422.5)	(34.0, 680999.5)	(35.0, 763635.0)	(36.0, 841255.5)	(37.0, 905393.5)	(38.0, 969845.0)	(39.0, 1041671.5)	(40.0, 1124194.5)	(41.0, 1199200.5)	(42.0, 1254670.0)	(43.0, 1311938.5)	(44.0, 1356463.5)	(45.0, 1392228.5)	(46.0, 1427278.5)	(47.0, 1455374.5)	(48.0, 1469447.5)	(49.0, 1481331.5)	(50.0, 1485780.5)	(51.0, 1493232.5)	(52.0, 1499752.0)	(53.0, 1496760.0)	(54.0, 1484886.5)	(55.0, 1474152.0)	(56.0, 1399938.5)	(57.0, 1308940.5)	(58.0, 1225103.0)	(59.0, 1151201.0)	(60.0, 1062705.5)	(61.0, 971973.0)	(62.0, 883281.5)	(63.0, 797539.0)	(64.0, 688312.5)	(65.0, 571833.0)	(66.0, 478689.5)	(67.0, 394088.0)	(68.0, 319588.5)	(69.0, 248169.0)	(70.0, 196055.0)	(71.0, 150219.5)	(72.0, 119881.5)	(73.0, 90110.5)	(74.0, 65305.0)	(75.0, 34169.5)	(76.0, 22092.5)	(77.0, 15763.0)	(78.0, 9689.0)	(79.0, 6687.0)	(80.0, 3654.0)	(81.0, 2249.0)	(82.0, 900.0)	(83.0, 607.0)	(84.0, 330.5)	(85.0, 207.5)	(86.0, 82.5)	(87.0, 52.0)	(88.0, 25.0)	(89.0, 16.5)	(90.0, 7.5)	(91.0, 10.5)	(92.0, 14.0)	(93.0, 21.5)	(94.0, 29.0)	(95.0, 69.0)	(96.0, 108.5)	(97.0, 86.5)	(98.0, 65.0)	(99.0, 34.0)	(100.0, 3.0)
SRR14016017_2	(0.0, 7007.0)	(1.0, 6711.0)	(2.0, 6415.0)	(3.0, 7516.5)	(4.0, 8618.0)	(5.0, 9813.5)	(6.0, 11008.5)	(7.0, 12454.5)	(8.0, 13901.0)	(9.0, 15397.0)	(10.0, 16899.0)	(11.0, 18870.5)	(12.0, 20843.5)	(13.0, 23067.5)	(14.0, 25338.5)	(15.0, 28204.5)	(16.0, 31123.5)	(17.0, 37500.0)	(18.0, 44016.0)	(19.0, 51796.5)	(20.0, 59683.5)	(21.0, 73956.0)	(22.0, 88376.0)	(23.0, 109429.5)	(24.0, 131048.5)	(25.0, 161182.5)	(26.0, 218375.0)	(27.0, 260016.0)	(28.0, 307979.0)	(29.0, 355839.0)	(30.0, 409542.5)	(31.0, 468624.0)	(32.0, 534922.5)	(33.0, 601995.5)	(34.0, 674482.5)	(35.0, 746135.5)	(36.0, 807306.0)	(37.0, 866053.0)	(38.0, 924232.0)	(39.0, 981464.5)	(40.0, 1052917.0)	(41.0, 1130479.5)	(42.0, 1193352.0)	(43.0, 1242867.0)	(44.0, 1275853.5)	(45.0, 1306855.0)	(46.0, 1340135.0)	(47.0, 1362977.0)	(48.0, 1373760.5)	(49.0, 1384494.0)	(50.0, 1396960.0)	(51.0, 1409268.5)	(52.0, 1412090.0)	(53.0, 1411174.5)	(54.0, 1395247.0)	(55.0, 1373288.5)	(56.0, 1323078.5)	(57.0, 1273415.0)	(58.0, 1219615.5)	(59.0, 1161870.5)	(60.0, 1087555.0)	(61.0, 1003259.0)	(62.0, 913059.0)	(63.0, 828748.5)	(64.0, 729963.5)	(65.0, 632308.5)	(66.0, 538042.5)	(67.0, 448629.0)	(68.0, 374409.5)	(69.0, 302295.0)	(70.0, 248420.0)	(71.0, 200981.5)	(72.0, 163071.5)	(73.0, 124746.5)	(74.0, 97019.5)	(75.0, 63349.5)	(76.0, 49404.5)	(77.0, 40853.0)	(78.0, 32392.0)	(79.0, 27678.5)	(80.0, 23149.0)	(81.0, 21124.5)	(82.0, 19095.0)	(83.0, 18369.5)	(84.0, 17672.5)	(85.0, 17476.0)	(86.0, 17323.5)	(87.0, 17356.0)	(88.0, 17380.5)	(89.0, 17413.5)	(90.0, 17444.0)	(91.0, 17838.0)	(92.0, 18237.0)	(93.0, 18903.0)	(94.0, 19568.0)	(95.0, 20446.0)	(96.0, 21324.5)	(97.0, 23700.0)	(98.0, 26076.0)	(99.0, 66745.5)	(100.0, 107415.0)
SRR14016018_1	(0.0, 3624.0)	(1.0, 1914.5)	(2.0, 205.0)	(3.0, 267.5)	(4.0, 330.0)	(5.0, 392.0)	(6.0, 454.0)	(7.0, 574.5)	(8.0, 695.0)	(9.0, 949.5)	(10.0, 1207.0)	(11.0, 1685.5)	(12.0, 2160.0)	(13.0, 3278.0)	(14.0, 4457.0)	(15.0, 5954.0)	(16.0, 7433.5)	(17.0, 10454.5)	(18.0, 13550.5)	(19.0, 19059.0)	(20.0, 24703.0)	(21.0, 33452.0)	(22.0, 42081.0)	(23.0, 52099.5)	(24.0, 62519.5)	(25.0, 80515.0)	(26.0, 112939.5)	(27.0, 134626.5)	(28.0, 160331.5)	(29.0, 187951.0)	(30.0, 220296.5)	(31.0, 252960.0)	(32.0, 289651.5)	(33.0, 328139.0)	(34.0, 372414.5)	(35.0, 419976.5)	(36.0, 464856.0)	(37.0, 501453.0)	(38.0, 536632.5)	(39.0, 576989.5)	(40.0, 623721.0)	(41.0, 666085.5)	(42.0, 697717.5)	(43.0, 729989.0)	(44.0, 756331.0)	(45.0, 777732.0)	(46.0, 798025.5)	(47.0, 815298.0)	(48.0, 826968.5)	(49.0, 836333.0)	(50.0, 840699.0)	(51.0, 847736.5)	(52.0, 854437.0)	(53.0, 855744.0)	(54.0, 852813.5)	(55.0, 849832.5)	(56.0, 812022.0)	(57.0, 765991.0)	(58.0, 725238.0)	(59.0, 690689.0)	(60.0, 645390.5)	(61.0, 597091.0)	(62.0, 549726.5)	(63.0, 504008.0)	(64.0, 441436.0)	(65.0, 374287.0)	(66.0, 319770.5)	(67.0, 269585.5)	(68.0, 221598.5)	(69.0, 175098.5)	(70.0, 140881.0)	(71.0, 110543.5)	(72.0, 89291.5)	(73.0, 68282.5)	(74.0, 50191.0)	(75.0, 27002.5)	(76.0, 17884.0)	(77.0, 12992.5)	(78.0, 8234.5)	(79.0, 5744.0)	(80.0, 3257.5)	(81.0, 2115.0)	(82.0, 1002.5)	(83.0, 695.0)	(84.0, 393.5)	(85.0, 238.5)	(86.0, 87.5)	(87.0, 54.5)	(88.0, 24.5)	(89.0, 17.0)	(90.0, 7.0)	(91.0, 6.5)	(92.0, 8.0)	(93.0, 11.0)	(94.0, 14.0)	(95.0, 37.5)	(96.0, 61.0)	(97.0, 46.0)	(98.0, 31.0)	(99.0, 19.0)	(100.0, 7.0)
SRR14016018_2	(0.0, 3291.0)	(1.0, 2950.5)	(2.0, 2610.0)	(3.0, 3011.0)	(4.0, 3412.0)	(5.0, 3886.0)	(6.0, 4360.0)	(7.0, 4849.0)	(8.0, 5338.5)	(9.0, 5931.5)	(10.0, 6527.0)	(11.0, 7238.5)	(12.0, 7955.0)	(13.0, 8990.0)	(14.0, 10061.5)	(15.0, 11627.0)	(16.0, 13180.5)	(17.0, 16364.5)	(18.0, 19668.5)	(19.0, 24047.5)	(20.0, 28472.5)	(21.0, 35825.0)	(22.0, 43249.0)	(23.0, 54734.5)	(24.0, 66559.5)	(25.0, 83115.5)	(26.0, 114522.5)	(27.0, 137525.0)	(28.0, 164583.5)	(29.0, 191797.0)	(30.0, 221595.5)	(31.0, 254169.0)	(32.0, 291982.0)	(33.0, 330673.0)	(34.0, 372686.5)	(35.0, 414501.0)	(36.0, 450284.0)	(37.0, 483925.0)	(38.0, 516854.0)	(39.0, 549607.5)	(40.0, 589286.0)	(41.0, 632505.5)	(42.0, 669432.0)	(43.0, 699379.5)	(44.0, 719244.0)	(45.0, 736653.0)	(46.0, 755010.5)	(47.0, 769101.0)	(48.0, 777996.5)	(49.0, 785890.0)	(50.0, 794694.5)	(51.0, 804044.5)	(52.0, 808935.5)	(53.0, 811259.5)	(54.0, 805230.0)	(55.0, 797135.0)	(56.0, 773715.5)	(57.0, 750904.5)	(58.0, 726934.5)	(59.0, 698242.0)	(60.0, 658241.0)	(61.0, 613984.5)	(62.0, 565524.0)	(63.0, 519083.0)	(64.0, 463468.5)	(65.0, 408968.5)	(66.0, 352375.5)	(67.0, 297955.5)	(68.0, 251216.0)	(69.0, 204873.5)	(70.0, 169062.5)	(71.0, 137417.5)	(72.0, 111600.0)	(73.0, 85828.5)	(74.0, 66914.5)	(75.0, 42893.5)	(76.0, 32693.5)	(77.0, 26433.5)	(78.0, 20261.0)	(79.0, 16502.5)	(80.0, 12836.0)	(81.0, 11020.0)	(82.0, 9190.5)	(83.0, 8599.0)	(84.0, 8045.5)	(85.0, 7763.5)	(86.0, 7471.5)	(87.0, 7450.5)	(88.0, 7456.5)	(89.0, 7590.5)	(90.0, 7725.5)	(91.0, 7943.0)	(92.0, 8162.0)	(93.0, 8642.5)	(94.0, 9123.0)	(95.0, 9526.0)	(96.0, 9929.5)	(97.0, 11164.5)	(98.0, 12399.0)	(99.0, 28479.0)	(100.0, 44559.0)
SRR14016019_1	(0.0, 2766.0)	(1.0, 1421.0)	(2.0, 76.0)	(3.0, 112.0)	(4.0, 148.0)	(5.0, 186.5)	(6.0, 225.0)	(7.0, 339.0)	(8.0, 452.5)	(9.0, 634.5)	(10.0, 815.5)	(11.0, 1332.5)	(12.0, 1856.5)	(13.0, 3000.5)	(14.0, 4197.0)	(15.0, 6056.5)	(16.0, 7912.0)	(17.0, 11523.5)	(18.0, 15244.0)	(19.0, 21882.5)	(20.0, 28775.5)	(21.0, 40992.0)	(22.0, 52889.5)	(23.0, 66518.0)	(24.0, 80682.5)	(25.0, 103666.5)	(26.0, 145805.0)	(27.0, 174921.5)	(28.0, 210381.0)	(29.0, 248005.0)	(30.0, 290199.0)	(31.0, 332835.5)	(32.0, 381240.0)	(33.0, 431667.5)	(34.0, 489120.0)	(35.0, 549908.0)	(36.0, 606620.0)	(37.0, 653647.5)	(38.0, 698124.5)	(39.0, 748108.5)	(40.0, 803208.5)	(41.0, 852870.5)	(42.0, 887278.0)	(43.0, 921492.5)	(44.0, 951383.0)	(45.0, 974527.0)	(46.0, 993404.0)	(47.0, 1010094.5)	(48.0, 1018201.0)	(49.0, 1021758.0)	(50.0, 1018499.5)	(51.0, 1018818.5)	(52.0, 1015301.5)	(53.0, 1005792.5)	(54.0, 992141.5)	(55.0, 977936.0)	(56.0, 924234.0)	(57.0, 860948.0)	(58.0, 803613.5)	(59.0, 752877.0)	(60.0, 693446.0)	(61.0, 632211.5)	(62.0, 572613.5)	(63.0, 515269.0)	(64.0, 443906.5)	(65.0, 369069.0)	(66.0, 310128.5)	(67.0, 256152.0)	(68.0, 207326.5)	(69.0, 160888.5)	(70.0, 127642.0)	(71.0, 97779.5)	(72.0, 78473.0)	(73.0, 60066.5)	(74.0, 43920.0)	(75.0, 23464.5)	(76.0, 15605.0)	(77.0, 11386.5)	(78.0, 7340.0)	(79.0, 5066.0)	(80.0, 2786.0)	(81.0, 1804.5)	(82.0, 851.0)	(83.0, 602.5)	(84.0, 359.5)	(85.0, 228.0)	(86.0, 99.0)	(87.0, 59.5)	(88.0, 25.0)	(89.0, 18.5)	(90.0, 13.0)	(91.0, 16.0)	(92.0, 18.5)	(93.0, 23.0)	(94.0, 28.0)	(95.0, 71.0)	(96.0, 113.0)	(97.0, 89.0)	(98.0, 66.0)	(99.0, 35.5)	(100.0, 5.0)
SRR14016019_2	(0.0, 1211.0)	(1.0, 1109.0)	(2.0, 1007.0)	(3.0, 1284.5)	(4.0, 1562.0)	(5.0, 1795.5)	(6.0, 2029.0)	(7.0, 2353.5)	(8.0, 2678.0)	(9.0, 3133.5)	(10.0, 3595.0)	(11.0, 4289.0)	(12.0, 4979.5)	(13.0, 6160.5)	(14.0, 7378.0)	(15.0, 9446.0)	(16.0, 11545.5)	(17.0, 16114.0)	(18.0, 20776.5)	(19.0, 26930.5)	(20.0, 33192.5)	(21.0, 43754.5)	(22.0, 54519.5)	(23.0, 70956.5)	(24.0, 87774.0)	(25.0, 110691.0)	(26.0, 153803.0)	(27.0, 185365.0)	(28.0, 221426.5)	(29.0, 256990.0)	(30.0, 296106.5)	(31.0, 338841.5)	(32.0, 387642.5)	(33.0, 437616.0)	(34.0, 492160.0)	(35.0, 545840.5)	(36.0, 591270.0)	(37.0, 635144.5)	(38.0, 675999.5)	(39.0, 715657.5)	(40.0, 764343.5)	(41.0, 815664.5)	(42.0, 858449.0)	(43.0, 893717.5)	(44.0, 914292.5)	(45.0, 930085.5)	(46.0, 948703.0)	(47.0, 964310.5)	(48.0, 969702.5)	(49.0, 969664.0)	(50.0, 969548.0)	(51.0, 973811.5)	(52.0, 973530.5)	(53.0, 967706.0)	(54.0, 949582.0)	(55.0, 929562.5)	(56.0, 892120.5)	(57.0, 857766.0)	(58.0, 825828.5)	(59.0, 783443.0)	(60.0, 723017.0)	(61.0, 664037.5)	(62.0, 604385.5)	(63.0, 543602.0)	(64.0, 477388.5)	(65.0, 415105.5)	(66.0, 352429.0)	(67.0, 292709.5)	(68.0, 243686.0)	(69.0, 195475.5)	(70.0, 159430.5)	(71.0, 127558.5)	(72.0, 102517.0)	(73.0, 77876.0)	(74.0, 59462.5)	(75.0, 36360.0)	(76.0, 26647.5)	(77.0, 20580.0)	(78.0, 14669.5)	(79.0, 11137.5)	(80.0, 7669.0)	(81.0, 6069.5)	(82.0, 4494.0)	(83.0, 3909.5)	(84.0, 3325.0)	(85.0, 2989.5)	(86.0, 2678.5)	(87.0, 2615.5)	(88.0, 2558.0)	(89.0, 2589.0)	(90.0, 2622.0)	(91.0, 2674.0)	(92.0, 2727.0)	(93.0, 2772.0)	(94.0, 2817.5)	(95.0, 2962.0)	(96.0, 3104.5)	(97.0, 3341.5)	(98.0, 3580.0)	(99.0, 7372.0)	(100.0, 11164.0)
SRR14016020_1	(0.0, 2494.0)	(1.0, 1291.0)	(2.0, 88.0)	(3.0, 123.0)	(4.0, 158.0)	(5.0, 219.0)	(6.0, 280.0)	(7.0, 403.5)	(8.0, 527.0)	(9.0, 754.5)	(10.0, 985.5)	(11.0, 1662.5)	(12.0, 2341.5)	(13.0, 3823.5)	(14.0, 5388.5)	(15.0, 7730.5)	(16.0, 10034.5)	(17.0, 14673.0)	(18.0, 19459.5)	(19.0, 28523.5)	(20.0, 37818.0)	(21.0, 56636.0)	(22.0, 75257.5)	(23.0, 91220.5)	(24.0, 107842.5)	(25.0, 140226.5)	(26.0, 197102.5)	(27.0, 233859.0)	(28.0, 277796.0)	(29.0, 321095.0)	(30.0, 371752.0)	(31.0, 429521.0)	(32.0, 500413.5)	(33.0, 569834.0)	(34.0, 644058.5)	(35.0, 724213.5)	(36.0, 783932.0)	(37.0, 834720.0)	(38.0, 903264.0)	(39.0, 974964.0)	(40.0, 1072722.0)	(41.0, 1169135.5)	(42.0, 1219899.0)	(43.0, 1269432.0)	(44.0, 1327892.0)	(45.0, 1376104.5)	(46.0, 1402673.0)	(47.0, 1427807.5)	(48.0, 1463717.5)	(49.0, 1495421.5)	(50.0, 1503207.0)	(51.0, 1507250.0)	(52.0, 1507004.0)	(53.0, 1501055.0)	(54.0, 1483508.0)	(55.0, 1467362.0)	(56.0, 1397903.5)	(57.0, 1310183.0)	(58.0, 1223389.5)	(59.0, 1148000.0)	(60.0, 1065821.0)	(61.0, 983798.0)	(62.0, 905317.0)	(63.0, 825627.0)	(64.0, 725087.5)	(65.0, 620300.0)	(66.0, 524524.0)	(67.0, 435784.5)	(68.0, 359058.0)	(69.0, 284007.0)	(70.0, 227993.0)	(71.0, 177553.0)	(72.0, 142682.0)	(73.0, 109795.5)	(74.0, 81124.0)	(75.0, 44066.0)	(76.0, 29510.0)	(77.0, 21516.5)	(78.0, 13732.0)	(79.0, 9614.5)	(80.0, 5528.0)	(81.0, 3618.5)	(82.0, 1753.0)	(83.0, 1235.5)	(84.0, 720.5)	(85.0, 439.5)	(86.0, 170.0)	(87.0, 108.5)	(88.0, 53.0)	(89.0, 38.5)	(90.0, 23.5)	(91.0, 23.5)	(92.0, 25.0)	(93.0, 42.0)	(94.0, 59.0)	(95.0, 101.0)	(96.0, 141.5)	(97.0, 115.5)	(98.0, 91.0)	(99.0, 51.5)	(100.0, 12.0)
SRR14016020_2	(0.0, 1903.0)	(1.0, 1468.0)	(2.0, 1033.0)	(3.0, 1202.5)	(4.0, 1372.0)	(5.0, 1599.0)	(6.0, 1826.0)	(7.0, 2167.5)	(8.0, 2509.0)	(9.0, 2927.5)	(10.0, 3351.5)	(11.0, 4079.0)	(12.0, 4803.5)	(13.0, 6121.5)	(14.0, 7495.0)	(15.0, 9880.0)	(16.0, 12292.0)	(17.0, 17928.0)	(18.0, 23663.0)	(19.0, 30208.0)	(20.0, 36877.0)	(21.0, 49965.0)	(22.0, 63251.5)	(23.0, 83794.5)	(24.0, 104972.0)	(25.0, 133623.0)	(26.0, 188804.5)	(27.0, 228023.0)	(28.0, 277057.0)	(29.0, 328373.5)	(30.0, 379741.0)	(31.0, 437218.0)	(32.0, 497338.5)	(33.0, 555787.0)	(34.0, 628118.5)	(35.0, 699391.5)	(36.0, 757575.0)	(37.0, 815491.0)	(38.0, 874256.0)	(39.0, 936239.0)	(40.0, 1025446.5)	(41.0, 1123322.5)	(42.0, 1203439.5)	(43.0, 1274002.5)	(44.0, 1318430.0)	(45.0, 1342704.5)	(46.0, 1365168.5)	(47.0, 1384120.0)	(48.0, 1395157.5)	(49.0, 1408492.0)	(50.0, 1432985.5)	(51.0, 1454577.0)	(52.0, 1453839.0)	(53.0, 1445683.5)	(54.0, 1420402.0)	(55.0, 1397601.5)	(56.0, 1352671.5)	(57.0, 1308657.5)	(58.0, 1265962.0)	(59.0, 1205182.0)	(60.0, 1122489.5)	(61.0, 1043472.5)	(62.0, 960593.0)	(63.0, 877721.0)	(64.0, 782375.5)	(65.0, 690346.0)	(66.0, 584844.0)	(67.0, 482437.5)	(68.0, 403169.5)	(69.0, 326128.5)	(70.0, 267766.0)	(71.0, 215762.5)	(72.0, 174921.5)	(73.0, 134453.5)	(74.0, 102820.0)	(75.0, 62547.0)	(76.0, 45406.0)	(77.0, 35038.0)	(78.0, 24882.5)	(79.0, 18432.0)	(80.0, 12150.0)	(81.0, 9374.5)	(82.0, 6629.5)	(83.0, 5492.0)	(84.0, 4340.0)	(85.0, 3687.5)	(86.0, 3076.0)	(87.0, 2980.5)	(88.0, 2897.0)	(89.0, 2867.5)	(90.0, 2839.0)	(91.0, 2877.5)	(92.0, 2917.0)	(93.0, 3060.0)	(94.0, 3203.5)	(95.0, 3283.5)	(96.0, 3363.0)	(97.0, 3669.0)	(98.0, 3976.0)	(99.0, 7666.0)	(100.0, 11356.0)
SRR14016021_1	(0.0, 2960.0)	(1.0, 1553.0)	(2.0, 146.0)	(3.0, 202.0)	(4.0, 258.0)	(5.0, 335.0)	(6.0, 412.0)	(7.0, 640.0)	(8.0, 869.0)	(9.0, 1298.0)	(10.0, 1729.5)	(11.0, 2818.0)	(12.0, 3916.5)	(13.0, 6066.0)	(14.0, 8304.0)	(15.0, 12195.5)	(16.0, 16100.0)	(17.0, 23623.5)	(18.0, 31369.5)	(19.0, 46027.5)	(20.0, 61110.0)	(21.0, 89945.5)	(22.0, 118496.0)	(23.0, 149645.0)	(24.0, 181877.0)	(25.0, 232854.0)	(26.0, 327416.5)	(27.0, 394600.5)	(28.0, 471328.5)	(29.0, 546621.5)	(30.0, 634559.0)	(31.0, 731292.0)	(32.0, 850004.0)	(33.0, 968975.5)	(34.0, 1089512.5)	(35.0, 1214905.5)	(36.0, 1343533.5)	(37.0, 1463847.0)	(38.0, 1630362.5)	(39.0, 1798223.0)	(40.0, 1922742.0)	(41.0, 2057415.5)	(42.0, 2142253.0)	(43.0, 2236135.5)	(44.0, 2451202.0)	(45.0, 2626876.5)	(46.0, 2689947.5)	(47.0, 2756987.0)	(48.0, 2758537.0)	(49.0, 2732523.0)	(50.0, 2828517.0)	(51.0, 2937874.5)	(52.0, 2945820.0)	(53.0, 2935746.0)	(54.0, 2868040.0)	(55.0, 2817721.0)	(56.0, 2621818.5)	(57.0, 2384779.0)	(58.0, 2205638.5)	(59.0, 2026214.0)	(60.0, 1906567.5)	(61.0, 1788762.5)	(62.0, 1616645.5)	(63.0, 1431497.5)	(64.0, 1278120.5)	(65.0, 1146428.5)	(66.0, 980937.5)	(67.0, 829570.5)	(68.0, 695317.5)	(69.0, 568095.5)	(70.0, 460258.0)	(71.0, 334204.0)	(72.0, 278086.5)	(73.0, 245475.0)	(74.0, 210183.5)	(75.0, 153776.5)	(76.0, 124286.0)	(77.0, 102115.5)	(78.0, 80663.5)	(79.0, 54077.0)	(80.0, 26872.0)	(81.0, 16744.0)	(82.0, 6561.5)	(83.0, 4956.0)	(84.0, 3617.5)	(85.0, 2583.5)	(86.0, 1604.0)	(87.0, 1065.5)	(88.0, 530.5)	(89.0, 406.5)	(90.0, 282.5)	(91.0, 258.0)	(92.0, 244.0)	(93.0, 196.5)	(94.0, 145.5)	(95.0, 172.5)	(96.0, 194.0)	(97.0, 186.0)	(98.0, 188.0)	(99.0, 117.0)	(100.0, 46.0)
SRR14016021_2	(0.0, 3208.0)	(1.0, 2346.5)	(2.0, 1485.0)	(3.0, 1756.5)	(4.0, 2028.0)	(5.0, 2465.0)	(6.0, 2902.0)	(7.0, 3339.5)	(8.0, 3777.0)	(9.0, 4501.5)	(10.0, 5233.0)	(11.0, 6707.0)	(12.0, 8178.5)	(13.0, 10681.0)	(14.0, 13297.0)	(15.0, 17713.5)	(16.0, 22185.0)	(17.0, 31865.0)	(18.0, 41770.0)	(19.0, 55554.0)	(20.0, 69567.5)	(21.0, 94439.5)	(22.0, 119681.5)	(23.0, 157586.5)	(24.0, 196354.0)	(25.0, 247233.0)	(26.0, 343481.5)	(27.0, 412716.0)	(28.0, 496002.0)	(29.0, 580272.0)	(30.0, 668174.0)	(31.0, 763280.5)	(32.0, 865527.5)	(33.0, 970276.5)	(34.0, 1087879.0)	(35.0, 1199259.5)	(36.0, 1299633.5)	(37.0, 1405058.0)	(38.0, 1512489.0)	(39.0, 1623456.0)	(40.0, 1783728.5)	(41.0, 1960552.5)	(42.0, 2214077.5)	(43.0, 2466878.5)	(44.0, 2510667.5)	(45.0, 2489495.5)	(46.0, 2527491.5)	(47.0, 2594601.5)	(48.0, 2673520.5)	(49.0, 2741563.0)	(50.0, 2761489.5)	(51.0, 2760999.5)	(52.0, 2726438.5)	(53.0, 2678809.5)	(54.0, 2601306.5)	(55.0, 2522549.0)	(56.0, 2596937.5)	(57.0, 2673458.5)	(58.0, 2411767.0)	(59.0, 2145871.0)	(60.0, 2072532.5)	(61.0, 2001621.0)	(62.0, 1770194.0)	(63.0, 1523090.5)	(64.0, 1366387.5)	(65.0, 1208391.0)	(66.0, 997821.5)	(67.0, 803588.0)	(68.0, 695863.0)	(69.0, 601929.0)	(70.0, 510700.0)	(71.0, 420275.5)	(72.0, 339491.5)	(73.0, 259862.0)	(74.0, 217178.5)	(75.0, 150284.0)	(76.0, 111553.5)	(77.0, 92157.5)	(78.0, 70737.5)	(79.0, 53997.0)	(80.0, 39165.5)	(81.0, 43182.5)	(82.0, 48804.5)	(83.0, 42214.0)	(84.0, 30568.5)	(85.0, 17518.0)	(86.0, 7413.0)	(87.0, 6188.0)	(88.0, 4972.0)	(89.0, 4805.0)	(90.0, 4654.5)	(91.0, 4611.0)	(92.0, 4576.0)	(93.0, 4619.0)	(94.0, 4657.0)	(95.0, 4783.0)	(96.0, 4907.0)	(97.0, 5356.5)	(98.0, 5814.0)	(99.0, 12028.5)	(100.0, 18243.0)
SRR14016022_1	(0.0, 19679.0)	(1.0, 9965.5)	(2.0, 252.0)	(3.0, 295.0)	(4.0, 338.0)	(5.0, 453.0)	(6.0, 568.0)	(7.0, 818.5)	(8.0, 1070.0)	(9.0, 1574.0)	(10.0, 2082.5)	(11.0, 3218.0)	(12.0, 4352.0)	(13.0, 7182.5)	(14.0, 10149.5)	(15.0, 14395.5)	(16.0, 18623.5)	(17.0, 27065.5)	(18.0, 35727.0)	(19.0, 52267.5)	(20.0, 69323.0)	(21.0, 102471.0)	(22.0, 135132.5)	(23.0, 165359.0)	(24.0, 196970.0)	(25.0, 255770.0)	(26.0, 360775.0)	(27.0, 429898.0)	(28.0, 512547.0)	(29.0, 597445.5)	(30.0, 698437.0)	(31.0, 807484.0)	(32.0, 935497.0)	(33.0, 1066507.5)	(34.0, 1209593.5)	(35.0, 1359733.0)	(36.0, 1487030.0)	(37.0, 1598878.0)	(38.0, 1726151.0)	(39.0, 1858506.0)	(40.0, 2029836.0)	(41.0, 2197215.0)	(42.0, 2294060.5)	(43.0, 2388183.5)	(44.0, 2487644.5)	(45.0, 2568518.5)	(46.0, 2616267.0)	(47.0, 2659018.0)	(48.0, 2706037.5)	(49.0, 2746028.0)	(50.0, 2756877.5)	(51.0, 2764281.5)	(52.0, 2755294.5)	(53.0, 2731121.5)	(54.0, 2692945.5)	(55.0, 2659594.5)	(56.0, 2524166.0)	(57.0, 2358178.0)	(58.0, 2194793.0)	(59.0, 2049657.0)	(60.0, 1892907.0)	(61.0, 1734488.0)	(62.0, 1587283.0)	(63.0, 1442661.5)	(64.0, 1253325.0)	(65.0, 1054801.0)	(66.0, 889129.5)	(67.0, 737023.0)	(68.0, 603044.5)	(69.0, 473455.5)	(70.0, 378549.0)	(71.0, 293261.5)	(72.0, 235557.5)	(73.0, 180749.0)	(74.0, 133005.0)	(75.0, 71999.0)	(76.0, 47966.5)	(77.0, 35107.0)	(78.0, 22808.5)	(79.0, 15858.5)	(80.0, 8947.0)	(81.0, 5857.0)	(82.0, 2825.5)	(83.0, 2030.0)	(84.0, 1250.0)	(85.0, 764.5)	(86.0, 310.0)	(87.0, 205.0)	(88.0, 103.0)	(89.0, 73.0)	(90.0, 47.5)	(91.0, 45.0)	(92.0, 44.5)	(93.0, 72.5)	(94.0, 101.0)	(95.0, 183.0)	(96.0, 263.5)	(97.0, 234.5)	(98.0, 207.0)	(99.0, 114.0)	(100.0, 21.0)
SRR14016022_2	(0.0, 3809.0)	(1.0, 3138.0)	(2.0, 2467.0)	(3.0, 2998.0)	(4.0, 3529.0)	(5.0, 4169.5)	(6.0, 4810.0)	(7.0, 5607.5)	(8.0, 6404.5)	(9.0, 7406.0)	(10.0, 8412.5)	(11.0, 9996.0)	(12.0, 11590.0)	(13.0, 14059.0)	(14.0, 16614.0)	(15.0, 20947.0)	(16.0, 25349.5)	(17.0, 35051.0)	(18.0, 44914.5)	(19.0, 57172.5)	(20.0, 69662.5)	(21.0, 93270.5)	(22.0, 117272.5)	(23.0, 154410.5)	(24.0, 192695.0)	(25.0, 246207.0)	(26.0, 349018.5)	(27.0, 422328.5)	(28.0, 511923.0)	(29.0, 605718.5)	(30.0, 703211.0)	(31.0, 810862.0)	(32.0, 927223.5)	(33.0, 1044188.5)	(34.0, 1184449.0)	(35.0, 1320880.0)	(36.0, 1431684.5)	(37.0, 1543003.0)	(38.0, 1657492.5)	(39.0, 1773830.0)	(40.0, 1930895.5)	(41.0, 2101735.5)	(42.0, 2238978.0)	(43.0, 2358529.0)	(44.0, 2437829.0)	(45.0, 2486349.5)	(46.0, 2535005.0)	(47.0, 2577403.5)	(48.0, 2598081.5)	(49.0, 2616982.5)	(50.0, 2648237.5)	(51.0, 2676058.5)	(52.0, 2667448.0)	(53.0, 2646605.5)	(54.0, 2597431.5)	(55.0, 2549036.5)	(56.0, 2451622.0)	(57.0, 2357861.5)	(58.0, 2271693.0)	(59.0, 2153742.0)	(60.0, 1995413.0)	(61.0, 1843827.0)	(62.0, 1685297.0)	(63.0, 1527489.5)	(64.0, 1351883.5)	(65.0, 1181901.0)	(66.0, 999172.0)	(67.0, 824643.5)	(68.0, 688203.5)	(69.0, 555123.0)	(70.0, 453541.5)	(71.0, 362808.0)	(72.0, 292749.0)	(73.0, 223774.0)	(74.0, 171201.5)	(75.0, 104280.0)	(76.0, 75315.5)	(77.0, 58426.5)	(78.0, 41960.5)	(79.0, 31674.5)	(80.0, 21679.0)	(81.0, 17433.5)	(82.0, 13234.5)	(83.0, 11512.0)	(84.0, 9780.5)	(85.0, 8849.5)	(86.0, 7973.5)	(87.0, 7806.5)	(88.0, 7683.5)	(89.0, 7860.5)	(90.0, 8034.5)	(91.0, 8300.5)	(92.0, 8570.0)	(93.0, 8857.5)	(94.0, 9145.0)	(95.0, 9561.0)	(96.0, 9975.5)	(97.0, 10635.0)	(98.0, 11297.0)	(99.0, 21291.5)	(100.0, 31286.0)
