Sample	0	1	2	3	4	5	6	7	8	9	10	11	12	13	14	15
SRR14016000_1	(1.0, 13.380911898028891)	(2.0, 5.670789109967436)	(3.0, 2.9597546255560747)	(4.0, 2.0493770824347237)	(5.0, 1.550490726433913)	(6.0, 1.1948736554697885)	(7.0, 0.9848910251600059)	(8.0, 0.8314970122554144)	(9.0, 0.7306395840699796)	('>10', 9.487059736664932)	('>50', 3.9005468568671353)	('>100', 10.262904577715934)	('>500', 5.624031747273098)	('>1k', 20.038640311892124)	('>5k', 11.27222025792339)	('>10k+', 10.061371792287002)
SRR14016000_2	(1.0, 14.871273666679224)	(2.0, 5.834502607717299)	(3.0, 3.1161646427856065)	(4.0, 2.0012792577217327)	(5.0, 1.4966767804731649)	(6.0, 1.125934097768941)	(7.0, 0.9371742853557038)	(8.0, 0.7711984540635968)	(9.0, 0.7179768439310223)	('>10', 8.482549936283773)	('>50', 3.2186450155022515)	('>100', 8.241820941738904)	('>500', 5.706886341785176)	('>1k', 25.57716911221151)	('>5k', 11.19927020537189)	('>10k+', 6.70147781061025)
SRR14016001_1	(1.0, 9.965280623393882)	(2.0, 5.3443784555090526)	(3.0, 2.996752124137826)	(4.0, 1.8700947111150032)	(5.0, 1.4117005458872005)	(6.0, 1.0649923933361851)	(7.0, 0.9108990926067394)	(8.0, 0.7778656397040645)	(9.0, 0.6692535627852886)	('>10', 8.991327822808977)	('>50', 3.5442693411617356)	('>100', 9.945855637037026)	('>500', 5.45496589698931)	('>1k', 21.094761949067813)	('>5k', 12.313498700786104)	('>10k+', 13.644103503673774)
SRR14016001_2	(1.0, 12.652415699292519)	(2.0, 5.5371010895718396)	(3.0, 3.1319124866538415)	(4.0, 1.9528891010001839)	(5.0, 1.3415603016017115)	(6.0, 1.0810086879760858)	(7.0, 0.8551211767572796)	(8.0, 0.7216284760832007)	(9.0, 0.5943381062178886)	('>10', 7.715925402227781)	('>50', 2.9660788084659404)	('>100', 7.290447553237557)	('>500', 5.752433893858348)	('>1k', 26.813898003785187)	('>5k', 12.534161007453498)	('>10k+', 9.059080205817219)
SRR14016002_1	(1.0, 8.089278588296645)	(2.0, 5.162876362551701)	(3.0, 2.9323638612340206)	(4.0, 1.7292986111902577)	(5.0, 1.1865646942685089)	(6.0, 0.8668746615513312)	(7.0, 0.6990671255430349)	(8.0, 0.5942401810394382)	(9.0, 0.48984805292836936)	('>10', 6.478582969362355)	('>50', 2.7960096815962476)	('>100', 8.807578734456792)	('>500', 5.834010042041061)	('>1k', 21.88886365819273)	('>5k', 12.328630751016885)	('>10k+', 20.115912024730633)
SRR14016002_2	(1.0, 10.535880201547425)	(2.0, 5.2330117280558195)	(3.0, 2.9231843191751663)	(4.0, 1.6789138505912768)	(5.0, 1.1205467347879094)	(6.0, 0.7985353355765454)	(7.0, 0.6159268206885332)	(8.0, 0.5201511804781329)	(9.0, 0.4038061391175022)	('>10', 5.298439575510894)	('>50', 2.122431113143907)	('>100', 6.643068337159928)	('>500', 5.852227149440691)	('>1k', 28.00461031444422)	('>5k', 15.06144162864661)	('>10k+', 13.18782557163544)
SRR14016003_1	(1.0, 16.498209229262287)	(2.0, 5.8846536887694505)	(3.0, 3.68592197703201)	(4.0, 2.616903437533267)	(5.0, 2.0738782415673223)	(6.0, 1.6638049901204106)	(7.0, 1.4422548471189596)	(8.0, 1.1828634203662916)	(9.0, 1.0945296059427)	('>10', 14.207416695378647)	('>50', 4.7635207547550555)	('>100', 10.171562178888747)	('>500', 4.8507866314855175)	('>1k', 14.9778955577387)	('>5k', 6.62175501120802)	('>10k+', 8.264043732832633)
SRR14016003_2	(1.0, 18.620977322512974)	(2.0, 6.552462515199088)	(3.0, 4.14089044959522)	(4.0, 2.8790867708757375)	(5.0, 2.1942634402432537)	(6.0, 1.7392143117362275)	(7.0, 1.4866843753498318)	(8.0, 1.2238660910785226)	(9.0, 1.057100209857293)	('>10', 12.940511231075513)	('>50', 3.9948189456924084)	('>100', 8.81083751633995)	('>500', 5.222513406803892)	('>1k', 16.756226339291977)	('>5k', 6.752898360370925)	('>10k+', 5.627648713977173)
SRR14016004_1	(1.0, 16.121821944905488)	(2.0, 5.885482176552311)	(3.0, 3.5757402367764897)	(4.0, 2.5818856250253353)	(5.0, 2.0738481511422204)	(6.0, 1.7192660112999656)	(7.0, 1.3496005777907396)	(8.0, 1.235401102362674)	(9.0, 1.0695518438352731)	('>10', 14.141418551089401)	('>50', 4.847858671514714)	('>100', 11.022110101708616)	('>500', 5.025245830253682)	('>1k', 14.21570940689471)	('>5k', 6.4998600934058075)	('>10k+', 8.635199675442665)
SRR14016004_2	(1.0, 18.69759647827513)	(2.0, 6.827461493928701)	(3.0, 4.107344232858204)	(4.0, 2.8449167705654967)	(5.0, 2.1517054941496006)	(6.0, 1.729652876938541)	(7.0, 1.3824382198045073)	(8.0, 1.1908087159907066)	(9.0, 0.9765584625684353)	('>10', 12.684501317598922)	('>50', 4.355586920929936)	('>100', 10.02672723387175)	('>500', 5.311235620307878)	('>1k', 15.790080810333192)	('>5k', 6.471896048376744)	('>10k+', 5.451489303502363)
SRR14016005_1	(1.0, 30.000356183680115)	(2.0, 7.824533285167745)	(3.0, 3.563030665358233)	(4.0, 2.2806380276400366)	(5.0, 1.5512006539813064)	(6.0, 1.2675765192951172)	(7.0, 1.0357180985643557)	(8.0, 0.835719015623386)	(9.0, 0.7654174818278084)	('>10', 12.383733291641418)	('>50', 6.2712165230252666)	('>100', 15.327793304028042)	('>500', 4.569780681062723)	('>1k', 5.416711957349773)	('>5k', 0.602718512056809)	('>10k+', 6.303855799697828)
SRR14016006_1	(1.0, 11.562832641899492)	(2.0, 10.919866159200108)	(3.0, 8.558756192571261)	(4.0, 5.699592701260029)	(5.0, 3.756537439404231)	(6.0, 2.7057035213959204)	(7.0, 2.0607831870754)	(8.0, 1.5774745834587336)	(9.0, 1.2767132363828062)	('>10', 13.914876373300153)	('>50', 4.5190481332579235)	('>100', 11.222391264532398)	('>500', 4.989585611763971)	('>1k', 10.752414773250761)	('>5k', 3.1625407135232404)	('>10k+', 3.3208834677235046)
SRR14016007_1	(1.0, 15.880667521547952)	(2.0, 10.175680410276563)	(3.0, 5.925161977929682)	(4.0, 3.5586729109010533)	(5.0, 2.333506793963691)	(6.0, 1.788071256195343)	(7.0, 1.437437901463001)	(8.0, 1.2039366699798542)	(9.0, 0.9722838603753192)	('>10', 12.840842260334803)	('>50', 5.321106861754256)	('>100', 13.701076127213751)	('>500', 6.583347713828635)	('>1k', 13.243845895038017)	('>5k', 3.168189960999903)	('>10k+', 1.8661718781980319)
SRR14016008_1	(1.0, 31.74747826607678)	(2.0, 12.333324223004562)	(3.0, 7.20541928176824)	(4.0, 4.833504043934865)	(5.0, 3.5503961473055012)	(6.0, 2.6949123798826453)	(7.0, 2.1996985736180075)	(8.0, 1.8147250582353676)	(9.0, 1.589621393171492)	('>10', 17.259989738248287)	('>50', 4.740125732303784)	('>100', 8.158835007787987)	('>500', 1.2512887055364033)	('>1k', 0.5400383976813591)	('>5k', 0.0)	('>10k+', 0.08064305144464912)
SRR14016008_2	(1.0, 33.35663960251687)	(2.0, 12.632897155575328)	(3.0, 7.43060143031972)	(4.0, 4.872123219425553)	(5.0, 3.549879470487591)	(6.0, 2.707687011111455)	(7.0, 2.178582411299223)	(8.0, 1.8348950439334992)	(9.0, 1.5324811690021058)	('>10', 16.347086083088307)	('>50', 5.009595582780438)	('>100', 7.154773483426205)	('>500', 0.9007774185059906)	('>1k', 0.39794268210714717)	('>5k', 0.0)	('>10k+', 0.09403823642074347)
SRR14016009_1	(1.0, 29.64319448928927)	(2.0, 14.35673470035351)	(3.0, 7.523490082894169)	(4.0, 4.795319205958359)	(5.0, 3.416664642075609)	(6.0, 2.598318050408309)	(7.0, 2.122215485946169)	(8.0, 1.8002417904889476)	(9.0, 1.4889260173498988)	('>10', 16.703908685856817)	('>50', 5.332100866884524)	('>100', 8.405606497283081)	('>500', 1.0522513736548325)	('>1k', 0.4694188400941125)	('>5k', 0.0)	('>10k+', 0.29160927146252963)
SRR14016009_2	(1.0, 29.74514325672863)	(2.0, 13.981708590214614)	(3.0, 7.6215740016829026)	(4.0, 4.744982508953906)	(5.0, 3.425113767080344)	(6.0, 2.735333286148854)	(7.0, 2.0466564267868694)	(8.0, 1.8048308094206666)	(9.0, 1.3894696311369736)	('>10', 17.41613107761577)	('>50', 5.905014114869641)	('>100', 7.624908723483763)	('>500', 1.0149157040690007)	('>1k', 0.46589627067005984)	('>5k', 0.0)	('>10k+', 0.0783218311379889)
SRR14016010_1	(1.0, 26.542043871438725)	(2.0, 14.430352530789744)	(3.0, 8.00512766735543)	(4.0, 5.116047908603094)	(5.0, 3.8096150405136116)	(6.0, 2.8787623886370035)	(7.0, 2.3131456519651366)	(8.0, 1.9121254758166166)	(9.0, 1.6304798366045001)	('>10', 17.623723815920435)	('>50', 4.965665629120534)	('>100', 8.429960610677757)	('>500', 1.5928775841016076)	('>1k', 0.7247682735486018)	('>5k', 0.025303714907377418)	('>10k+', 0.0)
SRR14016010_2	(1.0, 27.855295797863466)	(2.0, 14.650280965855389)	(3.0, 8.372101820562515)	(4.0, 5.334269224745598)	(5.0, 3.765979096896527)	(6.0, 2.801774203416157)	(7.0, 2.2792407219718385)	(8.0, 1.869814933544372)	(9.0, 1.586816742457962)	('>10', 17.195739967484165)	('>50', 5.151119655917932)	('>100', 7.595780036652064)	('>500', 0.9885839954595201)	('>1k', 0.515130559629846)	('>5k', 0.03807227754247754)	('>10k+', 0.0)
SRR14016011_1	(1.0, 29.30916576361795)	(2.0, 11.782645718275853)	(3.0, 6.862378648547132)	(4.0, 4.70206095040009)	(5.0, 3.645075215948585)	(6.0, 2.9251502429124128)	(7.0, 2.3208014617694896)	(8.0, 2.0692833796075836)	(9.0, 1.7498255713737243)	('>10', 18.446506110068203)	('>50', 5.034229290253883)	('>100', 8.66724092008575)	('>500', 1.6233037806138852)	('>1k', 0.7307945865600117)	('>5k', 0.0)	('>10k+', 0.13153835996531352)
SRR14016011_2	(1.0, 29.90503849023849)	(2.0, 12.06568848925247)	(3.0, 7.429336339243179)	(4.0, 5.037858801154997)	(5.0, 3.774584675569423)	(6.0, 3.029876269512205)	(7.0, 2.354251986221078)	(8.0, 1.9120202358171843)	(9.0, 1.6655699320447561)	('>10', 17.842438479234872)	('>50', 5.047669328410819)	('>100', 7.969935136109245)	('>500', 1.211014299849641)	('>1k', 0.6458331371367291)	('>5k', 0.0)	('>10k+', 0.10888440020483797)
SRR14016012_1	(1.0, 32.68788057574887)	(2.0, 12.76020828794892)	(3.0, 7.295323521509061)	(4.0, 4.91994137434477)	(5.0, 3.636547136982435)	(6.0, 2.8138921670465002)	(7.0, 2.243963331927041)	(8.0, 1.914755289274936)	(9.0, 1.6132317952736037)	('>10', 16.74083841072487)	('>50', 4.546142793226959)	('>100', 7.267552977384368)	('>500', 1.0618210057130533)	('>1k', 0.39558086943287185)	('>5k', 0.026838337291445684)	('>10k+', 0.07548212617020315)
SRR14016012_2	(1.0, 35.02070244747676)	(2.0, 13.186021873542309)	(3.0, 7.431189198937228)	(4.0, 5.001336038871891)	(5.0, 3.5779359718823116)	(6.0, 2.7159902382754164)	(7.0, 2.158002008924225)	(8.0, 1.7872481366956485)	(9.0, 1.5113960529703707)	('>10', 15.707420283650542)	('>50', 4.537277582974054)	('>100', 6.173073978319806)	('>500', 0.7942972437583083)	('>1k', 0.28198725612337777)	('>5k', 0.0)	('>10k+', 0.11612168759748902)
SRR14016013_1	(1.0, 26.321252869615307)	(2.0, 12.835199469570385)	(3.0, 7.2462916074208445)	(4.0, 4.967154226930045)	(5.0, 3.6718934129539145)	(6.0, 2.9101708460296973)	(7.0, 2.333468423779996)	(8.0, 1.9312230343676455)	(9.0, 1.676580450037254)	('>10', 18.811296717297353)	('>50', 5.242071376186385)	('>100', 9.31162402172148)	('>500', 1.6779094559444947)	('>1k', 0.7627243583791624)	('>5k', 0.0)	('>10k+', 0.3011397297660351)
SRR14016013_2	(1.0, 28.085966380698917)	(2.0, 12.852748322353602)	(3.0, 7.66820148586543)	(4.0, 5.038464211144599)	(5.0, 3.8382741668848155)	(6.0, 2.9286760388785766)	(7.0, 2.344627924552565)	(8.0, 1.8847430652413448)	(9.0, 1.6921361685913232)	('>10', 17.87130884393018)	('>50', 5.3862407794473075)	('>100', 8.394247005229932)	('>500', 1.1836732473231686)	('>1k', 0.6993554422719299)	('>5k', 0.0)	('>10k+', 0.1313369175861851)
SRR14016014_1	(1.0, 23.875485701938402)	(2.0, 14.699396354445016)	(3.0, 8.407267747219068)	(4.0, 5.280957158579055)	(5.0, 3.6765280737362667)	(6.0, 2.9042918520057257)	(7.0, 2.327137756679006)	(8.0, 1.8788025930543115)	(9.0, 1.53477160809333)	('>10', 17.798472021796854)	('>50', 5.419979543209021)	('>100', 9.366900279918761)	('>500', 1.5414995131400195)	('>1k', 0.6901209023245871)	('>5k', 0.05978432909723859)	('>10k+', 0.5386045647635742)
SRR14016014_2	(1.0, 26.061316563747116)	(2.0, 14.00037955963466)	(3.0, 8.345127242579887)	(4.0, 5.314499133172924)	(5.0, 3.626593633164411)	(6.0, 2.76967093065913)	(7.0, 2.208295787454879)	(8.0, 1.8400206706481423)	(9.0, 1.5109879555632806)	('>10', 17.83557824230753)	('>50', 5.867343391207685)	('>100', 8.575263470144085)	('>500', 1.2857017328895617)	('>1k', 0.6690428427008354)	('>5k', 0.0)	('>10k+', 0.09017884412582619)
SRR14016015_1	(1.0, 26.72303611261773)	(2.0, 14.097648569099471)	(3.0, 7.906365705438198)	(4.0, 5.020271955845668)	(5.0, 3.707333569858017)	(6.0, 2.778276431718971)	(7.0, 2.258206765123571)	(8.0, 1.947096666568442)	(9.0, 1.6166262607807895)	('>10', 17.48479007098501)	('>50', 5.281638831117238)	('>100', 8.899644110518407)	('>500', 1.3008784785390863)	('>1k', 0.6183235727611852)	('>5k', 0.07634152475927204)	('>10k+', 0.28352137426897445)
SRR14016015_2	(1.0, 31.1565971309841)	(2.0, 13.27327210348864)	(3.0, 7.644520919845359)	(4.0, 4.956576223900949)	(5.0, 3.5477235335090556)	(6.0, 2.61442232131047)	(7.0, 2.050257308483959)	(8.0, 1.7565972079121386)	(9.0, 1.5454834103580648)	('>10', 16.69311992251557)	('>50', 5.3981242779211005)	('>100', 7.601867524670905)	('>500', 0.9773248370626865)	('>1k', 0.5645817673815925)	('>5k', 0.0)	('>10k+', 0.21953151065551677)
SRR14016016_1	(1.0, 28.530239547806417)	(2.0, 12.731298875053747)	(3.0, 7.239011914019105)	(4.0, 4.698889143335232)	(5.0, 3.5777156555978205)	(6.0, 2.684372241585208)	(7.0, 2.071220147857233)	(8.0, 1.7644917442425383)	(9.0, 1.541044455827548)	('>10', 17.46637362466678)	('>50', 5.1480258969965105)	('>100', 9.955202751609193)	('>500', 1.8097746453816645)	('>1k', 0.6583390315840715)	('>5k', 0.0)	('>10k+', 0.12400032443681938)
SRR14016016_2	(1.0, 30.34474160790322)	(2.0, 12.904482038256035)	(3.0, 7.297770366466212)	(4.0, 4.785779049375329)	(5.0, 3.434483160784432)	(6.0, 2.6609406088342826)	(7.0, 2.155459398012101)	(8.0, 1.6872624741304438)	(9.0, 1.4193841461480388)	('>10', 16.68740046115708)	('>50', 5.598480137067011)	('>100', 9.171243998279346)	('>500', 1.2078639591674687)	('>1k', 0.5369646858611182)	('>5k', 0.0)	('>10k+', 0.10774390855794798)
SRR14016017_1	(1.0, 25.374467789208172)	(2.0, 10.04896553582223)	(3.0, 5.971946258972988)	(4.0, 4.259362848593874)	(5.0, 3.1635586489697816)	(6.0, 2.5974588765051965)	(7.0, 2.1676675557476877)	(8.0, 1.7631485252542485)	(9.0, 1.5135146655438638)	('>10', 18.975243384892025)	('>50', 6.150050136889164)	('>100', 10.981717955399965)	('>500', 3.178963579627646)	('>1k', 3.5458669228983317)	('>5k', 0.3080673156748835)	('>10k+', 0.0)
SRR14016017_2	(1.0, 30.152051910198814)	(2.0, 10.490812185398335)	(3.0, 6.1443163341469775)	(4.0, 4.294876933831229)	(5.0, 3.188767677943206)	(6.0, 2.4648003109321843)	(7.0, 1.9847989612148569)	(8.0, 1.6347023449032456)	(9.0, 1.4237751950604027)	('>10', 17.613779174641948)	('>50', 5.570965131992844)	('>100', 9.887356892009807)	('>500', 2.3651326669473764)	('>1k', 2.1751286034937496)	('>5k', 0.16260971448457726)	('>10k+', 0.44612596280044986)
SRR14016018_1	(1.0, 31.190501225429667)	(2.0, 11.412944602687551)	(3.0, 6.511387813834214)	(4.0, 4.335867528934966)	(5.0, 3.169152227008052)	(6.0, 2.512528907304247)	(7.0, 2.022408412804037)	(8.0, 1.7320389052335727)	(9.0, 1.4142935607104274)	('>10', 17.24715374127858)	('>50', 5.40317471604437)	('>100', 8.97661331138423)	('>500', 2.089494110473927)	('>1k', 1.9397894326217149)	('>5k', 0.042651504250306414)	('>10k+', 0.0)
SRR14016018_2	(1.0, 35.59448647689682)	(2.0, 11.904290506518475)	(3.0, 6.558533504109432)	(4.0, 4.182512434744498)	(5.0, 2.9564689269950724)	(6.0, 2.3385526843990303)	(7.0, 1.8342109345308084)	(8.0, 1.5249052416322393)	(9.0, 1.2556651354320036)	('>10', 16.07738979188843)	('>50', 5.201508497004273)	('>100', 7.6101809337276825)	('>500', 1.3967674039384086)	('>1k', 1.1999434108128828)	('>5k', 0.05288679798668447)	('>10k+', 0.3116973193832159)
SRR14016019_1	(1.0, 29.949584019794766)	(2.0, 11.192874044362771)	(3.0, 6.4850058791226575)	(4.0, 4.372354812213676)	(5.0, 3.137405362691487)	(6.0, 2.561327000615809)	(7.0, 2.08759967296791)	(8.0, 1.8229095850235508)	(9.0, 1.4822076265337247)	('>10', 17.718032472392647)	('>50', 5.677014686843658)	('>100', 9.156829719184834)	('>500', 2.212227835936806)	('>1k', 2.0708137872283134)	('>5k', 0.07381349508734929)	('>10k+', 0.0)
SRR14016019_2	(1.0, 32.56036314177334)	(2.0, 11.911187288993416)	(3.0, 6.789348117621994)	(4.0, 4.454021035502631)	(5.0, 3.252439308089473)	(6.0, 2.514349557125047)	(7.0, 1.9958459736162633)	(8.0, 1.7096601201857031)	(9.0, 1.3533694640416256)	('>10', 16.78749640890291)	('>50', 5.224674912676583)	('>100', 8.097515210318097)	('>500', 1.7644104791802266)	('>1k', 1.4438070827511107)	('>5k', 0.06660715757046884)	('>10k+', 0.07490474165111767)
SRR14016020_1	(1.0, 24.73943831585134)	(2.0, 9.39933417196972)	(3.0, 5.66546124699269)	(4.0, 4.104825400954181)	(5.0, 2.9821828583217385)	(6.0, 2.527841082437657)	(7.0, 2.0692074959674405)	(8.0, 1.7353505045187103)	(9.0, 1.4977872012992173)	('>10', 18.64670422712495)	('>50', 6.213802359096928)	('>100', 11.129023448908976)	('>500', 3.3730592210112817)	('>1k', 4.799049149730341)	('>5k', 0.8542215037285597)	('>10k+', 0.26271181208633637)
SRR14016020_2	(1.0, 26.695390834721344)	(2.0, 10.261020434084022)	(3.0, 6.0754977092605795)	(4.0, 4.186776704868273)	(5.0, 3.132904719067638)	(6.0, 2.418756677454806)	(7.0, 2.1097481595477827)	(8.0, 1.7044339718898325)	(9.0, 1.3935091828524824)	('>10', 17.739606337215495)	('>50', 5.875861445480866)	('>100', 10.46774131265512)	('>500', 3.3005219462566506)	('>1k', 4.2262263169588525)	('>5k', 0.22991429422660847)	('>10k+', 0.18208995345969836)
SRR14016021_1	(1.0, 24.237334616814003)	(2.0, 7.853865083994525)	(3.0, 4.4820624640551445)	(4.0, 3.1135036209462608)	(5.0, 2.4081625896603844)	(6.0, 1.9940178453915325)	(7.0, 1.6090965385887275)	(8.0, 1.3302685346858845)	(9.0, 1.204184359622385)	('>10', 14.68260281667467)	('>50', 4.729002178317061)	('>100', 9.290306265029677)	('>500', 3.6785246791985062)	('>1k', 8.54867218643452)	('>5k', 3.775173449743563)	('>10k+', 7.063222770843197)
SRR14016021_2	(1.0, 26.97612525310953)	(2.0, 8.523659324445749)	(3.0, 4.828639910400245)	(4.0, 3.3226836422739403)	(5.0, 2.416902553445423)	(6.0, 1.8958523081349872)	(7.0, 1.5191999955437492)	(8.0, 1.3432474783031012)	(9.0, 1.1471038459460294)	('>10', 13.291189754951654)	('>50', 4.179336686615549)	('>100', 8.377873362322045)	('>500', 3.7210714281106547)	('>1k', 10.321950225524642)	('>5k', 3.34112835762475)	('>10k+', 4.794035873247808)
SRR14016022_1	(1.0, 19.602888809683684)	(2.0, 8.124075275229364)	(3.0, 5.057865022195473)	(4.0, 3.7847404845107264)	(5.0, 2.992214970881058)	(6.0, 2.4657814680994137)	(7.0, 2.0648503068856607)	(8.0, 1.7198518143062285)	(9.0, 1.5576695037094492)	('>10', 20.359338399459347)	('>50', 6.951872518206259)	('>100', 13.283968134025484)	('>500', 4.196418723721446)	('>1k', 6.251850209248472)	('>5k', 1.078924290179459)	('>10k+', 0.5076900696585437)
SRR14016022_2	(1.0, 20.930846411614873)	(2.0, 8.734380905608168)	(3.0, 5.70480634252126)	(4.0, 4.101778473957785)	(5.0, 3.1335408892315195)	(6.0, 2.561196685677578)	(7.0, 2.184180048331743)	(8.0, 1.8024978349465874)	(9.0, 1.604891238406252)	('>10', 19.66518125309287)	('>50', 6.7576529355596575)	('>100', 12.556837934849426)	('>500', 3.9796074141856104)	('>1k', 5.38184184992088)	('>5k', 0.6221658057675673)	('>10k+', 0.27859397632836164)
