Sample	0	1	2	3	4	5	6	7	8	9	10	11	12	13	14	15	16	17	18	19	20	21	22	23	24	25	26	27	28	29	30	31	32	33	34	35
SRR14016000_1	(15.0, 1.0)	(16.0, 0.0)	(17.0, 4.0)	(18.0, 8.0)	(19.0, 35.0)	(20.0, 127.0)	(21.0, 404.0)	(22.0, 1305.0)	(23.0, 3687.0)	(24.0, 9067.0)	(25.0, 20871.0)	(26.0, 38748.0)	(27.0, 72696.0)	(28.0, 111838.0)	(29.0, 177938.0)	(30.0, 237216.0)	(31.0, 326785.0)	(32.0, 406512.0)	(33.0, 538773.0)	(34.0, 765125.0)	(35.0, 1852974.0)	(36.0, 13883761.0)	(37.0, 14133876.0)													
SRR14016000_2	(6.0, 1.0)	(7.0, 4.0)	(8.0, 10.0)	(9.0, 70.0)	(10.0, 177.0)	(11.0, 176.0)	(12.0, 950.0)	(13.0, 4476.0)	(14.0, 11071.0)	(15.0, 17604.0)	(16.0, 19056.0)	(17.0, 20768.0)	(18.0, 19283.0)	(19.0, 21159.0)	(20.0, 24130.0)	(21.0, 32234.0)	(22.0, 41730.0)	(23.0, 54328.0)	(24.0, 63971.0)	(25.0, 75152.0)	(26.0, 81802.0)	(27.0, 101291.0)	(28.0, 117134.0)	(29.0, 159754.0)	(30.0, 196657.0)	(31.0, 273600.0)	(32.0, 360416.0)	(33.0, 558058.0)	(34.0, 984805.0)	(35.0, 2857581.0)	(36.0, 14329576.0)	(37.0, 12154727.0)				
SRR14016001_1	(15.0, 1.0)	(16.0, 4.0)	(17.0, 4.0)	(18.0, 12.0)	(19.0, 45.0)	(20.0, 134.0)	(21.0, 497.0)	(22.0, 1366.0)	(23.0, 3879.0)	(24.0, 9291.0)	(25.0, 21092.0)	(26.0, 39727.0)	(27.0, 74533.0)	(28.0, 113355.0)	(29.0, 181183.0)	(30.0, 241552.0)	(31.0, 332631.0)	(32.0, 414990.0)	(33.0, 558682.0)	(34.0, 823938.0)	(35.0, 2022607.0)	(36.0, 14003060.0)	(37.0, 12609303.0)													
SRR14016001_2	(5.0, 1.0)	(6.0, 4.0)	(7.0, 5.0)	(8.0, 16.0)	(9.0, 60.0)	(10.0, 147.0)	(11.0, 210.0)	(12.0, 1353.0)	(13.0, 7733.0)	(14.0, 22053.0)	(15.0, 38374.0)	(16.0, 44373.0)	(17.0, 49355.0)	(18.0, 44190.0)	(19.0, 44659.0)	(20.0, 47182.0)	(21.0, 58664.0)	(22.0, 73739.0)	(23.0, 92568.0)	(24.0, 98612.0)	(25.0, 105324.0)	(26.0, 100098.0)	(27.0, 112067.0)	(28.0, 120016.0)	(29.0, 156439.0)	(30.0, 187061.0)	(31.0, 255995.0)	(32.0, 334092.0)	(33.0, 509989.0)	(34.0, 889436.0)	(35.0, 2547993.0)	(36.0, 13373211.0)	(37.0, 12136867.0)			
SRR14016002_1	(16.0, 1.0)	(17.0, 5.0)	(18.0, 15.0)	(19.0, 53.0)	(20.0, 138.0)	(21.0, 440.0)	(22.0, 1261.0)	(23.0, 3715.0)	(24.0, 8411.0)	(25.0, 19297.0)	(26.0, 36255.0)	(27.0, 68899.0)	(28.0, 104690.0)	(29.0, 168014.0)	(30.0, 223216.0)	(31.0, 308665.0)	(32.0, 384511.0)	(33.0, 513012.0)	(34.0, 745177.0)	(35.0, 1799001.0)	(36.0, 12956002.0)	(37.0, 12413513.0)														
SRR14016002_2	(5.0, 1.0)	(6.0, 3.0)	(7.0, 5.0)	(8.0, 14.0)	(9.0, 55.0)	(10.0, 160.0)	(11.0, 201.0)	(12.0, 1191.0)	(13.0, 7719.0)	(14.0, 21646.0)	(15.0, 36051.0)	(16.0, 40360.0)	(17.0, 41971.0)	(18.0, 37309.0)	(19.0, 38009.0)	(20.0, 42163.0)	(21.0, 53951.0)	(22.0, 67852.0)	(23.0, 83890.0)	(24.0, 89092.0)	(25.0, 93089.0)	(26.0, 89311.0)	(27.0, 101320.0)	(28.0, 108777.0)	(29.0, 141834.0)	(30.0, 169106.0)	(31.0, 233765.0)	(32.0, 311501.0)	(33.0, 487043.0)	(34.0, 870412.0)	(35.0, 2555221.0)	(36.0, 12898263.0)	(37.0, 11133006.0)			
SRR14016003_1	(15.0, 2.0)	(16.0, 1.0)	(17.0, 3.0)	(18.0, 12.0)	(19.0, 51.0)	(20.0, 139.0)	(21.0, 528.0)	(22.0, 1551.0)	(23.0, 4611.0)	(24.0, 11508.0)	(25.0, 27396.0)	(26.0, 52555.0)	(27.0, 100826.0)	(28.0, 155615.0)	(29.0, 250250.0)	(30.0, 333965.0)	(31.0, 462592.0)	(32.0, 577865.0)	(33.0, 766821.0)	(34.0, 1093131.0)	(35.0, 2624012.0)	(36.0, 19605115.0)	(37.0, 20762502.0)													
SRR14016003_2	(4.0, 1.0)	(5.0, 0.0)	(6.0, 3.0)	(7.0, 2.0)	(8.0, 21.0)	(9.0, 95.0)	(10.0, 209.0)	(11.0, 196.0)	(12.0, 613.0)	(13.0, 2511.0)	(14.0, 6686.0)	(15.0, 11879.0)	(16.0, 13755.0)	(17.0, 15590.0)	(18.0, 14855.0)	(19.0, 16905.0)	(20.0, 20990.0)	(21.0, 30110.0)	(22.0, 43101.0)	(23.0, 60508.0)	(24.0, 75884.0)	(25.0, 98425.0)	(26.0, 114431.0)	(27.0, 149394.0)	(28.0, 175585.0)	(29.0, 241376.0)	(30.0, 296545.0)	(31.0, 410017.0)	(32.0, 543323.0)	(33.0, 838490.0)	(34.0, 1498339.0)	(35.0, 4417585.0)	(36.0, 21126365.0)	(37.0, 16607262.0)		
SRR14016004_1	(17.0, 2.0)	(18.0, 9.0)	(19.0, 41.0)	(20.0, 150.0)	(21.0, 523.0)	(22.0, 1563.0)	(23.0, 4751.0)	(24.0, 11515.0)	(25.0, 26983.0)	(26.0, 50683.0)	(27.0, 98146.0)	(28.0, 150811.0)	(29.0, 243545.0)	(30.0, 328805.0)	(31.0, 459352.0)	(32.0, 577341.0)	(33.0, 770925.0)	(34.0, 1099728.0)	(35.0, 2616849.0)	(36.0, 19678203.0)	(37.0, 21642126.0)															
SRR14016004_2	(6.0, 1.0)	(7.0, 2.0)	(8.0, 12.0)	(9.0, 103.0)	(10.0, 240.0)	(11.0, 205.0)	(12.0, 708.0)	(13.0, 2727.0)	(14.0, 6994.0)	(15.0, 11644.0)	(16.0, 13580.0)	(17.0, 15115.0)	(18.0, 14436.0)	(19.0, 16658.0)	(20.0, 20767.0)	(21.0, 29352.0)	(22.0, 41522.0)	(23.0, 57500.0)	(24.0, 71013.0)	(25.0, 89881.0)	(26.0, 102948.0)	(27.0, 133468.0)	(28.0, 158839.0)	(29.0, 218619.0)	(30.0, 271665.0)	(31.0, 379572.0)	(32.0, 502910.0)	(33.0, 773281.0)	(34.0, 1363461.0)	(35.0, 4003892.0)	(36.0, 21158248.0)	(37.0, 18302688.0)				
SRR14016005_1	(2.0, 3115.0)	(3.0, 0.0)	(4.0, 0.0)	(5.0, 0.0)	(6.0, 0.0)	(7.0, 0.0)	(8.0, 0.0)	(9.0, 1.0)	(10.0, 0.0)	(11.0, 3.0)	(12.0, 2.0)	(13.0, 2.0)	(14.0, 4.0)	(15.0, 13.0)	(16.0, 116.0)	(17.0, 496.0)	(18.0, 1150.0)	(19.0, 2294.0)	(20.0, 3821.0)	(21.0, 5940.0)	(22.0, 9175.0)	(23.0, 13481.0)	(24.0, 18883.0)	(25.0, 26579.0)	(26.0, 37908.0)	(27.0, 53349.0)	(28.0, 74860.0)	(29.0, 102842.0)	(30.0, 142399.0)	(31.0, 203345.0)	(32.0, 314593.0)	(33.0, 533187.0)	(34.0, 898722.0)	(35.0, 4352856.0)		
SRR14016006_1	(2.0, 5244.0)	(3.0, 0.0)	(4.0, 0.0)	(5.0, 0.0)	(6.0, 1.0)	(7.0, 8.0)	(8.0, 0.0)	(9.0, 2.0)	(10.0, 3.0)	(11.0, 10.0)	(12.0, 11.0)	(13.0, 19.0)	(14.0, 52.0)	(15.0, 55.0)	(16.0, 267.0)	(17.0, 1172.0)	(18.0, 3375.0)	(19.0, 7497.0)	(20.0, 12346.0)	(21.0, 18993.0)	(22.0, 28077.0)	(23.0, 38912.0)	(24.0, 55812.0)	(25.0, 82373.0)	(26.0, 123244.0)	(27.0, 183095.0)	(28.0, 264439.0)	(29.0, 371670.0)	(30.0, 523744.0)	(31.0, 761086.0)	(32.0, 1187237.0)	(33.0, 2020010.0)	(34.0, 3729275.0)	(35.0, 22643846.0)		
SRR14016007_1	(2.0, 6017.0)	(3.0, 0.0)	(4.0, 0.0)	(5.0, 0.0)	(6.0, 0.0)	(7.0, 7.0)	(8.0, 1.0)	(9.0, 0.0)	(10.0, 3.0)	(11.0, 3.0)	(12.0, 4.0)	(13.0, 14.0)	(14.0, 23.0)	(15.0, 28.0)	(16.0, 315.0)	(17.0, 897.0)	(18.0, 2413.0)	(19.0, 4823.0)	(20.0, 7544.0)	(21.0, 11386.0)	(22.0, 17002.0)	(23.0, 23452.0)	(24.0, 32707.0)	(25.0, 49519.0)	(26.0, 74905.0)	(27.0, 114138.0)	(28.0, 167632.0)	(29.0, 242184.0)	(30.0, 351142.0)	(31.0, 551293.0)	(32.0, 783437.0)	(33.0, 1267615.0)	(34.0, 2427935.0)	(35.0, 14876108.0)		
SRR14016008_1	(17.0, 5.0)	(18.0, 10.0)	(19.0, 28.0)	(20.0, 140.0)	(21.0, 506.0)	(22.0, 1510.0)	(23.0, 4120.0)	(24.0, 9740.0)	(25.0, 21577.0)	(26.0, 39806.0)	(27.0, 75520.0)	(28.0, 114386.0)	(29.0, 185038.0)	(30.0, 246555.0)	(31.0, 341518.0)	(32.0, 422908.0)	(33.0, 550607.0)	(34.0, 744593.0)	(35.0, 1517370.0)	(36.0, 10336863.0)	(37.0, 13638159.0)															
SRR14016008_2	(11.0, 31.0)	(12.0, 724.0)	(13.0, 5354.0)	(14.0, 16758.0)	(15.0, 31366.0)	(16.0, 37323.0)	(17.0, 42528.0)	(18.0, 39524.0)	(19.0, 41884.0)	(20.0, 46772.0)	(21.0, 58519.0)	(22.0, 70842.0)	(23.0, 84777.0)	(24.0, 90518.0)	(25.0, 99785.0)	(26.0, 102015.0)	(27.0, 121702.0)	(28.0, 134751.0)	(29.0, 178602.0)	(30.0, 214595.0)	(31.0, 291478.0)	(32.0, 379056.0)	(33.0, 559059.0)	(34.0, 923426.0)	(35.0, 2486116.0)	(36.0, 12522304.0)	(37.0, 9671150.0)									
SRR14016009_1	(17.0, 3.0)	(18.0, 4.0)	(19.0, 23.0)	(20.0, 63.0)	(21.0, 312.0)	(22.0, 1001.0)	(23.0, 2804.0)	(24.0, 6536.0)	(25.0, 15267.0)	(26.0, 28601.0)	(27.0, 54932.0)	(28.0, 84175.0)	(29.0, 135835.0)	(30.0, 181958.0)	(31.0, 250726.0)	(32.0, 309381.0)	(33.0, 404748.0)	(34.0, 547946.0)	(35.0, 1122274.0)	(36.0, 7562375.0)	(37.0, 10159517.0)															
SRR14016009_2	(11.0, 17.0)	(12.0, 434.0)	(13.0, 3603.0)	(14.0, 11208.0)	(15.0, 19602.0)	(16.0, 23491.0)	(17.0, 27781.0)	(18.0, 27457.0)	(19.0, 29589.0)	(20.0, 30946.0)	(21.0, 36546.0)	(22.0, 41747.0)	(23.0, 48512.0)	(24.0, 50851.0)	(25.0, 55921.0)	(26.0, 57734.0)	(27.0, 69338.0)	(28.0, 78265.0)	(29.0, 105053.0)	(30.0, 129410.0)	(31.0, 180397.0)	(32.0, 238331.0)	(33.0, 357309.0)	(34.0, 592576.0)	(35.0, 1609898.0)	(36.0, 8991078.0)	(37.0, 8051387.0)									
SRR14016010_1	(15.0, 1.0)	(16.0, 0.0)	(17.0, 1.0)	(18.0, 6.0)	(19.0, 13.0)	(20.0, 60.0)	(21.0, 214.0)	(22.0, 814.0)	(23.0, 2474.0)	(24.0, 6353.0)	(25.0, 14440.0)	(26.0, 27314.0)	(27.0, 53719.0)	(28.0, 84169.0)	(29.0, 137383.0)	(30.0, 185559.0)	(31.0, 261219.0)	(32.0, 325984.0)	(33.0, 425799.0)	(34.0, 576634.0)	(35.0, 1171148.0)	(36.0, 8057730.0)	(37.0, 10614039.0)													
SRR14016010_2	(11.0, 15.0)	(12.0, 155.0)	(13.0, 1323.0)	(14.0, 4703.0)	(15.0, 9723.0)	(16.0, 12404.0)	(17.0, 14811.0)	(18.0, 13976.0)	(19.0, 14285.0)	(20.0, 15980.0)	(21.0, 20685.0)	(22.0, 27171.0)	(23.0, 35421.0)	(24.0, 42091.0)	(25.0, 50243.0)	(26.0, 55528.0)	(27.0, 71477.0)	(28.0, 82744.0)	(29.0, 112808.0)	(30.0, 139934.0)	(31.0, 197024.0)	(32.0, 262625.0)	(33.0, 393429.0)	(34.0, 651827.0)	(35.0, 1751099.0)	(36.0, 9661878.0)	(37.0, 8301714.0)									
SRR14016011_1	(16.0, 1.0)	(17.0, 2.0)	(18.0, 9.0)	(19.0, 63.0)	(20.0, 169.0)	(21.0, 597.0)	(22.0, 1766.0)	(23.0, 5108.0)	(24.0, 11936.0)	(25.0, 27317.0)	(26.0, 49577.0)	(27.0, 94650.0)	(28.0, 144985.0)	(29.0, 235259.0)	(30.0, 312498.0)	(31.0, 434023.0)	(32.0, 537224.0)	(33.0, 701900.0)	(34.0, 952235.0)	(35.0, 1942209.0)	(36.0, 13365665.0)	(37.0, 17966373.0)														
SRR14016011_2	(11.0, 31.0)	(12.0, 710.0)	(13.0, 5862.0)	(14.0, 18425.0)	(15.0, 34044.0)	(16.0, 41164.0)	(17.0, 47639.0)	(18.0, 45477.0)	(19.0, 48906.0)	(20.0, 54608.0)	(21.0, 68360.0)	(22.0, 82370.0)	(23.0, 98073.0)	(24.0, 105954.0)	(25.0, 117928.0)	(26.0, 121748.0)	(27.0, 146920.0)	(28.0, 164555.0)	(29.0, 218052.0)	(30.0, 264183.0)	(31.0, 362124.0)	(32.0, 471497.0)	(33.0, 697169.0)	(34.0, 1153276.0)	(35.0, 3121903.0)	(36.0, 16142995.0)	(37.0, 13149593.0)									
SRR14016012_1	(16.0, 3.0)	(17.0, 2.0)	(18.0, 11.0)	(19.0, 42.0)	(20.0, 138.0)	(21.0, 500.0)	(22.0, 1325.0)	(23.0, 3658.0)	(24.0, 8560.0)	(25.0, 19477.0)	(26.0, 36587.0)	(27.0, 70601.0)	(28.0, 110202.0)	(29.0, 179987.0)	(30.0, 242003.0)	(31.0, 336120.0)	(32.0, 417022.0)	(33.0, 543919.0)	(34.0, 733159.0)	(35.0, 1486617.0)	(36.0, 10111155.0)	(37.0, 13354964.0)														
SRR14016012_2	(11.0, 26.0)	(12.0, 619.0)	(13.0, 5311.0)	(14.0, 18036.0)	(15.0, 35500.0)	(16.0, 44380.0)	(17.0, 52124.0)	(18.0, 49566.0)	(19.0, 51192.0)	(20.0, 55188.0)	(21.0, 67107.0)	(22.0, 79116.0)	(23.0, 92254.0)	(24.0, 96625.0)	(25.0, 104198.0)	(26.0, 103831.0)	(27.0, 121643.0)	(28.0, 133058.0)	(29.0, 174404.0)	(30.0, 208779.0)	(31.0, 281341.0)	(32.0, 363510.0)	(33.0, 529992.0)	(34.0, 864340.0)	(35.0, 2316588.0)	(36.0, 12058373.0)	(37.0, 9748951.0)									
SRR14016013_1	(16.0, 1.0)	(17.0, 7.0)	(18.0, 14.0)	(19.0, 49.0)	(20.0, 174.0)	(21.0, 608.0)	(22.0, 2045.0)	(23.0, 5509.0)	(24.0, 12551.0)	(25.0, 27982.0)	(26.0, 50763.0)	(27.0, 94952.0)	(28.0, 143810.0)	(29.0, 229969.0)	(30.0, 305393.0)	(31.0, 421831.0)	(32.0, 519355.0)	(33.0, 672821.0)	(34.0, 908985.0)	(35.0, 1817445.0)	(36.0, 12564275.0)	(37.0, 17529822.0)														
SRR14016013_2	(11.0, 41.0)	(12.0, 882.0)	(13.0, 7115.0)	(14.0, 21854.0)	(15.0, 39851.0)	(16.0, 48388.0)	(17.0, 57229.0)	(18.0, 54700.0)	(19.0, 58756.0)	(20.0, 64946.0)	(21.0, 80294.0)	(22.0, 95099.0)	(23.0, 112091.0)	(24.0, 116457.0)	(25.0, 125299.0)	(26.0, 123709.0)	(27.0, 143425.0)	(28.0, 156050.0)	(29.0, 204225.0)	(30.0, 245160.0)	(31.0, 333417.0)	(32.0, 435397.0)	(33.0, 651083.0)	(34.0, 1086896.0)	(35.0, 3027653.0)	(36.0, 15685381.0)	(37.0, 12332963.0)									
SRR14016014_1	(16.0, 2.0)	(17.0, 5.0)	(18.0, 13.0)	(19.0, 41.0)	(20.0, 121.0)	(21.0, 392.0)	(22.0, 1250.0)	(23.0, 3400.0)	(24.0, 8001.0)	(25.0, 18467.0)	(26.0, 34477.0)	(27.0, 66000.0)	(28.0, 101133.0)	(29.0, 163541.0)	(30.0, 217895.0)	(31.0, 301102.0)	(32.0, 373110.0)	(33.0, 507228.0)	(34.0, 742870.0)	(35.0, 1313825.0)	(36.0, 8629595.0)	(37.0, 11457455.0)														
SRR14016014_2	(11.0, 33.0)	(12.0, 576.0)	(13.0, 5666.0)	(14.0, 21149.0)	(15.0, 40886.0)	(16.0, 48546.0)	(17.0, 58833.0)	(18.0, 57634.0)	(19.0, 56576.0)	(20.0, 55567.0)	(21.0, 59918.0)	(22.0, 66940.0)	(23.0, 76042.0)	(24.0, 77327.0)	(25.0, 81863.0)	(26.0, 81220.0)	(27.0, 95495.0)	(28.0, 104691.0)	(29.0, 138082.0)	(30.0, 166836.0)	(31.0, 228344.0)	(32.0, 298019.0)	(33.0, 438998.0)	(34.0, 711346.0)	(35.0, 1873595.0)	(36.0, 10247454.0)	(37.0, 8848287.0)									
SRR14016015_1	(16.0, 3.0)	(17.0, 2.0)	(18.0, 9.0)	(19.0, 45.0)	(20.0, 144.0)	(21.0, 515.0)	(22.0, 1474.0)	(23.0, 4072.0)	(24.0, 9344.0)	(25.0, 20778.0)	(26.0, 38459.0)	(27.0, 72465.0)	(28.0, 110758.0)	(29.0, 179341.0)	(30.0, 238638.0)	(31.0, 329425.0)	(32.0, 408030.0)	(33.0, 541602.0)	(34.0, 782123.0)	(35.0, 1418799.0)	(36.0, 9631370.0)	(37.0, 13531097.0)														
SRR14016015_2	(10.0, 1.0)	(11.0, 44.0)	(12.0, 982.0)	(13.0, 6120.0)	(14.0, 17416.0)	(15.0, 29686.0)	(16.0, 35343.0)	(17.0, 42374.0)	(18.0, 44537.0)	(19.0, 51425.0)	(20.0, 60335.0)	(21.0, 76013.0)	(22.0, 92911.0)	(23.0, 113931.0)	(24.0, 127153.0)	(25.0, 148234.0)	(26.0, 158109.0)	(27.0, 191648.0)	(28.0, 209916.0)	(29.0, 270688.0)	(30.0, 314665.0)	(31.0, 417443.0)	(32.0, 536764.0)	(33.0, 821389.0)	(34.0, 1464066.0)	(35.0, 3927614.0)	(36.0, 12352958.0)	(37.0, 5806728.0)								
SRR14016016_1	(17.0, 2.0)	(18.0, 5.0)	(19.0, 44.0)	(20.0, 131.0)	(21.0, 478.0)	(22.0, 1385.0)	(23.0, 3985.0)	(24.0, 9187.0)	(25.0, 20787.0)	(26.0, 38974.0)	(27.0, 76097.0)	(28.0, 117895.0)	(29.0, 191774.0)	(30.0, 257131.0)	(31.0, 357980.0)	(32.0, 442620.0)	(33.0, 576674.0)	(34.0, 782409.0)	(35.0, 1590867.0)	(36.0, 10699268.0)	(37.0, 13707147.0)															
SRR14016016_2	(11.0, 18.0)	(12.0, 668.0)	(13.0, 5096.0)	(14.0, 16569.0)	(15.0, 33313.0)	(16.0, 41278.0)	(17.0, 48095.0)	(18.0, 45117.0)	(19.0, 48697.0)	(20.0, 53687.0)	(21.0, 65135.0)	(22.0, 76991.0)	(23.0, 88424.0)	(24.0, 92498.0)	(25.0, 100348.0)	(26.0, 101944.0)	(27.0, 121841.0)	(28.0, 134822.0)	(29.0, 178588.0)	(30.0, 216044.0)	(31.0, 295335.0)	(32.0, 385311.0)	(33.0, 568955.0)	(34.0, 931643.0)	(35.0, 2464645.0)	(36.0, 12678721.0)	(37.0, 10081057.0)									
SRR14016017_1	(2.0, 7214.0)	(3.0, 0.0)	(4.0, 0.0)	(5.0, 0.0)	(6.0, 0.0)	(7.0, 0.0)	(8.0, 0.0)	(9.0, 0.0)	(10.0, 0.0)	(11.0, 0.0)	(12.0, 0.0)	(13.0, 0.0)	(14.0, 0.0)	(15.0, 0.0)	(16.0, 3.0)	(17.0, 5.0)	(18.0, 12.0)	(19.0, 64.0)	(20.0, 151.0)	(21.0, 363.0)	(22.0, 996.0)	(23.0, 2392.0)	(24.0, 5117.0)	(25.0, 10936.0)	(26.0, 20592.0)	(27.0, 39564.0)	(28.0, 63211.0)	(29.0, 101709.0)	(30.0, 138168.0)	(31.0, 189731.0)	(32.0, 236943.0)	(33.0, 308821.0)	(34.0, 430798.0)	(35.0, 988119.0)	(36.0, 8540135.0)	(37.0, 10814119.0)
SRR14016017_2	(2.0, 539.0)	(3.0, 0.0)	(4.0, 0.0)	(5.0, 0.0)	(6.0, 0.0)	(7.0, 0.0)	(8.0, 0.0)	(9.0, 0.0)	(10.0, 0.0)	(11.0, 159.0)	(12.0, 1920.0)	(13.0, 12179.0)	(14.0, 36678.0)	(15.0, 69281.0)	(16.0, 88437.0)	(17.0, 93606.0)	(18.0, 83172.0)	(19.0, 79117.0)	(20.0, 81525.0)	(21.0, 93373.0)	(22.0, 106120.0)	(23.0, 113638.0)	(24.0, 107617.0)	(25.0, 101110.0)	(26.0, 92377.0)	(27.0, 94154.0)	(28.0, 97146.0)	(29.0, 114999.0)	(30.0, 131589.0)	(31.0, 168355.0)	(32.0, 217187.0)	(33.0, 323565.0)	(34.0, 592935.0)	(35.0, 1921570.0)	(36.0, 10165083.0)	(37.0, 6911732.0)
SRR14016018_1	(2.0, 3377.0)	(3.0, 0.0)	(4.0, 0.0)	(5.0, 0.0)	(6.0, 0.0)	(7.0, 0.0)	(8.0, 0.0)	(9.0, 0.0)	(10.0, 0.0)	(11.0, 0.0)	(12.0, 0.0)	(13.0, 0.0)	(14.0, 0.0)	(15.0, 0.0)	(16.0, 0.0)	(17.0, 1.0)	(18.0, 6.0)	(19.0, 20.0)	(20.0, 46.0)	(21.0, 169.0)	(22.0, 450.0)	(23.0, 1112.0)	(24.0, 2424.0)	(25.0, 5283.0)	(26.0, 9950.0)	(27.0, 19604.0)	(28.0, 31785.0)	(29.0, 51560.0)	(30.0, 70865.0)	(31.0, 98634.0)	(32.0, 124233.0)	(33.0, 164528.0)	(34.0, 230783.0)	(35.0, 538320.0)	(36.0, 4854096.0)	(37.0, 6411358.0)
SRR14016018_2	(2.0, 356.0)	(3.0, 0.0)	(4.0, 0.0)	(5.0, 0.0)	(6.0, 0.0)	(7.0, 0.0)	(8.0, 0.0)	(9.0, 0.0)	(10.0, 0.0)	(11.0, 51.0)	(12.0, 900.0)	(13.0, 5472.0)	(14.0, 15001.0)	(15.0, 26931.0)	(16.0, 33278.0)	(17.0, 35343.0)	(18.0, 31200.0)	(19.0, 30667.0)	(20.0, 31641.0)	(21.0, 36586.0)	(22.0, 41416.0)	(23.0, 45402.0)	(24.0, 44678.0)	(25.0, 43932.0)	(26.0, 42546.0)	(27.0, 46435.0)	(28.0, 49487.0)	(29.0, 61344.0)	(30.0, 71700.0)	(31.0, 94047.0)	(32.0, 123067.0)	(33.0, 190981.0)	(34.0, 359851.0)	(35.0, 1191125.0)	(36.0, 6004711.0)	(37.0, 3960456.0)
SRR14016019_1	(2.0, 2694.0)	(3.0, 0.0)	(4.0, 0.0)	(5.0, 0.0)	(6.0, 0.0)	(7.0, 0.0)	(8.0, 0.0)	(9.0, 0.0)	(10.0, 0.0)	(11.0, 0.0)	(12.0, 0.0)	(13.0, 0.0)	(14.0, 0.0)	(15.0, 1.0)	(16.0, 0.0)	(17.0, 2.0)	(18.0, 7.0)	(19.0, 32.0)	(20.0, 48.0)	(21.0, 147.0)	(22.0, 392.0)	(23.0, 1106.0)	(24.0, 2602.0)	(25.0, 5916.0)	(26.0, 12105.0)	(27.0, 23677.0)	(28.0, 37886.0)	(29.0, 61957.0)	(30.0, 84234.0)	(31.0, 117250.0)	(32.0, 148614.0)	(33.0, 196769.0)	(34.0, 277333.0)	(35.0, 659505.0)	(36.0, 5868227.0)	(37.0, 7450646.0)
SRR14016019_2	(2.0, 330.0)	(3.0, 0.0)	(4.0, 0.0)	(5.0, 0.0)	(6.0, 0.0)	(7.0, 0.0)	(8.0, 0.0)	(9.0, 0.0)	(10.0, 0.0)	(11.0, 24.0)	(12.0, 289.0)	(13.0, 1814.0)	(14.0, 5494.0)	(15.0, 10614.0)	(16.0, 14372.0)	(17.0, 15098.0)	(18.0, 13434.0)	(19.0, 13032.0)	(20.0, 13634.0)	(21.0, 16635.0)	(22.0, 20411.0)	(23.0, 23830.0)	(24.0, 25449.0)	(25.0, 27213.0)	(26.0, 28500.0)	(27.0, 33070.0)	(28.0, 38042.0)	(29.0, 49038.0)	(30.0, 60040.0)	(31.0, 82418.0)	(32.0, 110928.0)	(33.0, 170535.0)	(34.0, 314049.0)	(35.0, 1058519.0)	(36.0, 6909968.0)	(37.0, 5894370.0)
SRR14016020_1	(2.0, 2351.0)	(3.0, 0.0)	(4.0, 0.0)	(5.0, 0.0)	(6.0, 0.0)	(7.0, 0.0)	(8.0, 0.0)	(9.0, 0.0)	(10.0, 0.0)	(11.0, 0.0)	(12.0, 0.0)	(13.0, 0.0)	(14.0, 0.0)	(15.0, 0.0)	(16.0, 0.0)	(17.0, 0.0)	(18.0, 6.0)	(19.0, 27.0)	(20.0, 66.0)	(21.0, 212.0)	(22.0, 624.0)	(23.0, 1731.0)	(24.0, 4128.0)	(25.0, 9486.0)	(26.0, 18556.0)	(27.0, 34895.0)	(28.0, 55611.0)	(29.0, 89680.0)	(30.0, 121623.0)	(31.0, 168407.0)	(32.0, 212671.0)	(33.0, 282493.0)	(34.0, 397935.0)	(35.0, 938672.0)	(36.0, 8417767.0)	(37.0, 10902338.0)
SRR14016020_2	(2.0, 841.0)	(3.0, 0.0)	(4.0, 0.0)	(5.0, 0.0)	(6.0, 0.0)	(7.0, 0.0)	(8.0, 0.0)	(9.0, 0.0)	(10.0, 0.0)	(11.0, 18.0)	(12.0, 335.0)	(13.0, 2013.0)	(14.0, 5730.0)	(15.0, 10690.0)	(16.0, 13511.0)	(17.0, 14131.0)	(18.0, 12469.0)	(19.0, 12478.0)	(20.0, 13966.0)	(21.0, 17654.0)	(22.0, 23138.0)	(23.0, 29328.0)	(24.0, 34329.0)	(25.0, 40034.0)	(26.0, 45268.0)	(27.0, 57105.0)	(28.0, 67641.0)	(29.0, 88857.0)	(30.0, 110041.0)	(31.0, 148586.0)	(32.0, 201119.0)	(33.0, 315380.0)	(34.0, 602573.0)	(35.0, 2037101.0)	(36.0, 10625378.0)	(37.0, 7129565.0)
SRR14016021_1	(2.0, 2879.0)	(3.0, 0.0)	(4.0, 0.0)	(5.0, 0.0)	(6.0, 0.0)	(7.0, 0.0)	(8.0, 0.0)	(9.0, 0.0)	(10.0, 0.0)	(11.0, 0.0)	(12.0, 0.0)	(13.0, 0.0)	(14.0, 0.0)	(15.0, 0.0)	(16.0, 2.0)	(17.0, 7.0)	(18.0, 22.0)	(19.0, 44.0)	(20.0, 119.0)	(21.0, 320.0)	(22.0, 1019.0)	(23.0, 2730.0)	(24.0, 6588.0)	(25.0, 15092.0)	(26.0, 29784.0)	(27.0, 57958.0)	(28.0, 93762.0)	(29.0, 152549.0)	(30.0, 210237.0)	(31.0, 292041.0)	(32.0, 371256.0)	(33.0, 490507.0)	(34.0, 684271.0)	(35.0, 1554330.0)	(36.0, 14785400.0)	(37.0, 21223839.0)
SRR14016021_2	(2.0, 1979.0)	(3.0, 0.0)	(4.0, 0.0)	(5.0, 0.0)	(6.0, 0.0)	(7.0, 0.0)	(8.0, 0.0)	(9.0, 0.0)	(10.0, 0.0)	(11.0, 35.0)	(12.0, 613.0)	(13.0, 3374.0)	(14.0, 9057.0)	(15.0, 16201.0)	(16.0, 19485.0)	(17.0, 20607.0)	(18.0, 18200.0)	(19.0, 19111.0)	(20.0, 21849.0)	(21.0, 28728.0)	(22.0, 38721.0)	(23.0, 50367.0)	(24.0, 61074.0)	(25.0, 74522.0)	(26.0, 86301.0)	(27.0, 109770.0)	(28.0, 130387.0)	(29.0, 172331.0)	(30.0, 212662.0)	(31.0, 289040.0)	(32.0, 387352.0)	(33.0, 601932.0)	(34.0, 1139662.0)	(35.0, 3801000.0)	(36.0, 19696836.0)	(37.0, 12963560.0)
SRR14016022_1	(2.0, 19358.0)	(3.0, 0.0)	(4.0, 0.0)	(5.0, 0.0)	(6.0, 0.0)	(7.0, 0.0)	(8.0, 0.0)	(9.0, 0.0)	(10.0, 0.0)	(11.0, 0.0)	(12.0, 0.0)	(13.0, 0.0)	(14.0, 0.0)	(15.0, 1.0)	(16.0, 1.0)	(17.0, 5.0)	(18.0, 15.0)	(19.0, 42.0)	(20.0, 124.0)	(21.0, 376.0)	(22.0, 1007.0)	(23.0, 2674.0)	(24.0, 6285.0)	(25.0, 14743.0)	(26.0, 29347.0)	(27.0, 57676.0)	(28.0, 94767.0)	(29.0, 154102.0)	(30.0, 213183.0)	(31.0, 297625.0)	(32.0, 378738.0)	(33.0, 502065.0)	(34.0, 699095.0)	(35.0, 1586413.0)	(36.0, 14773535.0)	(37.0, 20759038.0)
SRR14016022_2	(2.0, 1577.0)	(3.0, 0.0)	(4.0, 0.0)	(5.0, 0.0)	(6.0, 0.0)	(7.0, 0.0)	(8.0, 0.0)	(9.0, 0.0)	(10.0, 0.0)	(11.0, 71.0)	(12.0, 991.0)	(13.0, 6208.0)	(14.0, 17022.0)	(15.0, 30623.0)	(16.0, 37872.0)	(17.0, 39622.0)	(18.0, 35046.0)	(19.0, 34568.0)	(20.0, 37065.0)	(21.0, 45452.0)	(22.0, 55934.0)	(23.0, 65882.0)	(24.0, 70341.0)	(25.0, 75366.0)	(26.0, 79489.0)	(27.0, 93873.0)	(28.0, 109049.0)	(29.0, 143810.0)	(30.0, 177448.0)	(31.0, 242836.0)	(32.0, 326897.0)	(33.0, 501444.0)	(34.0, 925447.0)	(35.0, 3110147.0)	(36.0, 18759672.0)	(37.0, 14566463.0)
