Sample	0	1	2	3	4	5	6	7	8	9	10	11	12	13	14	15	16	17	18	19	20	21	22	23	24	25	26	27	28	29	30	31	32	33	34	35	36	37	38	39	40	41	42	43	44	45	46	47	48	49	50
SRR14016000_1	(1, 36.32497909642732)	(2, 36.13402158772866)	(3, 36.410879114508)	(4, 36.46396662352493)	(5, 36.471007098421445)	(6, 36.46011317807935)	(7, 36.36248561349573)	(8, 36.406530913577974)	(9, 36.38035770391837)	(10, 36.45006114005352)	(11, 36.45738741911078)	(12, 36.41619957748741)	(13, 36.41827755052207)	(14, 36.408278456243806)	(15, 36.41791016695205)	(16, 36.415197421403164)	(17, 36.416865471717585)	(18, 36.40607980215673)	(19, 36.41556603265429)	(20, 36.420960586188265)	(21, 36.40356796662034)	(22, 36.393010829896774)	(23, 36.380274620599735)	(24, 36.36674618868704)	(25, 36.35901425310138)	(26, 36.331073336113825)	(27, 36.32356735523514)	(28, 36.31716364783464)	(29, 36.31655459523952)	(30, 36.31943651524438)	(31, 36.32940534718346)	(32, 36.31496038994344)	(33, 36.3123090284497)	(34, 36.314999614354676)	(35, 36.30199221030202)	(36, 36.300788960053126)	(37, 36.293247621958685)	(38, 36.30169977666332)	(39, 36.28454225802658)	(40, 36.288811519061696)	(41, 36.283460057134434)	(42, 36.26480752983472)	(43, 36.2764816722097)	(44, 36.28371817708631)	(45, 36.24566601715175)	(46, 36.26827517649374)	(47, 36.26861665599249)	(48, 36.254223322742845)	(49, 36.24087186106112)	(50, 36.243922709985725)	(51, 36.21155630954272)
SRR14016000_2	(1, 36.03903172668651)	(2, 35.93283780236366)	(3, 36.160077615227)	(4, 36.18745177323343)	(5, 36.23520997996701)	(6, 36.17369824599052)	(7, 36.14158210834034)	(8, 36.199311602375204)	(9, 36.18487984270704)	(10, 36.21141082933204)	(11, 36.2172696918591)	(12, 36.21044544229682)	(13, 36.18380482374934)	(14, 36.17105888507957)	(15, 36.16429976399979)	(16, 36.173007491218016)	(17, 36.174642179298466)	(18, 36.16825897417238)	(19, 36.1778650570376)	(20, 36.18079958317771)	(21, 36.18315139048236)	(22, 36.15183072880276)	(23, 36.14336645074723)	(24, 36.117805424269555)	(25, 36.10554589285272)	(26, 36.10633295920775)	(27, 36.08316121500039)	(28, 36.08332425105084)	(29, 36.08102471226915)	(30, 36.068625562818895)	(31, 36.07612479145151)	(32, 36.072390676609125)	(33, 36.06790727729765)	(34, 36.06227019536181)	(35, 36.01984478980273)	(36, 36.02374863155759)	(37, 36.034458645270476)	(38, 36.03348285363791)	(39, 36.00051688443632)	(40, 36.01203001643466)	(41, 36.017390286973836)	(42, 35.997883539162764)	(43, 35.99479622810941)	(44, 35.99504959079701)	(45, 35.960126697917495)	(46, 35.95741128216221)	(47, 35.93455057096225)	(48, 35.94345481923301)	(49, 35.917513917530094)	(50, 35.921126584019376)	(51, 35.86496066463708)
SRR14016001_1	(1, 36.29928901560943)	(2, 36.043141737191846)	(3, 36.3822001008143)	(4, 36.42929320677304)	(5, 36.43714354681306)	(6, 36.414110015532934)	(7, 36.3140794800032)	(8, 36.369916258757904)	(9, 36.34743115245935)	(10, 36.397127472737246)	(11, 36.418940918201216)	(12, 36.380540104971764)	(13, 36.376959016066635)	(14, 36.37066419482762)	(15, 36.37502835283073)	(16, 36.37388644992545)	(17, 36.372089610142936)	(18, 36.36512373216665)	(19, 36.36879588079392)	(20, 36.372059087331046)	(21, 36.36909970995062)	(22, 36.346247598633674)	(23, 36.335508846750876)	(24, 36.32286788779535)	(25, 36.309798210511126)	(26, 36.28151602736955)	(27, 36.2677475684606)	(28, 36.26007470585389)	(29, 36.261692287705735)	(30, 36.26426141821829)	(31, 36.274620860574146)	(32, 36.26404578727012)	(33, 36.26443101059186)	(34, 36.270254572333116)	(35, 36.25143846699686)	(36, 36.25394369037202)	(37, 36.24637651300148)	(38, 36.247602194666484)	(39, 36.229550495000524)	(40, 36.23983134111576)	(41, 36.24149642409361)	(42, 36.20316231592598)	(43, 36.2272492657515)	(44, 36.23258357225382)	(45, 36.19141211436414)	(46, 36.20261532170122)	(47, 36.20054485762793)	(48, 36.18377537041817)	(49, 36.16043559359207)	(50, 36.1681551306653)	(51, 36.12466552880168)
SRR14016001_2	(1, 35.99090986149447)	(2, 35.844222314680906)	(3, 36.06077257179427)	(4, 36.07732232655301)	(5, 36.11928562884909)	(6, 36.05344270928618)	(7, 35.98315108989013)	(8, 36.054492058123316)	(9, 36.045461788841536)	(10, 36.05902638080273)	(11, 36.04929586734481)	(12, 36.02770968965104)	(13, 36.02074591011808)	(14, 36.00155834852002)	(15, 35.99355682517735)	(16, 35.99676124350699)	(17, 35.99758990605524)	(18, 35.99356188051807)	(19, 36.00146906929524)	(20, 36.00675657415266)	(21, 36.01059558081827)	(22, 35.980567842577074)	(23, 35.96726345758725)	(24, 35.950447995392075)	(25, 35.93482260491469)	(26, 35.93930487984091)	(27, 35.919115820272275)	(28, 35.91312406511965)	(29, 35.906721205844384)	(30, 35.90227097987065)	(31, 35.90787592197174)	(32, 35.90554725398661)	(33, 35.891679373376846)	(34, 35.891983107149755)	(35, 35.8508702149054)	(36, 35.8580781133443)	(37, 35.86987724678895)	(38, 35.868969479286555)	(39, 35.83887258779966)	(40, 35.85212311274434)	(41, 35.85097024070353)	(42, 35.83714954327381)	(43, 35.82618676666957)	(44, 35.83447075320062)	(45, 35.802003352040636)	(46, 35.797963339940885)	(47, 35.773479116641845)	(48, 35.78596714359196)	(49, 35.76491075924668)	(50, 35.76124668644672)	(51, 35.713010119647514)
SRR14016002_1	(1, 36.290472086866394)	(2, 36.05316715494918)	(3, 36.38180056113587)	(4, 36.42916972883004)	(5, 36.43997748089511)	(6, 36.41960199959058)	(7, 36.30989994014645)	(8, 36.38252751510698)	(9, 36.36047593941996)	(10, 36.42300655055098)	(11, 36.44117098942132)	(12, 36.39896198501251)	(13, 36.39834647715182)	(14, 36.38019817040843)	(15, 36.392683260374106)	(16, 36.397130450865056)	(17, 36.396774670248405)	(18, 36.38061847953292)	(19, 36.39681930246633)	(20, 36.3982195710864)	(21, 36.3739895869137)	(22, 36.363555461630725)	(23, 36.35445284177667)	(24, 36.343986250588195)	(25, 36.33653952634933)	(26, 36.298959198859755)	(27, 36.2966810064471)	(28, 36.2975522757373)	(29, 36.29201243612224)	(30, 36.30526188642841)	(31, 36.31025666180384)	(32, 36.29872945048498)	(33, 36.292480939976016)	(34, 36.290667420036996)	(35, 36.28425731938967)	(36, 36.28195580261012)	(37, 36.26740348140038)	(38, 36.27082705482715)	(39, 36.25845902360772)	(40, 36.26286336313643)	(41, 36.25870524019544)	(42, 36.238223690156154)	(43, 36.250750690043326)	(44, 36.25869441822694)	(45, 36.229603353680986)	(46, 36.23694367309912)	(47, 36.240453822273906)	(48, 36.22062811041271)	(49, 36.211277459106654)	(50, 36.21923026161168)	(51, 36.191395822538674)
SRR14016002_2	(1, 36.030162540253436)	(2, 35.83614165096389)	(3, 36.04213039389848)	(4, 36.068547222314926)	(5, 36.11375492025671)	(6, 36.02938766042182)	(7, 35.9778395996732)	(8, 36.056372205272844)	(9, 36.05291831689083)	(10, 36.066935085094116)	(11, 36.06025309089032)	(12, 36.04473371588656)	(13, 36.03237993471261)	(14, 36.00643197984452)	(15, 36.00582531104505)	(16, 36.01818151203805)	(17, 36.012492618291596)	(18, 36.000501137802274)	(19, 36.00982463336128)	(20, 36.01681915391632)	(21, 36.01636779044743)	(22, 35.98774489366929)	(23, 35.97155015389209)	(24, 35.95321703346922)	(25, 35.942074875855724)	(26, 35.94170605510311)	(27, 35.925285465548484)	(28, 35.91987266643322)	(29, 35.91677428979907)	(30, 35.90603530092517)	(31, 35.91281318045858)	(32, 35.912933398413024)	(33, 35.90064555730802)	(34, 35.908986034989034)	(35, 35.86984062231562)	(36, 35.87509761197133)	(37, 35.88742722856344)	(38, 35.886753308959705)	(39, 35.856537062166936)	(40, 35.87680613865072)	(41, 35.88410636301164)	(42, 35.86320181516004)	(43, 35.850952321465165)	(44, 35.86867074063368)	(45, 35.83104070602791)	(46, 35.82953749427268)	(47, 35.80424000020703)	(48, 35.81481938184983)	(49, 35.79055746950919)	(50, 35.78947816299841)	(51, 35.74030333977711)
SRR14016003_1	(1, 36.25743921484914)	(2, 36.141925557041205)	(3, 36.427031928025706)	(4, 36.47647089961743)	(5, 36.491603295428924)	(6, 36.46540883739722)	(7, 36.371751874626945)	(8, 36.42819617693397)	(9, 36.40936175017725)	(10, 36.46109682654784)	(11, 36.48182021368685)	(12, 36.44552837389876)	(13, 36.4412173239503)	(14, 36.4327387612975)	(15, 36.438915880832994)	(16, 36.43701246423019)	(17, 36.430536888868886)	(18, 36.42372760329466)	(19, 36.43198656805716)	(20, 36.42756924246692)	(21, 36.42593327662025)	(22, 36.40730640446229)	(23, 36.38829675208442)	(24, 36.37999768572352)	(25, 36.37506591513396)	(26, 36.34527738871374)	(27, 36.336856907183225)	(28, 36.33219320659705)	(29, 36.32817621368353)	(30, 36.32670573632866)	(31, 36.33694503247429)	(32, 36.32126028946051)	(33, 36.31864821910574)	(34, 36.3181393259784)	(35, 36.30300163453517)	(36, 36.306902208963876)	(37, 36.301291017363674)	(38, 36.30906133197822)	(39, 36.29199244321892)	(40, 36.30395608674253)	(41, 36.29716008295436)	(42, 36.2822875147517)	(43, 36.29904797566896)	(44, 36.29441335835064)	(45, 36.28293294122312)	(46, 36.278962413207424)	(47, 36.267689636092086)	(48, 36.27027531370159)	(49, 36.26905018638168)	(50, 36.25741158360935)	(51, 36.221647150306325)
SRR14016003_2	(1, 35.96319433445984)	(2, 35.87719282661412)	(3, 36.12474891925872)	(4, 36.15865394522109)	(5, 36.20818091398376)	(6, 36.131506444303376)	(7, 36.128534100163584)	(8, 36.20488320879239)	(9, 36.211763195320984)	(10, 36.215727295977196)	(11, 36.24384502923071)	(12, 36.23370165235028)	(13, 36.21303147776889)	(14, 36.19914921405458)	(15, 36.195346203099305)	(16, 36.20363781713974)	(17, 36.20209651071038)	(18, 36.195487327414455)	(19, 36.20285579326418)	(20, 36.2118118382609)	(21, 36.20887784474451)	(22, 36.17823119109584)	(23, 36.16542304378349)	(24, 36.145937531916594)	(25, 36.14514107317387)	(26, 36.14553976164233)	(27, 36.12001626869318)	(28, 36.11950617977803)	(29, 36.11743881212489)	(30, 36.10650115454381)	(31, 36.11652113039274)	(32, 36.11183031104726)	(33, 36.10578504847137)	(34, 36.10040703549446)	(35, 36.058053320221234)	(36, 36.06963924426979)	(37, 36.07963679909725)	(38, 36.07814050553766)	(39, 36.052350245139706)	(40, 36.06261403358212)	(41, 36.0702662427969)	(42, 36.05176198159636)	(43, 36.05352220260869)	(44, 36.05147245147242)	(45, 36.02093057873076)	(46, 36.013303844067046)	(47, 35.98998796759868)	(48, 35.995956571634494)	(49, 35.97523100645339)	(50, 35.982377696370726)	(51, 35.9164186172119)
SRR14016004_1	(1, 36.23826217178153)	(2, 36.15752933223073)	(3, 36.43801494203002)	(4, 36.49205757516569)	(5, 36.50339509080127)	(6, 36.48332851116465)	(7, 36.397529013148954)	(8, 36.43530569907896)	(9, 36.42293906097123)	(10, 36.47621585597319)	(11, 36.49080940849881)	(12, 36.4547108540209)	(13, 36.45284504218632)	(14, 36.44497144814824)	(15, 36.453285035854094)	(16, 36.4537137862861)	(17, 36.448782046650386)	(18, 36.44072745117248)	(19, 36.448091624038504)	(20, 36.44737662124267)	(21, 36.44007161669)	(22, 36.42303733983283)	(23, 36.409817555782936)	(24, 36.39608682215091)	(25, 36.39261251573974)	(26, 36.36367284562382)	(27, 36.356620342790556)	(28, 36.34745762907041)	(29, 36.34957709416624)	(30, 36.347966401191606)	(31, 36.35651417063308)	(32, 36.34352073783431)	(33, 36.33983211901851)	(34, 36.34188127725084)	(35, 36.32430364014309)	(36, 36.323701237201895)	(37, 36.317985192888806)	(38, 36.32505729287044)	(39, 36.307208980619365)	(40, 36.322478467266826)	(41, 36.31797669241633)	(42, 36.298181185728396)	(43, 36.312972384707685)	(44, 36.31203770960338)	(45, 36.302739993305565)	(46, 36.296662490478056)	(47, 36.28445832445512)	(48, 36.29017122819956)	(49, 36.283642781588256)	(50, 36.2760656781678)	(51, 36.24367289001052)
SRR14016004_2	(1, 36.05786908104093)	(2, 35.990998753382684)	(3, 36.21434990302238)	(4, 36.23235649993339)	(5, 36.278757522368544)	(6, 36.22234826138433)	(7, 36.21990682519057)	(8, 36.28452959442634)	(9, 36.28347930452149)	(10, 36.29747893364127)	(11, 36.31401735658295)	(12, 36.293431536262965)	(13, 36.27036418515612)	(14, 36.26389057287343)	(15, 36.260059623486434)	(16, 36.26348077053893)	(17, 36.265654797780776)	(18, 36.2568348247859)	(19, 36.2677394863131)	(20, 36.27462962174719)	(21, 36.27053369211469)	(22, 36.24040016623239)	(23, 36.23172920275137)	(24, 36.21477124171238)	(25, 36.215261170421684)	(26, 36.2137182509185)	(27, 36.19279431697772)	(28, 36.19113117650664)	(29, 36.1906719416216)	(30, 36.1800630588498)	(31, 36.190190492447655)	(32, 36.18765862881391)	(33, 36.17751871668995)	(34, 36.17394439363586)	(35, 36.13702596230635)	(36, 36.14611629638769)	(37, 36.15857834497099)	(38, 36.15416006737232)	(39, 36.12687181293785)	(40, 36.13624291385644)	(41, 36.140245505788684)	(42, 36.12260040926635)	(43, 36.12553506129793)	(44, 36.126707707757355)	(45, 36.10009649711232)	(46, 36.090381692360744)	(47, 36.07378292862675)	(48, 36.080604180921796)	(49, 36.06010878804179)	(50, 36.0656671129973)	(51, 36.002906114731125)
SRR14016005_1	(1, 31.152143301737162)	(2, 31.4906323391678)	(3, 31.603871138921182)	(4, 31.681104922743124)	(5, 31.719798368498587)	(6, 35.394873701599735)	(7, 35.39383239282168)	(8, 35.35729775077304)	(9, 35.34063210384378)	(10, 35.38041654116053)	(15, 35.40693682256098)	(20, 35.34974073176356)	(25, 35.25706198552287)	(30, 35.204223595468605)	(35, 35.14923657653368)	(40, 34.67949897183235)	(45, 34.53651940567322)	(50, 34.64047579052429)	(55, 34.11706210115433)	(60, 34.1578647660332)	(65, 34.46746447950462)	(70, 34.35999837912714)	(75, 33.81648381915367)	(80, 34.36331084901985)	(85, 34.35827794099206)	(90, 34.328769521905954)	(95, 34.28703911481469)	(100, 34.22830604848861)	(105, 34.134923725655895)	(110, 34.03037712827571)	(115, 33.918109375347214)	(120, 33.8052948583629)	(125, 33.69867198148164)	(130, 33.61776509127872)	(135, 33.52672270111847)	(140, 33.448180164500485)	(145, 33.31102163516131)	(150, 31.929635696480567)													
SRR14016006_1	(1, 31.33570135870095)	(2, 31.626459182440204)	(3, 31.678530715998363)	(4, 31.732927534649797)	(5, 31.78084903019552)	(6, 35.492215473985844)	(7, 35.47449907405603)	(8, 35.44683880777403)	(9, 35.44947801711535)	(10, 35.49533023879608)	(15, 35.51708908477748)	(20, 35.47725426538529)	(25, 35.399850077389424)	(30, 35.351266873818204)	(35, 35.314524456389414)	(40, 35.23956194427346)	(45, 35.2421405138389)	(50, 35.19784721097915)	(55, 35.07686497763764)	(60, 35.010251935592585)	(65, 34.954187500705)	(70, 34.86595779516432)	(75, 34.7178801125268)	(80, 34.66785993182238)	(85, 34.63404245546533)	(90, 34.60047752464139)	(95, 34.56462910508928)	(100, 34.51704906444082)	(105, 34.43283296272992)	(110, 34.34714163259313)	(115, 34.25116135210315)	(120, 34.15984445424215)	(125, 34.053796164684584)	(130, 33.98337116282558)	(135, 33.89316071089745)	(140, 33.77446021610192)	(145, 33.6052809227739)	(150, 31.74011634724952)													
SRR14016007_1	(1, 31.281050935900346)	(2, 31.596768968559594)	(3, 31.6561908463548)	(4, 31.71398003297744)	(5, 31.76559119653605)	(6, 35.47309595547841)	(7, 35.45068215671332)	(8, 35.421450050772044)	(9, 35.42216181598547)	(10, 35.47077365728201)	(15, 35.490157609165614)	(20, 35.4509095637002)	(25, 35.369245384674215)	(30, 35.31957032148458)	(35, 35.28556947192697)	(40, 35.21208205993125)	(45, 35.107886058876666)	(50, 35.05315113017556)	(55, 34.922859193137846)	(60, 34.85883530551782)	(65, 34.8404035223372)	(70, 34.85536564118108)	(75, 34.64588906888992)	(80, 34.64132169031028)	(85, 34.616307154711805)	(90, 34.58184750201569)	(95, 34.54377408450368)	(100, 34.49086653482182)	(105, 34.39730339900276)	(110, 34.29850833385799)	(115, 34.18800677725023)	(120, 34.07196368946503)	(125, 33.94038636814241)	(130, 33.84210691638451)	(135, 33.713100537640194)	(140, 33.55133901492204)	(145, 33.32647598663859)	(150, 31.458693429608036)													
SRR14016008_1	(1, 36.34463017697912)	(2, 36.15495063371123)	(3, 36.31198533826763)	(4, 36.40061737373234)	(5, 36.423179085708206)	(6, 36.39614198583489)	(7, 36.32597700488681)	(8, 36.36937914213815)	(9, 36.35180586259036)	(10, 36.41481434311664)	(11, 36.41969945161861)	(12, 36.382428469065424)	(13, 36.38765299967339)	(14, 36.379943597666895)	(15, 36.38114384010822)	(16, 36.38354496213739)	(17, 36.38275128996506)	(18, 36.37650555508576)	(19, 36.37931190229684)	(20, 36.37382359303272)	(21, 36.374514118264095)	(22, 36.351186485386215)	(23, 36.34083653584999)	(24, 36.34153449445734)	(25, 36.339583410248125)	(26, 36.29440313866867)	(27, 36.283386875468544)	(28, 36.28351019871573)	(29, 36.28091531335273)	(30, 36.27175675700071)	(31, 36.26935630751508)	(32, 36.26429024940357)	(33, 36.261471017674126)	(34, 36.25528715680059)	(35, 36.248079436878584)	(36, 36.24906478396008)	(37, 36.25575351265067)	(38, 36.25111703287666)	(39, 36.2508792356394)	(40, 36.24375052188494)	(41, 36.22542310864562)	(42, 36.22647206418727)	(43, 36.23106727102609)	(44, 36.228736482892494)	(45, 36.19964394837004)	(46, 36.2187746263764)	(47, 36.210896380544106)	(48, 36.2045796392257)	(49, 36.21006660340274)	(50, 36.217996104132254)	(51, 36.1856738385412)
SRR14016008_2	(1, 35.86426000618245)	(2, 35.70674471617052)	(3, 35.86094334001193)	(4, 35.89782803479344)	(5, 35.96690108820731)	(6, 35.86881595771669)	(7, 35.853661569506365)	(8, 35.91861366546884)	(9, 35.85178559779157)	(10, 35.91068136837408)	(11, 35.947353787175864)	(12, 35.94081907095614)	(13, 35.91872449356498)	(14, 35.906849427660134)	(15, 35.86234290312056)	(16, 35.89824306495224)	(17, 35.88123012036512)	(18, 35.89566357729662)	(19, 35.888000085236044)	(20, 35.895612287002365)	(21, 35.85932070482988)	(22, 35.87151721115025)	(23, 35.86070593214198)	(24, 35.852980141311306)	(25, 35.83426137852524)	(26, 35.84048782202402)	(27, 35.79527544533975)	(28, 35.809234794471934)	(29, 35.79967543756656)	(30, 35.79831707659906)	(31, 35.77699719857298)	(32, 35.78852785139082)	(33, 35.77395082411185)	(34, 35.78505165081299)	(35, 35.76493343110936)	(36, 35.76579347271008)	(37, 35.753459944492505)	(38, 35.7648436996422)	(39, 35.73612665679774)	(40, 35.74172667908371)	(41, 35.7342349688023)	(42, 35.7476547256325)	(43, 35.743765335541354)	(44, 35.73936898920847)	(45, 35.71107571958885)	(46, 35.72160265426742)	(47, 35.71490875761067)	(48, 35.6861088857196)	(49, 35.696776983747704)	(50, 35.67643409910439)	(51, 35.64195661464094)
SRR14016009_1	(1, 36.340923999212016)	(2, 36.1521452375954)	(3, 36.30725058522467)	(4, 36.397464242845466)	(5, 36.42326679167497)	(6, 36.39860318534924)	(7, 36.33191165183513)	(8, 36.37798251822929)	(9, 36.35851737364114)	(10, 36.41280584820716)	(11, 36.42224050710735)	(12, 36.39032055088245)	(13, 36.391755346256396)	(14, 36.38435653270595)	(15, 36.38880850982877)	(16, 36.39117226596416)	(17, 36.38866676496483)	(18, 36.382488356483634)	(19, 36.38510253812915)	(20, 36.38042744941522)	(21, 36.38135660185329)	(22, 36.35698673995486)	(23, 36.34906316372524)	(24, 36.3470405440626)	(25, 36.34718295979473)	(26, 36.30355726418229)	(27, 36.29314788172651)	(28, 36.29384568047861)	(29, 36.28987366162396)	(30, 36.280170224176835)	(31, 36.280992996088216)	(32, 36.27367717851625)	(33, 36.26983808740081)	(34, 36.26354984821368)	(35, 36.25762196108092)	(36, 36.25893983371382)	(37, 36.26530392892516)	(38, 36.255118664362776)	(39, 36.26179792386422)	(40, 36.25569973205045)	(41, 36.24079026163907)	(42, 36.233569132319694)	(43, 36.23926945137981)	(44, 36.23501897430867)	(45, 36.161811489777335)	(46, 36.20353882009908)	(47, 36.22052280661923)	(48, 36.20978263822844)	(49, 36.2146728360344)	(50, 36.227768326789096)	(51, 36.199997211105114)
SRR14016009_2	(1, 36.02387720505388)	(2, 35.88076573469818)	(3, 36.01621344648899)	(4, 36.046191143476136)	(5, 36.11352742923646)	(6, 36.03213741335558)	(7, 36.01483323103392)	(8, 36.08291801401357)	(9, 36.03213933012182)	(10, 36.05914306843896)	(11, 36.112659757075754)	(12, 36.08469586262651)	(13, 36.083166235242516)	(14, 36.07254495427818)	(15, 36.03232511269028)	(16, 36.06600331859324)	(17, 36.056440284273684)	(18, 36.06966827149518)	(19, 36.06276714630068)	(20, 36.0584312293741)	(21, 36.02462618146477)	(22, 36.04341925988768)	(23, 36.039840944820085)	(24, 36.0261468000474)	(25, 36.00249912775156)	(26, 36.00257584632058)	(27, 35.96388903437677)	(28, 35.97435558438585)	(29, 35.96881397357095)	(30, 35.96381667645096)	(31, 35.9461440916567)	(32, 35.95922630880513)	(33, 35.944384883595504)	(34, 35.95184867552171)	(35, 35.93835933722249)	(36, 35.94005653789559)	(37, 35.93140866362051)	(38, 35.937488262801686)	(39, 35.91326110415032)	(40, 35.9188589241354)	(41, 35.91366506263681)	(42, 35.92417545867378)	(43, 35.92620675170368)	(44, 35.919776528056836)	(45, 35.891179765312096)	(46, 35.90113219069467)	(47, 35.89471821164176)	(48, 35.86709808921886)	(49, 35.8802697235127)	(50, 35.85845845703863)	(51, 35.826278874825626)
SRR14016010_1	(1, 36.36194716691077)	(2, 36.17025561956436)	(3, 36.31946975068162)	(4, 36.419617697330054)	(5, 36.445495214347204)	(6, 36.414427192837316)	(7, 36.34142319781757)	(8, 36.381740584777276)	(9, 36.364560145231685)	(10, 36.43278293036437)	(11, 36.439672495051624)	(12, 36.4017155468109)	(13, 36.40147941180237)	(14, 36.39674686887576)	(15, 36.396727639046816)	(16, 36.400344122801506)	(17, 36.39867240359602)	(18, 36.392347248058826)	(19, 36.393699533375894)	(20, 36.38950825089532)	(21, 36.38879373971552)	(22, 36.365269917306726)	(23, 36.35425929091236)	(24, 36.35381887314752)	(25, 36.354222517282125)	(26, 36.30930136345411)	(27, 36.298504862572116)	(28, 36.29724143546937)	(29, 36.29258271321312)	(30, 36.28513202029449)	(31, 36.28051002610017)	(32, 36.27618987642465)	(33, 36.271896885464905)	(34, 36.268780559536076)	(35, 36.26022984749242)	(36, 36.26166005462821)	(37, 36.26676689569454)	(38, 36.26275925352356)	(39, 36.26521830207628)	(40, 36.256806163278654)	(41, 36.24056948910582)	(42, 36.23922896041403)	(43, 36.24553447600744)	(44, 36.241882403398705)	(45, 36.22261771469159)	(46, 36.23315894187274)	(47, 36.219781861741815)	(48, 36.2204948235989)	(49, 36.229093108963454)	(50, 36.22973461970256)	(51, 36.196755235218404)
SRR14016010_2	(1, 36.08024129151906)	(2, 35.93440222322341)	(3, 36.10136421054512)	(4, 36.118759960379265)	(5, 36.19390680541368)	(6, 36.10718018573007)	(7, 36.09735501905143)	(8, 36.164181454306394)	(9, 36.106775903639054)	(10, 36.17056780809068)	(11, 36.22119028722302)	(12, 36.20341062433467)	(13, 36.18893165677781)	(14, 36.17663969493289)	(15, 36.137738434499624)	(16, 36.169779385103894)	(17, 36.15441771371642)	(18, 36.16797387732545)	(19, 36.16244653184795)	(20, 36.173499081092146)	(21, 36.14179146271238)	(22, 36.151649393009535)	(23, 36.14038285495792)	(24, 36.13867955691011)	(25, 36.122267399156065)	(26, 36.12942057654581)	(27, 36.087825499600754)	(28, 36.10154703062505)	(29, 36.09170044683834)	(30, 36.09466662516912)	(31, 36.07074886467682)	(32, 36.0834897655615)	(33, 36.06921549087579)	(34, 36.07934860822746)	(35, 36.057878732050696)	(36, 36.06102786716636)	(37, 36.05119048817928)	(38, 36.06248997212267)	(39, 36.03656428939653)	(40, 36.04542554950717)	(41, 36.03560229669776)	(42, 36.047831921087706)	(43, 36.04278851111591)	(44, 36.03814031514044)	(45, 36.01264415935185)	(46, 36.02062827496632)	(47, 36.014272953204575)	(48, 35.98972867394882)	(49, 35.999405652466955)	(50, 35.97866678320004)	(51, 35.94898344607922)
SRR14016011_1	(1, 36.34198266693338)	(2, 36.15681742221513)	(3, 36.319634317129555)	(4, 36.40769739399383)	(5, 36.430546837139175)	(6, 36.404021730791406)	(7, 36.335586033175794)	(8, 36.38128945953745)	(9, 36.360518009591566)	(10, 36.4183814043478)	(11, 36.4296524975311)	(12, 36.39326991841955)	(13, 36.39938324631168)	(14, 36.39189185735825)	(15, 36.39507833471067)	(16, 36.39814312728679)	(17, 36.39602680175163)	(18, 36.38973730823162)	(19, 36.39166436446102)	(20, 36.38693040256075)	(21, 36.387415075525844)	(22, 36.36348009325686)	(23, 36.35441558330696)	(24, 36.35356947175812)	(25, 36.351698690659845)	(26, 36.30952762981164)	(27, 36.30067541575496)	(28, 36.2991330421852)	(29, 36.29708924904127)	(30, 36.288403277702876)	(31, 36.288782659082045)	(32, 36.28391178821542)	(33, 36.279210232091145)	(34, 36.27438253267777)	(35, 36.2672334976984)	(36, 36.265530916714276)	(37, 36.27035135745131)	(38, 36.26645448133006)	(39, 36.26918608163221)	(40, 36.260277619630465)	(41, 36.25098107671236)	(42, 36.25170572097333)	(43, 36.25502734019861)	(44, 36.251389220936325)	(45, 36.21157421224468)	(46, 36.22574401840213)	(47, 36.23019638715833)	(48, 36.22533965303962)	(49, 36.23090985795124)	(50, 36.239900829625924)	(51, 36.21334761289865)
SRR14016011_2	(1, 35.98311474205627)	(2, 35.791335239220686)	(3, 35.93667927682705)	(4, 35.96926880335637)	(5, 36.03209966102797)	(6, 35.93212436227635)	(7, 35.92392869141616)	(8, 35.996130500234806)	(9, 35.93842598077631)	(10, 35.981249099122145)	(11, 36.03151274131497)	(12, 36.00931005438679)	(13, 36.00478058598234)	(14, 35.985560943166846)	(15, 35.9416680536085)	(16, 35.9761342334237)	(17, 35.96328134689279)	(18, 35.975753737416326)	(19, 35.96622366629706)	(20, 35.97126001867247)	(21, 35.9349459484162)	(22, 35.951400606455614)	(23, 35.93845419990003)	(24, 35.928576990061266)	(25, 35.911215133410394)	(26, 35.912480345162834)	(27, 35.871249677097644)	(28, 35.88182673751642)	(29, 35.87249977340424)	(30, 35.87138889687857)	(31, 35.848698899938086)	(32, 35.86105300394203)	(33, 35.84522327171868)	(34, 35.86029353434629)	(35, 35.84115672743638)	(36, 35.84474022991681)	(37, 35.832954695039625)	(38, 35.84220116124685)	(39, 35.814815806602326)	(40, 35.82023705912581)	(41, 35.810481126272535)	(42, 35.82450478020538)	(43, 35.81913988437119)	(44, 35.81840232673471)	(45, 35.7881895409488)	(46, 35.80042679929401)	(47, 35.78995837434576)	(48, 35.76397122562832)	(49, 35.7735715998824)	(50, 35.75193432849876)	(51, 35.71903314105)
SRR14016012_1	(1, 36.34614492336072)	(2, 36.15166676718716)	(3, 36.31024956128952)	(4, 36.39638868194202)	(5, 36.42558713731085)	(6, 36.397304069286534)	(7, 36.328305139142785)	(8, 36.37534366799715)	(9, 36.35779510394325)	(10, 36.418113764032555)	(11, 36.42360261688834)	(12, 36.38574927469763)	(13, 36.387911911649574)	(14, 36.380952494593224)	(15, 36.38222534438393)	(16, 36.38589325764936)	(17, 36.38641198678683)	(18, 36.379118465643614)	(19, 36.38287012188146)	(20, 36.37758693829473)	(21, 36.37833809395499)	(22, 36.35101727462763)	(23, 36.34318972932218)	(24, 36.34196428326068)	(25, 36.34045278769363)	(26, 36.296270487197525)	(27, 36.2876140094038)	(28, 36.28525937107726)	(29, 36.28375409476378)	(30, 36.273568078335984)	(31, 36.27125097248154)	(32, 36.26645451780319)	(33, 36.26179564603075)	(34, 36.257054332990116)	(35, 36.24813133125437)	(36, 36.250483619281596)	(37, 36.25730939470319)	(38, 36.25317265096262)	(39, 36.25299576382052)	(40, 36.24768018226173)	(41, 36.231542267855154)	(42, 36.23061447816196)	(43, 36.23376633801527)	(44, 36.23051178816123)	(45, 36.19899098396257)	(46, 36.21420027703159)	(47, 36.214136095781136)	(48, 36.21267439040106)	(49, 36.21925692792305)	(50, 36.22282385063494)	(51, 36.191975051247375)
SRR14016012_2	(1, 35.863911595190814)	(2, 35.70103386412493)	(3, 35.84235472221415)	(4, 35.87846406999813)	(5, 35.946521036335916)	(6, 35.84031769972084)	(7, 35.81557382087653)	(8, 35.89404536121063)	(9, 35.821592973574106)	(10, 35.87470706230955)	(11, 35.917317952685366)	(12, 35.88421872362693)	(13, 35.869530943896116)	(14, 35.858075621205806)	(15, 35.815204317666165)	(16, 35.84609119190259)	(17, 35.83256268826801)	(18, 35.844136610677474)	(19, 35.83734482419978)	(20, 35.845826258932405)	(21, 35.81068541525739)	(22, 35.82468864319463)	(23, 35.81152443595347)	(24, 35.802626889767204)	(25, 35.78405717489973)	(26, 35.79062915415403)	(27, 35.74649338958431)	(28, 35.75913196142385)	(29, 35.750308937805)	(30, 35.74852487983462)	(31, 35.72505858753809)	(32, 35.73796592514362)	(33, 35.72189486771286)	(34, 35.73565630408852)	(35, 35.71703759452)	(36, 35.715397085599925)	(37, 35.70512277023489)	(38, 35.71669022028162)	(39, 35.68861256841721)	(40, 35.69572150066828)	(41, 35.690224042101164)	(42, 35.702217366383316)	(43, 35.69909595194571)	(44, 35.69806409823065)	(45, 35.6683435509884)	(46, 35.67917329631865)	(47, 35.67169146196283)	(48, 35.64410704752797)	(49, 35.655623514158854)	(50, 35.63476290831388)	(51, 35.60201521171569)
SRR14016013_1	(1, 36.33576457995317)	(2, 36.15308495911209)	(3, 36.312251338995885)	(4, 36.403667590234505)	(5, 36.43108744130038)	(6, 36.40444797196902)	(7, 36.33446335840964)	(8, 36.378458093820896)	(9, 36.36257596323998)	(10, 36.42602484437043)	(11, 36.432474704787346)	(12, 36.398891780901415)	(13, 36.40110377822408)	(14, 36.39346207545572)	(15, 36.39544551501555)	(16, 36.39651534660587)	(17, 36.39598618015716)	(18, 36.38989838695713)	(19, 36.39321295599079)	(20, 36.38742186305391)	(21, 36.38885631083244)	(22, 36.36424401008022)	(23, 36.35630232170788)	(24, 36.35628317610098)	(25, 36.35269977555741)	(26, 36.30949935625729)	(27, 36.30135879147718)	(28, 36.299955384505104)	(29, 36.29602311475177)	(30, 36.288281209088126)	(31, 36.285246375497294)	(32, 36.28297238152742)	(33, 36.279654300577704)	(34, 36.27196473379209)	(35, 36.26466176099196)	(36, 36.26566639555996)	(37, 36.27011222639306)	(38, 36.265859777518415)	(39, 36.26530058985179)	(40, 36.253947046706585)	(41, 36.245240695256285)	(42, 36.243444803342754)	(43, 36.250219204454154)	(44, 36.245011684342984)	(45, 36.174752319995825)	(46, 36.22238186020586)	(47, 36.23010878358245)	(48, 36.22619619755219)	(49, 36.23613333397152)	(50, 36.2372618485463)	(51, 36.211254439139786)
SRR14016013_2	(1, 35.94324678508867)	(2, 35.78376399289675)	(3, 35.917828244703855)	(4, 35.94206377917117)	(5, 36.00237371539279)	(6, 35.91486818093879)	(7, 35.869264478178415)	(8, 35.94612644296913)	(9, 35.890611999803674)	(10, 35.9177719407593)	(11, 35.974386038479665)	(12, 35.95328055584341)	(13, 35.92951125655478)	(14, 35.917258719542374)	(15, 35.87274354082876)	(16, 35.907384117886416)	(17, 35.89366326009865)	(18, 35.909524659046056)	(19, 35.90635178449659)	(20, 35.900520332846945)	(21, 35.87078148430622)	(22, 35.88288479320804)	(23, 35.88098323227181)	(24, 35.861120684701284)	(25, 35.83581347771991)	(26, 35.833342533231715)	(27, 35.79411615849288)	(28, 35.804152988013236)	(29, 35.795661486524395)	(30, 35.79581439648246)	(31, 35.77604718043978)	(32, 35.790218951256335)	(33, 35.76651705809851)	(34, 35.78249420866633)	(35, 35.763460331676114)	(36, 35.76899726384921)	(37, 35.760805294813885)	(38, 35.77882776830111)	(39, 35.76122460059814)	(40, 35.76257694317785)	(41, 35.76099001026981)	(42, 35.76671970131947)	(43, 35.76900040758051)	(44, 35.7594263013228)	(45, 35.71866689025865)	(46, 35.72785230671002)	(47, 35.71744162806085)	(48, 35.684546133421485)	(49, 35.6998264235488)	(50, 35.678535319155706)	(51, 35.64786884330315)
SRR14016014_1	(1, 36.320648149118945)	(2, 36.125544054590314)	(3, 36.28731199344292)	(4, 36.378604267022915)	(5, 36.40301328454565)	(6, 36.37719649307143)	(7, 36.31473367729713)	(8, 36.356672784620066)	(9, 36.33771574787438)	(10, 36.39196220472388)	(11, 36.40200079173187)	(12, 36.369851022494935)	(13, 36.3714220384084)	(14, 36.36333195390812)	(15, 36.36397464603374)	(16, 36.36759353820812)	(17, 36.363669966691205)	(18, 36.36064865371539)	(19, 36.3647179232782)	(20, 36.35788699069751)	(21, 36.35926769689276)	(22, 36.33779586509113)	(23, 36.32913518560607)	(24, 36.324356557036545)	(25, 36.3254468696495)	(26, 36.27951297086461)	(27, 36.268510095040824)	(28, 36.268004496087975)	(29, 36.26388468333837)	(30, 36.25572083084812)	(31, 36.255088748614604)	(32, 36.24419982470286)	(33, 36.24385295641928)	(34, 36.2358617861887)	(35, 36.2347032611592)	(36, 36.23465626852685)	(37, 36.24498863258666)	(38, 36.23948218212732)	(39, 36.24142654928339)	(40, 36.23395409417148)	(41, 36.211410329097546)	(42, 36.19702674064574)	(43, 36.20733303945882)	(44, 36.20437471749596)	(45, 36.053207188678094)	(46, 36.15143214955203)	(47, 36.19831116415872)	(48, 36.05727190517697)	(49, 36.03907117829911)	(50, 36.128992436608925)	(51, 36.022967367104734)
SRR14016014_2	(1, 35.821117511530844)	(2, 35.712900789196354)	(3, 35.858107939612005)	(4, 35.897265626125865)	(5, 35.975883255764856)	(6, 35.895219587799005)	(7, 35.834286142023096)	(8, 35.889266477590596)	(9, 35.826993720907126)	(10, 35.86335465657095)	(11, 35.90212524910795)	(12, 35.86278155531244)	(13, 35.8573380123236)	(14, 35.85027524942332)	(15, 35.804754718718186)	(16, 35.842492684709136)	(17, 35.83439570795612)	(18, 35.86155945447277)	(19, 35.849158788021164)	(20, 35.837187780428536)	(21, 35.808012164450155)	(22, 35.83443380331674)	(23, 35.839981398436414)	(24, 35.811460379383846)	(25, 35.776392054393824)	(26, 35.77101079230706)	(27, 35.731706363466586)	(28, 35.74131992822199)	(29, 35.73643904368448)	(30, 35.73080026197244)	(31, 35.71400288129582)	(32, 35.722930228305245)	(33, 35.70411496310995)	(34, 35.717817346363226)	(35, 35.705808786435945)	(36, 35.70072606332109)	(37, 35.68956621121964)	(38, 35.704926745169566)	(39, 35.67995891214855)	(40, 35.688099205665786)	(41, 35.67896283542767)	(42, 35.69177824840957)	(43, 35.687620925096546)	(44, 35.688263199509876)	(45, 35.65890654702607)	(46, 35.66462164477304)	(47, 35.661153254335865)	(48, 35.63368842080236)	(49, 35.64493273432834)	(50, 35.62797887862881)	(51, 35.59557397072664)
SRR14016015_1	(1, 36.339742825491875)	(2, 36.15857792741349)	(3, 36.31245453400376)	(4, 36.39984134556764)	(5, 36.42236323211533)	(6, 36.400030887501735)	(7, 36.33657874173367)	(8, 36.37658764705652)	(9, 36.357016289295316)	(10, 36.411624572409615)	(11, 36.422408988665666)	(12, 36.38894220848859)	(13, 36.39356244870462)	(14, 36.387603262010096)	(15, 36.39051506245239)	(16, 36.3916658579959)	(17, 36.39055020348304)	(18, 36.38064541115061)	(19, 36.388098164858505)	(20, 36.38141851382505)	(21, 36.38318215430112)	(22, 36.360767594317885)	(23, 36.35316054952226)	(24, 36.35073900306287)	(25, 36.35070847429249)	(26, 36.30637769806702)	(27, 36.29703896917008)	(28, 36.298117139916904)	(29, 36.29283456448348)	(30, 36.2865736041882)	(31, 36.2850201143965)	(32, 36.28105492495505)	(33, 36.27702036858329)	(34, 36.272025656759325)	(35, 36.26434521845696)	(36, 36.26319932801564)	(37, 36.27058509413385)	(38, 36.26617526083888)	(39, 36.26782879275222)	(40, 36.26225278971282)	(41, 36.247564131740354)	(42, 36.228702183535525)	(43, 36.24938959846724)	(44, 36.24533802065875)	(45, 36.13938433573184)	(46, 36.208310831787095)	(47, 36.22859562568111)	(48, 36.12735340122898)	(49, 36.12838010500799)	(50, 36.198079557316724)	(51, 36.1178131970896)
SRR14016015_2	(1, 35.2894437844723)	(2, 34.939748103967524)	(3, 35.22765450495384)	(4, 35.31440965649167)	(5, 35.436278421360946)	(6, 35.3165965267557)	(7, 35.34501793345628)	(8, 35.45704457416447)	(9, 35.371654615062404)	(10, 35.44879108082573)	(11, 35.53424546515066)	(12, 35.498780038854996)	(13, 35.49419054704079)	(14, 35.48522874230288)	(15, 35.42153243958223)	(16, 35.47797380331338)	(17, 35.462961994279844)	(18, 35.48944277416767)	(19, 35.48082967094854)	(20, 35.47997113164332)	(21, 35.43470454245042)	(22, 35.45485821637379)	(23, 35.4431549719818)	(24, 35.42530120530441)	(25, 35.386217790271225)	(26, 35.37956859479767)	(27, 35.3258413998166)	(28, 35.33672864019256)	(29, 35.329331380028904)	(30, 35.32645658748453)	(31, 35.30141867635231)	(32, 35.31190183148097)	(33, 35.28302856969453)	(34, 35.29620850608414)	(35, 35.27133162140386)	(36, 35.274231415327336)	(37, 35.263864481836535)	(38, 35.28074469554378)	(39, 35.23466162646673)	(40, 35.24902391211697)	(41, 35.24484439899375)	(42, 35.26212994252648)	(43, 35.264587288910846)	(44, 35.2562668811929)	(45, 35.21430003477864)	(46, 35.2282929003441)	(47, 35.21627298401855)	(48, 35.17588598316898)	(49, 35.19508316216418)	(50, 35.164480742038)	(51, 35.12588322496413)
SRR14016016_1	(1, 36.33493896416396)	(2, 36.14284785647297)	(3, 36.301035711366715)	(4, 36.38499489520981)	(5, 36.41104137719897)	(6, 36.3839897294669)	(7, 36.31677443061157)	(8, 36.36343515669697)	(9, 36.34386808723442)	(10, 36.4017987285817)	(11, 36.4079283209881)	(12, 36.3711264893589)	(13, 36.3745828548314)	(14, 36.36891168920763)	(15, 36.37034511706385)	(16, 36.3726983768568)	(17, 36.37177279597047)	(18, 36.36509223947215)	(19, 36.36678769475433)	(20, 36.361166468801216)	(21, 36.36236356634357)	(22, 36.336886853745334)	(23, 36.328789423595076)	(24, 36.328022042719546)	(25, 36.32780905452636)	(26, 36.28171363027466)	(27, 36.272830949019976)	(28, 36.27096988243052)	(29, 36.267653431153214)	(30, 36.258363751972304)	(31, 36.25618580051006)	(32, 36.252579823818934)	(33, 36.24959071634682)	(34, 36.24384703084069)	(35, 36.23548120093479)	(36, 36.23755601762642)	(37, 36.242972497856265)	(38, 36.237768659497334)	(39, 36.241046391945375)	(40, 36.23384804902815)	(41, 36.21602395026258)	(42, 36.212829161997085)	(43, 36.22048402692448)	(44, 36.21715264915753)	(45, 36.177863669547605)	(46, 36.200883641260006)	(47, 36.19963300229542)	(48, 36.19544918690458)	(49, 36.20329110048748)	(50, 36.207225252157244)	(51, 36.17564118104204)
SRR14016016_2	(1, 35.86008157967282)	(2, 35.70202068652155)	(3, 35.85523102465676)	(4, 35.89362379150845)	(5, 35.96468510301702)	(6, 35.86419228643345)	(7, 35.85281975588436)	(8, 35.9232831073696)	(9, 35.85367039263248)	(10, 35.909629005736484)	(11, 35.95209105920587)	(12, 35.91752002781661)	(13, 35.909679430258315)	(14, 35.900283360877495)	(15, 35.85437450043013)	(16, 35.888191934570024)	(17, 35.872287811811255)	(18, 35.88586831996299)	(19, 35.879233616532595)	(20, 35.88686939910316)	(21, 35.85008460652942)	(22, 35.861302815877075)	(23, 35.85313667538937)	(24, 35.84449863618292)	(25, 35.82571491305233)	(26, 35.82879510328023)	(27, 35.7843238611885)	(28, 35.79715627861488)	(29, 35.78896340204829)	(30, 35.788018184689506)	(31, 35.76517106241974)	(32, 35.780021430421776)	(33, 35.76521892415681)	(34, 35.775359724937005)	(35, 35.756029713065075)	(36, 35.756742478919364)	(37, 35.74465825611501)	(38, 35.756910930069225)	(39, 35.73030499909264)	(40, 35.73567195523854)	(41, 35.7261839719285)	(42, 35.73804041857894)	(43, 35.73329937066318)	(44, 35.73008456497075)	(45, 35.70263322671225)	(46, 35.715950703103466)	(47, 35.70850228087844)	(48, 35.67999594110305)	(49, 35.6919163534759)	(50, 35.66889575838342)	(51, 35.63821267927372)
SRR14016017_1	(1, 36.54680984839466)	(2, 36.334441046902114)	(3, 36.50624058097563)	(4, 36.525322954123865)	(5, 36.54983982721166)	(6, 36.51945336906255)	(7, 36.469464791873555)	(8, 36.50390432730237)	(9, 36.492336579256474)	(10, 36.5136139221394)	(11, 36.53071758952614)	(12, 36.51046868777588)	(13, 36.50051533933055)	(14, 36.49455365029248)	(15, 36.48745045643982)	(16, 36.498414711101056)	(17, 36.490563223809055)	(18, 36.49175829231464)	(19, 36.49088752844116)	(20, 36.48334801654291)	(21, 36.48157434144858)	(22, 36.479008033320724)	(23, 36.46357442976245)	(24, 36.457285559270005)	(25, 36.44487134051653)	(26, 36.40937980141067)	(27, 36.40617830918926)	(28, 36.40416850634885)	(29, 36.3979183131337)	(30, 36.39490249010887)	(31, 36.39518067425682)	(32, 36.388243468483246)	(33, 36.38800464657028)	(34, 36.390726668411936)	(35, 36.378140981917895)	(36, 36.385774763170204)	(37, 36.38721478938223)	(38, 36.38124310321545)	(39, 36.374196821882634)	(40, 36.380227967004124)	(41, 36.38106749223608)	(42, 36.37354548972809)	(43, 36.36780616091524)	(44, 36.36105332489491)	(45, 36.35072529641768)	(46, 36.352041319422135)	(47, 36.34812583276783)	(48, 36.35326037417038)	(49, 36.35517984146101)	(50, 36.34939116306345)	(51, 36.31745250527552)
SRR14016017_2	(1, 35.81008443108077)	(2, 35.613805696592145)	(3, 35.714093228129315)	(4, 35.752514742230105)	(5, 35.806405477688806)	(6, 35.69722888495784)	(7, 35.60370275338834)	(8, 35.65829086709844)	(9, 35.646221090733015)	(10, 35.63519692510622)	(11, 35.626219047732555)	(12, 35.576352256020016)	(13, 35.54576177180836)	(14, 35.53029634054964)	(15, 35.49630417381705)	(16, 35.510186211226426)	(17, 35.52108416198372)	(18, 35.50193265377312)	(19, 35.49784902738064)	(20, 35.49347744477723)	(21, 35.48944532720269)	(22, 35.448735095492005)	(23, 35.43788527442807)	(24, 35.415234317402906)	(25, 35.39522551615329)	(26, 35.403842009852156)	(27, 35.374222886966045)	(28, 35.394112140267644)	(29, 35.37011665696995)	(30, 35.35893705161243)	(31, 35.361282027080215)	(32, 35.350112833079514)	(33, 35.35026918608716)	(34, 35.33673807533192)	(35, 35.34584189359201)	(36, 35.32054251798724)	(37, 35.33327911116315)	(38, 35.33388930570706)	(39, 35.309327001661224)	(40, 35.30513918932706)	(41, 35.29518407967197)	(42, 35.28890953515037)	(43, 35.28970258252907)	(44, 35.29686398487786)	(45, 35.26706521410444)	(46, 35.28516145879684)	(47, 35.267793140938956)	(48, 35.2392882605344)	(49, 35.25852004469957)	(50, 35.25546617052869)	(51, 35.46780229017959)
SRR14016018_1	(1, 36.56637382391903)	(2, 36.37746528855332)	(3, 36.54173211236362)	(4, 36.56204925679576)	(5, 36.58247156341542)	(6, 36.55271042660503)	(7, 36.511610476087526)	(8, 36.539523785673914)	(9, 36.52612182773942)	(10, 36.54974551860095)	(11, 36.56645212101117)	(12, 36.54815762504315)	(13, 36.539819380971146)	(14, 36.53367266299822)	(15, 36.527017647910974)	(16, 36.53743528206448)	(17, 36.53028187587153)	(18, 36.532236291748276)	(19, 36.53089002555275)	(20, 36.52182388796732)	(21, 36.52130449612334)	(22, 36.52063421595606)	(23, 36.50398665335722)	(24, 36.49887483591687)	(25, 36.48899751509755)	(26, 36.45437411301599)	(27, 36.454217043343306)	(28, 36.4510719252304)	(29, 36.445964070193504)	(30, 36.44353369041457)	(31, 36.44167476846091)	(32, 36.43549555877972)	(33, 36.432613781999976)	(34, 36.43660598272202)	(35, 36.428313147793524)	(36, 36.43170746324408)	(37, 36.4349702657819)	(38, 36.426523916339896)	(39, 36.419912456601885)	(40, 36.427902450997024)	(41, 36.42750976551971)	(42, 36.41855313466295)	(43, 36.41349713787628)	(44, 36.40935089318243)	(45, 36.39968071733462)	(46, 36.40102211138556)	(47, 36.39872313194972)	(48, 36.401333986520214)	(49, 36.40602721007363)	(50, 36.397735078469516)	(51, 36.36879609768604)
SRR14016018_2	(1, 35.88650186660902)	(2, 35.659438001224224)	(3, 35.818410578539435)	(4, 35.86619042803784)	(5, 35.93950899798425)	(6, 35.862212571216276)	(7, 35.78730325478159)	(8, 35.86955498405371)	(9, 35.872648828665994)	(10, 35.86800330686342)	(11, 35.88141160464343)	(12, 35.839689715280706)	(13, 35.81323987978385)	(14, 35.795821074977866)	(15, 35.770276648668904)	(16, 35.79176793249079)	(17, 35.80531126898031)	(18, 35.78613085884936)	(19, 35.78265789147516)	(20, 35.7799942053812)	(21, 35.77586633196509)	(22, 35.73215547456755)	(23, 35.72308339337695)	(24, 35.69948949978936)	(25, 35.68279240714742)	(26, 35.691613588951675)	(27, 35.660705732583416)	(28, 35.68508814445718)	(29, 35.65602526238243)	(30, 35.64613859029097)	(31, 35.65074979767968)	(32, 35.640160987697215)	(33, 35.64176465162073)	(34, 35.62542140160671)	(35, 35.636617489541635)	(36, 35.60806277191368)	(37, 35.623370910901365)	(38, 35.62744839139929)	(39, 35.5982204032811)	(40, 35.592761216718706)	(41, 35.58429653823248)	(42, 35.57849430745189)	(43, 35.5801324263933)	(44, 35.586562759362)	(45, 35.55960364964244)	(46, 35.57648689500144)	(47, 35.55640028028889)	(48, 35.52686468125381)	(49, 35.54920621836422)	(50, 35.55091868897152)	(51, 35.66259167514508)
SRR14016019_1	(1, 36.5355020182394)	(2, 36.36518749393859)	(3, 36.52415098504128)	(4, 36.554119917197006)	(5, 36.570101697862704)	(6, 36.545123953675805)	(7, 36.48984011263347)	(8, 36.525401457412976)	(9, 36.51161295284978)	(10, 36.543111934533464)	(11, 36.56007263655304)	(12, 36.53957548416008)	(13, 36.54156115081449)	(14, 36.5312454894774)	(15, 36.526766302257684)	(16, 36.53696230724727)	(17, 36.53060132498169)	(18, 36.531641512525795)	(19, 36.53112382659528)	(20, 36.52288833969293)	(21, 36.525117867187475)	(22, 36.5224077077683)	(23, 36.50506248683212)	(24, 36.4994468652913)	(25, 36.48722319018938)	(26, 36.453590325827776)	(27, 36.45401992488872)	(28, 36.44830665199667)	(29, 36.44292191570548)	(30, 36.44169980235634)	(31, 36.43992448741401)	(32, 36.43426492276514)	(33, 36.43050267036315)	(34, 36.43495102383429)	(35, 36.42217809332392)	(36, 36.42492059098757)	(37, 36.427576990614966)	(38, 36.42206900169329)	(39, 36.41510469169921)	(40, 36.41987589542755)	(41, 36.42021924555695)	(42, 36.412888750877535)	(43, 36.40813473688381)	(44, 36.399302813058746)	(45, 36.39050591868855)	(46, 36.39258586808229)	(47, 36.38950008146231)	(48, 36.39387627995341)	(49, 36.395765526605935)	(50, 36.38888695735895)	(51, 36.35571713110746)
SRR14016019_2	(1, 36.242853425990646)	(2, 36.12795249863723)	(3, 36.25487618009317)	(4, 36.2744566137053)	(5, 36.33174036779779)	(6, 36.26966420643228)	(7, 36.23443480936249)	(8, 36.307789835564485)	(9, 36.3078813335429)	(10, 36.30148503626811)	(11, 36.332926229754904)	(12, 36.30773713058862)	(13, 36.285839550803786)	(14, 36.27452958468078)	(15, 36.2545352029777)	(16, 36.27721158573086)	(17, 36.29048762135354)	(18, 36.27895258893128)	(19, 36.27669737779368)	(20, 36.27548262173813)	(21, 36.27106516890005)	(22, 36.24129923116282)	(23, 36.23516097423944)	(24, 36.21873929430178)	(25, 36.20519899807038)	(26, 36.214151085368016)	(27, 36.19115051350565)	(28, 36.21047270611291)	(29, 36.18822251131184)	(30, 36.1780647642489)	(31, 36.18453496888199)	(32, 36.173009166518966)	(33, 36.17684418924297)	(34, 36.16485688391863)	(35, 36.17309390916418)	(36, 36.1481762231726)	(37, 36.16483864481148)	(38, 36.1667261600064)	(39, 36.14728048963155)	(40, 36.142493882623306)	(41, 36.13300830608585)	(42, 36.129035314573194)	(43, 36.130590466314075)	(44, 36.13268322725378)	(45, 36.1096832267708)	(46, 36.12669146406055)	(47, 36.10915848163929)	(48, 36.08789103429245)	(49, 36.10894742242)	(50, 36.108915729268126)	(51, 36.16932277331721)
SRR14016020_1	(1, 36.54107179652656)	(2, 36.38545387406478)	(3, 36.53227071870675)	(4, 36.5627014638853)	(5, 36.57476008319575)	(6, 36.55082692272443)	(7, 36.50290312064404)	(8, 36.53555079095661)	(9, 36.52500085529163)	(10, 36.54978219727443)	(11, 36.57191497463974)	(12, 36.55238787034416)	(13, 36.54786560531401)	(14, 36.537443836426874)	(15, 36.53044027919858)	(16, 36.540488628453424)	(17, 36.5359222252966)	(18, 36.540251409107384)	(19, 36.53619721136609)	(20, 36.5291609198995)	(21, 36.53186793521613)	(22, 36.52429741544028)	(23, 36.504780376115015)	(24, 36.50179708198043)	(25, 36.48517893878185)	(26, 36.457720314697454)	(27, 36.45640489694971)	(28, 36.45382604841094)	(29, 36.447560604395)	(30, 36.44631476421722)	(31, 36.44224311437144)	(32, 36.437252551204494)	(33, 36.43437406203595)	(34, 36.43402811330885)	(35, 36.427026264355334)	(36, 36.42468366697264)	(37, 36.42800389657146)	(38, 36.42556031712407)	(39, 36.4187368978471)	(40, 36.424751432719475)	(41, 36.422173104387134)	(42, 36.41659383905927)	(43, 36.41172658513405)	(44, 36.40371307189549)	(45, 36.391515866102665)	(46, 36.39815562638853)	(47, 36.39502810785586)	(48, 36.3957387391124)	(49, 36.40183339358937)	(50, 36.38954929487896)	(51, 36.35786554663554)
SRR14016020_2	(1, 36.10932404536642)	(2, 35.96394944633199)	(3, 36.13784590890583)	(4, 36.166054096260545)	(5, 36.23402237904595)	(6, 36.1834110913849)	(7, 36.15223553840366)	(8, 36.236356990461225)	(9, 36.2394323467554)	(10, 36.23154150237411)	(11, 36.27544231735507)	(12, 36.256697325889746)	(13, 36.2346874519692)	(14, 36.21817591435061)	(15, 36.19335574374382)	(16, 36.221873128833145)	(17, 36.23611016784076)	(18, 36.22787009669158)	(19, 36.22152076253323)	(20, 36.22055637216733)	(21, 36.21758674423096)	(22, 36.17592981742375)	(23, 36.17137717280432)	(24, 36.154419590790624)	(25, 36.14156293014186)	(26, 36.1518498376608)	(27, 36.12136345812804)	(28, 36.14562299142091)	(29, 36.11623443236499)	(30, 36.107857606894484)	(31, 36.117379114974234)	(32, 36.099940999882776)	(33, 36.10572646485601)	(34, 36.089865733757804)	(35, 36.10232127302114)	(36, 36.0717286171256)	(37, 36.093027107903104)	(38, 36.09298449637283)	(39, 36.06582381528807)	(40, 36.06260702639497)	(41, 36.05402327257968)	(42, 36.048122474726014)	(43, 36.05848421466739)	(44, 36.054868906330775)	(45, 36.02974562142704)	(46, 36.048628870564684)	(47, 36.027020418155345)	(48, 35.99894029469186)	(49, 36.023625421293524)	(50, 36.02696447065684)	(51, 36.055997781273675)
SRR14016021_1	(1, 36.57777175675569)	(2, 36.43849643510019)	(3, 36.579247988405484)	(4, 36.60235962415881)	(5, 36.611477078184045)	(6, 36.59147820689637)	(7, 36.54716756745182)	(8, 36.58103996932464)	(9, 36.55907585777384)	(10, 36.589978110185335)	(11, 36.598307366779174)	(12, 36.583284485839016)	(13, 36.585536256931746)	(14, 36.578007730678834)	(15, 36.56480987651307)	(16, 36.57621392360719)	(17, 36.57137149254895)	(18, 36.57265577806154)	(19, 36.569305838914936)	(20, 36.5663462961475)	(21, 36.56534546452266)	(22, 36.56190254169406)	(23, 36.540805627431475)	(24, 36.541245279896145)	(25, 36.52630585162296)	(26, 36.50247571242211)	(27, 36.497205211208794)	(28, 36.49183924975052)	(29, 36.487895560888475)	(30, 36.483860339260104)	(31, 36.484601907263674)	(32, 36.479874623875126)	(33, 36.47375451147219)	(34, 36.47623712825164)	(35, 36.4661590930036)	(36, 36.46236021198875)	(37, 36.461998531863024)	(38, 36.45808228675388)	(39, 36.45847824919601)	(40, 36.46890045482539)	(41, 36.46026498054333)	(42, 36.45527543898673)	(43, 36.44866494225034)	(44, 36.44296667714618)	(45, 36.43343623125987)	(46, 36.43807325834008)	(47, 36.43157681809966)	(48, 36.43443753867237)	(49, 36.43758535819739)	(50, 36.433595800015986)	(51, 36.405567703812046)
SRR14016021_2	(1, 36.11206229751596)	(2, 35.9816561982267)	(3, 36.15548507663186)	(4, 36.178262776638334)	(5, 36.245811856862865)	(6, 36.187874467576485)	(7, 36.15587399707956)	(8, 36.239627704044025)	(9, 36.241985141823)	(10, 36.24114195969076)	(11, 36.27508728258404)	(12, 36.25308804886764)	(13, 36.23304099717332)	(14, 36.21628854970372)	(15, 36.19563761690002)	(16, 36.222290012226715)	(17, 36.23243356382213)	(18, 36.22191377478327)	(19, 36.22051499201146)	(20, 36.21604186902354)	(21, 36.21640279680506)	(22, 36.17232930702566)	(23, 36.16674238111672)	(24, 36.14654858681314)	(25, 36.137030504951674)	(26, 36.14880220907415)	(27, 36.12367585183009)	(28, 36.13570239177945)	(29, 36.11379253947166)	(30, 36.1094434197422)	(31, 36.112864278646256)	(32, 36.09807769683447)	(33, 36.1093673967641)	(34, 36.09689797731348)	(35, 36.10233505865552)	(36, 36.07015200406525)	(37, 36.096410466891115)	(38, 36.093413323990056)	(39, 36.07258829948003)	(40, 36.0679388218647)	(41, 36.055606020494615)	(42, 36.05793274193422)	(43, 36.066260643686554)	(44, 36.063479737562034)	(45, 36.02842541200997)	(46, 36.05185671668847)	(47, 36.03280712095657)	(48, 36.00859005239053)	(49, 36.035700320514344)	(50, 36.03082836149765)	(51, 36.05309589174122)
SRR14016022_1	(1, 36.556877501170426)	(2, 36.403948020994584)	(3, 36.5438362736853)	(4, 36.57048780866686)	(5, 36.58449038480847)	(6, 36.55827499294965)	(7, 36.50756301778104)	(8, 36.54389558126926)	(9, 36.53242901055223)	(10, 36.56558154584409)	(11, 36.57834318404181)	(12, 36.55677156590334)	(13, 36.5564938962822)	(14, 36.55041353021195)	(15, 36.54356332745351)	(16, 36.55214236649132)	(17, 36.54788752725894)	(18, 36.550124696215974)	(19, 36.549437960869874)	(20, 36.5390080604513)	(21, 36.5425353966883)	(22, 36.53846828060924)	(23, 36.52349250944962)	(24, 36.518736182665336)	(25, 36.50364985388435)	(26, 36.4677428248369)	(27, 36.470171253174556)	(28, 36.47075260894643)	(29, 36.46471477863911)	(30, 36.46179016709053)	(31, 36.45960975458203)	(32, 36.45587562482295)	(33, 36.45201618632281)	(34, 36.45319231027162)	(35, 36.4447737149192)	(36, 36.45698508685584)	(37, 36.45969267723299)	(38, 36.452172613954325)	(39, 36.44799050581511)	(40, 36.45323217139391)	(41, 36.445278383030406)	(42, 36.44478648177348)	(43, 36.43984430446783)	(44, 36.433710023436774)	(45, 36.4222428410962)	(46, 36.4284934773523)	(47, 36.42558940916634)	(48, 36.42492670292789)	(49, 36.42964158156833)	(50, 36.42100536577207)	(51, 36.39073200858647)
SRR14016022_2	(1, 36.199733494753694)	(2, 36.09610028639653)	(3, 36.22086843933533)	(4, 36.23767494063874)	(5, 36.29361103494892)	(6, 36.232914042017704)	(7, 36.19906408692148)	(8, 36.25871493751676)	(9, 36.24800193684222)	(10, 36.24382236873429)	(11, 36.27599180757164)	(12, 36.254766259794245)	(13, 36.23797809635538)	(14, 36.22239843860408)	(15, 36.199281337572934)	(16, 36.2247171933772)	(17, 36.237158045239205)	(18, 36.227628266226894)	(19, 36.22456791406665)	(20, 36.222694420831004)	(21, 36.21973510373712)	(22, 36.18376937331611)	(23, 36.18084428185096)	(24, 36.16059986034428)	(25, 36.14718151947394)	(26, 36.15530314750753)	(27, 36.12779112212449)	(28, 36.15042537657348)	(29, 36.12556294528837)	(30, 36.117826033528736)	(31, 36.12391405300527)	(32, 36.11035550072158)	(33, 36.11477977576025)	(34, 36.10124264291063)	(35, 36.11021976010991)	(36, 36.08774762278664)	(37, 36.10494205316607)	(38, 36.10441465721632)	(39, 36.08227795452917)	(40, 36.07950173218143)	(41, 36.07178278240952)	(42, 36.068352513641884)	(43, 36.07357400840488)	(44, 36.072376930166094)	(45, 36.04711900977419)	(46, 36.06221611729627)	(47, 36.04550044634011)	(48, 36.020671371467515)	(49, 36.04212417104893)	(50, 36.04622887733564)	(51, 36.093825568204394)
