Sample	0	1	2	3	4	5	6	7	8	9	10	11	12	13	14	15	16	17	18	19	20	21	22	23	24	25	26	27	28	29	30	31	32	33	34	35	36	37	38	39	40	41	42	43	44	45	46	47	48	49	50
SRR14016000_1	(1, 0.0046375653659620686)	(2, 0.13505412892020446)	(3, 0.0)	(4, 4.910724411343025e-05)	(5, 0.00015039093509738015)	(6, 0.0001657369488828271)	(7, 3.0692027570893907e-06)	(8, 0.0)	(9, 0.0016604386915853604)	(10, 9.207608271268171e-06)	(11, 7.366086617014537e-05)	(12, 0.0)	(13, 0.0)	(14, 0.0)	(15, 0.0)	(16, 0.0)	(17, 0.0)	(18, 0.0)	(19, 0.0)	(20, 0.0)	(21, 0.0)	(22, 0.0)	(23, 0.0)	(24, 0.0)	(25, 0.0)	(26, 0.0)	(27, 0.0)	(28, 0.0)	(29, 0.0)	(30, 0.0)	(31, 4.910724411343025e-05)	(32, 0.0)	(33, 0.0)	(34, 0.0)	(35, 0.0)	(36, 0.0)	(37, 0.0)	(38, 0.0)	(39, 0.0)	(40, 0.0)	(41, 0.0)	(42, 0.0)	(43, 0.0)	(44, 0.0)	(45, 0.0)	(46, 0.0)	(47, 0.0)	(48, 0.0)	(49, 0.0)	(50, 0.0)	(51, 0.0)
SRR14016000_2	(1, 0.10670083385021265)	(2, 0.0151587924172645)	(3, 1.8415216542536342e-05)	(4, 1.2276811028357563e-05)	(5, 0.0)	(6, 0.0)	(7, 0.0)	(8, 0.00011662970476939682)	(9, 0.0)	(10, 9.20760827126817e-05)	(11, 0.0)	(12, 1.8415216542536342e-05)	(13, 0.00031305868122311786)	(14, 0.0010404597346533033)	(15, 0.002783766900680077)	(16, 0.0036093824423371235)	(17, 0.0031889016646158767)	(18, 0.00453321247222103)	(19, 0.003056925946061033)	(20, 0.004008378800758743)	(21, 0.0036523512809363743)	(22, 0.005094876576768387)	(23, 0.005257544322894126)	(24, 0.006015637403895205)	(25, 0.005318928378035913)	(26, 0.006147613122450048)	(27, 0.0057302015474858916)	(28, 0.006865806567608967)	(29, 0.00468360340731841)	(30, 0.004524004863949761)	(31, 0.004646772974233337)	(32, 0.00448103602535051)	(33, 0.003661558889207643)	(34, 0.0046068733383911745)	(35, 0.0077190449340798165)	(36, 0.0049383472361568285)	(37, 0.004032932422815459)	(38, 0.004410444361937454)	(39, 0.003050787540546854)	(40, 0.00457925051357737)	(41, 0.0035019603458389947)	(42, 0.005355758811120986)	(43, 0.004723503043160572)	(44, 0.006525125061572044)	(45, 0.004821717531387432)	(46, 0.00599108378183849)	(47, 0.004744987462460198)	(48, 0.006193651163806389)	(49, 0.0057823779943564114)	(50, 0.005852969657769468)	(51, 0.004496382039135957)
SRR14016001_1	(1, 0.004343141775345364)	(2, 0.1347741117973021)	(3, 0.0)	(4, 4.133297443593685e-05)	(5, 8.584540844386883e-05)	(6, 0.0002130237913236745)	(7, 0.0)	(8, 0.0)	(9, 0.001656498437009469)	(10, 6.358919143990283e-06)	(11, 8.26659488718737e-05)	(12, 0.0)	(13, 0.0)	(14, 0.0)	(15, 3.1794595719951415e-06)	(16, 0.0)	(17, 0.0)	(18, 0.0)	(19, 0.0)	(20, 0.0)	(21, 0.0)	(22, 0.0)	(23, 0.0)	(24, 0.0)	(25, 0.0)	(26, 0.0)	(27, 0.0)	(28, 0.0)	(29, 0.0)	(30, 0.0)	(31, 8.26659488718737e-05)	(32, 0.0)	(33, 0.0)	(34, 0.0)	(35, 0.0)	(36, 0.0)	(37, 0.0)	(38, 0.0)	(39, 0.0)	(40, 0.0)	(41, 0.0)	(42, 0.0)	(43, 0.0)	(44, 0.0)	(45, 0.0)	(46, 0.0)	(47, 0.0)	(48, 0.0)	(49, 0.0)	(50, 0.0)	(51, 0.0)
SRR14016001_2	(1, 0.10605405348346995)	(2, 0.014879870796937264)	(3, 3.815351486394171e-05)	(4, 3.1794595719951415e-06)	(5, 0.0)	(6, 0.0)	(7, 0.0)	(8, 6.994811058389313e-05)	(9, 3.1794595719951415e-06)	(10, 6.676865101189798e-05)	(11, 0.0)	(12, 1.9076757431970854e-05)	(13, 0.0002670746040475919)	(14, 0.0010015297651784698)	(15, 0.002658028202187939)	(16, 0.0034687903930467)	(17, 0.0030268455125393753)	(18, 0.004543447728381058)	(19, 0.0029346411849515163)	(20, 0.0039520682479899615)	(21, 0.0036086866142144864)	(22, 0.004953598013168432)	(23, 0.00492816233659247)	(24, 0.005837487774183081)	(25, 0.00513800666834415)	(26, 0.005888359127335003)	(27, 0.005341492080951839)	(28, 0.006530609960878023)	(29, 0.004667446651688868)	(30, 0.004368577451921325)	(31, 0.004603857460248966)	(32, 0.004333603396629379)	(33, 0.0035164822866266274)	(34, 0.004448063941221204)	(35, 0.007226911607144958)	(36, 0.0047978044941406695)	(37, 0.003929812030985995)	(38, 0.004276373124333466)	(39, 0.0028074628020717104)	(40, 0.004435346102933223)	(41, 0.0033924833633188164)	(42, 0.0050744174769042465)	(43, 0.004451243400793199)	(44, 0.00636845752270627)	(45, 0.004495755834801131)	(46, 0.005703950472159285)	(47, 0.004575242324101009)	(48, 0.005961486697490892)	(49, 0.005551336412703518)	(50, 0.0056212845232874115)	(51, 0.00437175691149332)
SRR14016002_1	(1, 0.004261570205117642)	(2, 0.13504606780917752)	(3, 0.0)	(4, 3.360859783215806e-05)	(5, 0.0001243518119789848)	(6, 0.0002453427641747538)	(7, 0.0)	(8, 0.0)	(9, 0.0016165735557268027)	(10, 3.3608597832158056e-06)	(11, 9.074321414682676e-05)	(12, 0.0)	(13, 6.721719566431611e-06)	(14, 0.0)	(15, 3.3608597832158056e-06)	(16, 0.0)	(17, 0.0)	(18, 0.0)	(19, 0.0)	(20, 0.0)	(21, 0.0)	(22, 0.0)	(23, 0.0)	(24, 0.0)	(25, 0.0)	(26, 0.0)	(27, 0.0)	(28, 0.0)	(29, 0.0)	(30, 0.0)	(31, 0.00010082579349647417)	(32, 0.0)	(33, 0.0)	(34, 0.0)	(35, 0.0)	(36, 0.0)	(37, 0.0)	(38, 0.0)	(39, 0.0)	(40, 0.0)	(41, 0.0)	(42, 0.0)	(43, 0.0)	(44, 0.0)	(45, 0.0)	(46, 0.0)	(47, 0.0)	(48, 0.0)	(49, 0.0)	(50, 0.0)	(51, 0.0)
SRR14016002_2	(1, 0.10601496100175938)	(2, 0.015002878072275357)	(3, 4.3691177181805474e-05)	(4, 1.0082579349647416e-05)	(5, 0.0)	(6, 0.0)	(7, 0.0)	(8, 6.049547609788451e-05)	(9, 0.0)	(10, 9.746493371325836e-05)	(11, 3.3608597832158056e-06)	(12, 2.352601848251064e-05)	(13, 0.00027222964244048023)	(14, 0.00100153621539831)	(15, 0.0027659876015866084)	(16, 0.003512098473460517)	(17, 0.0029373914505306143)	(18, 0.004416169755145569)	(19, 0.0029441131700970458)	(20, 0.0038616278909149606)	(21, 0.003498655034327654)	(22, 0.005138754608536967)	(23, 0.00521605438355093)	(24, 0.005952082676075192)	(25, 0.005357210494445994)	(26, 0.006177260281550651)	(27, 0.005575666380355022)	(28, 0.006832627939277733)	(29, 0.00477578175194966)	(30, 0.0045573258660406325)	(31, 0.0046480690801874594)	(32, 0.0044968303899427485)	(33, 0.0037238326398031127)	(34, 0.004728729714984638)	(35, 0.007498078176354462)	(36, 0.004896772704145429)	(37, 0.003985979702893946)	(38, 0.00446322179211059)	(39, 0.0029878043472788512)	(40, 0.004500191249725964)	(41, 0.0034684072962787114)	(42, 0.00521605438355093)	(43, 0.004587573604089575)	(44, 0.006224312318515671)	(45, 0.0047220079954182065)	(46, 0.0058478960227955025)	(47, 0.0046615125193203225)	(48, 0.0059251957978094655)	(49, 0.0058310917238794235)	(50, 0.005689935612984359)	(51, 0.004466582651893806)
SRR14016003_1	(1, 0.004232234719652138)	(2, 0.135158188100455)	(3, 2.1353353782301405e-06)	(4, 3.416536605168225e-05)	(5, 0.00011957878118088788)	(6, 0.00021780420857947432)	(7, 0.0)	(8, 0.0)	(9, 0.00152035878929986)	(10, 4.270670756460281e-06)	(11, 9.395475664212618e-05)	(12, 2.1353353782301405e-06)	(13, 0.0)	(14, 0.0)	(15, 6.406006134690421e-06)	(16, 0.0)	(17, 0.0)	(18, 0.0)	(19, 0.0)	(20, 0.0)	(21, 0.0)	(22, 0.0)	(23, 0.0)	(24, 0.0)	(25, 0.0)	(26, 0.0)	(27, 0.0)	(28, 0.0)	(29, 0.0)	(30, 0.0)	(31, 8.327807975097547e-05)	(32, 0.0)	(33, 0.0)	(34, 0.0)	(35, 0.0)	(36, 0.0)	(37, 0.0)	(38, 0.0)	(39, 0.0)	(40, 0.0)	(41, 0.0)	(42, 0.0)	(43, 0.0)	(44, 0.0)	(45, 0.0)	(46, 0.0)	(47, 0.0)	(48, 0.0)	(49, 0.0)	(50, 0.0)	(51, 0.0)
SRR14016003_2	(1, 0.10643579192788136)	(2, 0.014703919414492747)	(3, 2.5624024538761686e-05)	(4, 8.541341512920562e-06)	(5, 0.0)	(6, 0.0)	(7, 0.0)	(8, 5.7654055212213796e-05)	(9, 0.0)	(10, 5.7654055212213796e-05)	(11, 0.0)	(12, 1.0676676891150702e-05)	(13, 0.0002839996053046087)	(14, 0.0009694422617164838)	(15, 0.0027097405949740483)	(16, 0.0034037245928988445)	(17, 0.0029446274865793636)	(18, 0.004296294780999042)	(19, 0.0028976501082583006)	(20, 0.00379662630249319)	(21, 0.003369559226847162)	(22, 0.004977466766654458)	(23, 0.00502230880959729)	(24, 0.005686398112226864)	(25, 0.005146158261534639)	(26, 0.005968262382153243)	(27, 0.005575360672558896)	(28, 0.006566156288057682)	(29, 0.004667843136811087)	(30, 0.004309106793268423)	(31, 0.004543993684873739)	(32, 0.004330460147050724)	(33, 0.003595904776939557)	(34, 0.00456534703865604)	(35, 0.007492891842209563)	(36, 0.004702008502862769)	(37, 0.0038179796562754914)	(38, 0.004144685969144702)	(39, 0.0028698907483413086)	(40, 0.004334730817807185)	(41, 0.0034357546235722963)	(42, 0.005045797498757823)	(43, 0.0044799336235268345)	(44, 0.006256532658214312)	(45, 0.004543993684873739)	(46, 0.005667180093822793)	(47, 0.004601647740085953)	(48, 0.005840142259459434)	(49, 0.005600984697097659)	(50, 0.005504894605077302)	(51, 0.004371031519237098)
SRR14016004_1	(1, 0.004474263469129497)	(2, 0.1360096533542917)	(3, 2.0937124329103874e-06)	(4, 2.512454919492465e-05)	(5, 0.00014446615787081673)	(6, 0.00017587184436447254)	(7, 0.0)	(8, 0.0)	(9, 0.001712656770120697)	(10, 6.2811372987311625e-06)	(11, 8.165478488350511e-05)	(12, 0.0)	(13, 2.0937124329103874e-06)	(14, 0.0)	(15, 0.0)	(16, 0.0)	(17, 0.0)	(18, 0.0)	(19, 0.0)	(20, 0.0)	(21, 0.0)	(22, 0.0)	(23, 0.0)	(24, 0.0)	(25, 0.0)	(26, 0.0)	(27, 0.0)	(28, 0.0)	(29, 0.0)	(30, 0.0)	(31, 9.421705948096743e-05)	(32, 0.0)	(33, 0.0)	(34, 0.0)	(35, 0.0)	(36, 0.0)	(37, 0.0)	(38, 0.0)	(39, 0.0)	(40, 0.0)	(41, 0.0)	(42, 0.0)	(43, 0.0)	(44, 0.0)	(45, 0.0)	(46, 0.0)	(47, 0.0)	(48, 0.0)	(49, 0.0)	(50, 0.0)	(51, 0.0)
SRR14016004_2	(1, 0.10613656436152627)	(2, 0.015060073529924415)	(3, 3.34993989265662e-05)	(4, 8.37484973164155e-06)	(5, 0.0)	(6, 4.187424865820775e-06)	(7, 0.0)	(8, 8.374849731641549e-05)	(9, 0.0)	(10, 8.584220974932588e-05)	(11, 0.0)	(12, 1.8843411896193486e-05)	(13, 0.0003035883027720062)	(14, 0.001097105314845043)	(15, 0.0029437596806720047)	(16, 0.00356559227324639)	(17, 0.0030337893152871513)	(18, 0.004532887417250989)	(19, 0.002977259079598571)	(20, 0.003950835360901901)	(21, 0.003653528195428626)	(22, 0.0051002834865697035)	(23, 0.005236374794708879)	(24, 0.005862394812149085)	(25, 0.0052342810822759685)	(26, 0.006065484918141392)	(27, 0.005663492131022598)	(28, 0.006658005536655033)	(29, 0.004643854176195239)	(30, 0.004388421259380172)	(31, 0.004612448489701583)	(32, 0.004384233834514351)	(33, 0.003653528195428626)	(34, 0.004643854176195239)	(35, 0.007612738406062168)	(36, 0.004754820935139489)	(37, 0.003911054824676604)	(38, 0.004254423663673907)	(39, 0.00292072884390999)	(40, 0.004493106881025691)	(41, 0.0035174368872894508)	(42, 0.00524684335687343)	(43, 0.004637573038896507)	(44, 0.006438165731199442)	(45, 0.00465013531349397)	(46, 0.005816333138625056)	(47, 0.004591511365372479)	(48, 0.005983830133257887)	(49, 0.005682335542918792)	(50, 0.00572630350400991)	(51, 0.0043863275469472615)
SRR14016005_1	(1, 0.07012655725668673)	(2, 0.04759428256766742)	(3, 0.04718246553679762)	(4, 0.04603526095080316)	(5, 0.045814644684265764)	(6, 0.04599113769749568)	(7, 0.045814644684265764)	(8, 0.045814644684265764)	(9, 0.045814644684265764)	(10, 0.04585876793757324)	(15, 0.04598819614727518)	(20, 0.04781489883420481)	(25, 0.0522654643178192)	(30, 0.051580083116443035)	(35, 0.023581076698070035)	(40, 0.01555259584110386)	(45, 0.008807171832767732)	(50, 0.01585649226447535)	(55, 0.014286202912273598)	(60, 0.0052801504876637765)	(65, 0.007479006703194102)	(70, 0.008345816518404854)	(75, 0.002843635172541776)	(80, 0.008820278178729749)	(85, 0.007276404126083802)	(90, 0.0057665095725915085)	(95, 0.0106137364322434)	(100, 0.010729541077976487)	(105, 0.003212286088258178)	(110, 0.008171992230252625)	(115, 0.010274045827438794)	(120, 0.0063248731436906964)	(125, 0.014086288620085824)	(130, 0.009611104874537611)	(135, 0.007191977776285736)	(140, 0.01522130392986227)	(145, 0.008113191773124721)	(150, 0.003982274589473439)													
SRR14016006_1	(1, 0.04203746661728299)	(2, 0.018386323320142693)	(3, 0.01786233649778748)	(4, 0.01654613150353808)	(5, 0.016365231291058303)	(6, 0.016514941811731222)	(7, 0.016355874383516246)	(8, 0.016355874383516246)	(9, 0.016355874383516246)	(10, 0.016405154096571083)	(15, 0.016538022183668295)	(20, 0.018409403692079766)	(25, 0.022734790151854815)	(30, 0.02217836605002047)	(35, 0.017929558970660127)	(40, 0.015401063124730557)	(45, 0.00855924668927863)	(50, 0.01530671870595994)	(55, 0.013938911536449867)	(60, 0.005000263318126448)	(65, 0.007494930683769188)	(70, 0.008026161542759864)	(75, 0.0028513898541963657)	(80, 0.008483906769221672)	(85, 0.006921068098977165)	(90, 0.005658953116759606)	(95, 0.010147192074284323)	(100, 0.010567268686600989)	(105, 0.0033566676929841204)	(110, 0.00799298573763283)	(115, 0.01027220437861528)	(120, 0.00631069999269151)	(125, 0.014084635297692617)	(130, 0.01039401303783105)	(135, 0.007161440014003002)	(140, 0.015024817827443594)	(145, 0.009291380077750634)	(150, 0.005351303945297898)													
SRR14016007_1	(1, 0.05426281735384102)	(2, 0.03061504157492188)	(3, 0.03022479854536435)	(4, 0.028806598267216252)	(5, 0.02864003112045389)	(6, 0.02876376671519164)	(7, 0.02863527205911782)	(8, 0.02863527205911782)	(9, 0.02863527205911782)	(10, 0.028688573546081775)	(15, 0.028794224707742472)	(20, 0.03063217419573172)	(25, 0.03501622149851705)	(30, 0.03443180876644797)	(35, 0.020393051960067975)	(40, 0.015432494833175742)	(45, 0.008750779233207634)	(50, 0.015402161945124743)	(55, 0.014069241795380372)	(60, 0.005092072931752599)	(65, 0.007410097304843338)	(70, 0.00814280734596747)	(75, 0.0027552881091151117)	(80, 0.008326916981192825)	(85, 0.006835342674567821)	(90, 0.00559224922488892)	(95, 0.010006335262748993)	(100, 0.010182277913331223)	(105, 0.0031197271500263656)	(110, 0.007676416322737081)	(115, 0.010026294269338366)	(120, 0.006273003506712551)	(125, 0.014013741635198399)	(130, 0.01027867061934908)	(135, 0.0073509790192103335)	(140, 0.015022758331651714)	(145, 0.009654960405668428)	(150, 0.005545691356105355)													
SRR14016008_1	(1, 0.022477113077825073)	(2, 0.2333690689933747)	(3, 0.0)	(4, 0.0)	(5, 0.0)	(6, 0.0)	(7, 0.0)	(8, 0.0)	(9, 0.0)	(10, 0.0)	(11, 1.061910854070476e-05)	(12, 0.0)	(13, 0.0)	(14, 0.0)	(15, 0.0)	(16, 0.0)	(17, 0.0)	(18, 0.0)	(19, 0.0)	(20, 0.0)	(21, 0.0)	(22, 0.0)	(23, 0.0001061910854070476)	(24, 0.0)	(25, 0.0)	(26, 0.0)	(27, 0.0)	(28, 0.0)	(29, 0.0)	(30, 0.0)	(31, 0.00011681019394775235)	(32, 0.0)	(33, 0.0)	(34, 0.0)	(35, 4.601613700972063e-05)	(36, 0.0)	(37, 3.893673131591745e-05)	(38, 0.0)	(39, 0.0)	(40, 0.00024423949643620946)	(41, 0.000651305323829892)	(42, 0.0)	(43, 0.00016636603380437457)	(44, 0.0)	(45, 0.0)	(46, 0.000615908295360876)	(47, 0.007957251999834766)	(48, 0.0)	(49, 7.079405693803173e-06)	(50, 0.0)	(51, 0.0003433511761494539)
SRR14016008_2	(1, 0.0)	(2, 0.021408122818060794)	(3, 0.0004637010729441078)	(4, 0.0008035125462466601)	(5, 0.0005486539412697459)	(6, 0.0)	(7, 0.0)	(8, 8.849257117253966e-05)	(9, 0.0)	(10, 2.8317622775212693e-05)	(11, 0.0008035125462466601)	(12, 1.769851423450793e-05)	(13, 0.0)	(14, 0.0)	(15, 0.010456282209747286)	(16, 0.0)	(17, 0.0018335660746950219)	(18, 2.4777919928311102e-05)	(19, 0.0)	(20, 1.4158811387606347e-05)	(21, 0.0026335389180947807)	(22, 3.1857325622114284e-05)	(23, 0.0007928934377059553)	(24, 0.001582247172565009)	(25, 0.0)	(26, 4.601613700972063e-05)	(27, 0.0)	(28, 0.0032529869163025584)	(29, 0.0)	(30, 0.00013804841102916187)	(31, 0.0)	(32, 0.0)	(33, 0.0013557061903633077)	(34, 8.495286832563809e-05)	(35, 1.061910854070476e-05)	(36, 6.371465124422857e-05)	(37, 0.0)	(38, 0.0)	(39, 0.0)	(40, 0.0)	(41, 0.0)	(42, 3.5397028469015867e-06)	(43, 0.0)	(44, 1.061910854070476e-05)	(45, 3.5397028469015867e-06)	(46, 3.5397028469015867e-06)	(47, 0.0)	(48, 0.0)	(49, 0.0)	(50, 0.0)	(51, 0.0002123821708140952)
SRR14016009_1	(1, 0.022584298301347377)	(2, 0.2326810465984563)	(3, 0.0)	(4, 0.0)	(5, 0.0)	(6, 0.0)	(7, 1.4375746849998331e-05)	(8, 0.0)	(9, 0.0)	(10, 0.0)	(11, 1.4375746849998331e-05)	(12, 0.0)	(13, 0.0)	(14, 0.0)	(15, 0.0)	(16, 0.0)	(17, 0.0)	(18, 0.0)	(19, 0.0)	(20, 0.0)	(21, 0.0)	(22, 0.0)	(23, 0.00013896555288331718)	(24, 0.0)	(25, 0.0)	(26, 0.0)	(27, 0.0)	(28, 0.0)	(29, 0.0)	(30, 0.0)	(31, 7.667064986665776e-05)	(32, 0.0)	(33, 0.0)	(34, 0.0)	(35, 4.79191561666611e-05)	(36, 0.0)	(37, 4.3127240549994985e-05)	(38, 0.0)	(39, 0.0)	(40, 0.00020126045589997663)	(41, 0.0006037813676999298)	(42, 0.0)	(43, 0.00011979789041665274)	(44, 0.0)	(45, 4.79191561666611e-06)	(46, 0.0005894056208499316)	(47, 0.007892285020649084)	(48, 0.0)	(49, 1.4375746849998331e-05)	(50, 0.0)	(51, 0.0002827230213833005)
SRR14016009_2	(1, 0.0)	(2, 0.022977235381913996)	(3, 0.00035939367124995824)	(4, 0.0007858741611332419)	(5, 0.0004600238991999466)	(6, 0.0)	(7, 0.0)	(8, 8.625448109998997e-05)	(9, 0.0)	(10, 2.395957808333055e-05)	(11, 0.0007523307518165792)	(12, 4.79191561666611e-06)	(13, 0.0)	(14, 0.0)	(15, 0.010537422441048777)	(16, 0.0)	(17, 0.0018400955967997864)	(18, 9.58383123333222e-06)	(19, 0.0)	(20, 9.58383123333222e-06)	(21, 0.0026355535891663603)	(22, 1.4375746849998331e-05)	(23, 0.0008290014016832371)	(24, 0.0014902857567831603)	(25, 0.0)	(26, 3.354340931666277e-05)	(27, 0.0)	(28, 0.00330162985988295)	(29, 0.0)	(30, 9.58383123333222e-05)	(31, 0.0)	(32, 0.0)	(33, 0.0012746495540331853)	(34, 9.58383123333222e-05)	(35, 0.0)	(36, 6.708681863332554e-05)	(37, 0.0)	(38, 0.0)	(39, 0.0)	(40, 0.0)	(41, 0.0)	(42, 0.0)	(43, 0.0)	(44, 1.4375746849998331e-05)	(45, 0.0)	(46, 9.58383123333222e-06)	(47, 0.0)	(48, 0.0)	(49, 0.0)	(50, 0.0)	(51, 0.00020605237151664272)
SRR14016010_1	(1, 0.022246451401642636)	(2, 0.23428037810582814)	(3, 0.0)	(4, 0.0)	(5, 0.0)	(6, 0.0)	(7, 2.7340989022911883e-05)	(8, 0.0)	(9, 0.0)	(10, 0.0)	(11, 9.113663007637296e-06)	(12, 0.0)	(13, 0.0)	(14, 0.0)	(15, 0.0)	(16, 0.0)	(17, 0.0)	(18, 0.0)	(19, 0.0)	(20, 0.0)	(21, 0.0)	(22, 0.0)	(23, 0.00016860276564128996)	(24, 0.0)	(25, 0.0)	(26, 0.0)	(27, 0.0)	(28, 0.0)	(29, 0.0)	(30, 0.0)	(31, 0.00013670494511455942)	(32, 0.0)	(33, 0.0)	(34, 0.0)	(35, 6.379564105346107e-05)	(36, 0.0)	(37, 2.7340989022911883e-05)	(38, 0.0)	(39, 0.0)	(40, 0.00019594375466420186)	(41, 0.0007564340296338954)	(42, 0.0)	(43, 0.00015948910263365265)	(44, 0.0)	(45, 4.556831503818648e-06)	(46, 0.0006060585900078801)	(47, 0.007564340296338955)	(48, 0.0)	(49, 1.822732601527459e-05)	(50, 0.0)	(51, 0.0003053077107558494)
SRR14016010_2	(1, 0.0)	(2, 0.02380944460745243)	(3, 0.0003645465203054918)	(4, 0.0006880815570766158)	(5, 0.00045568315038186475)	(6, 0.0)	(7, 0.0)	(8, 0.00011392078759546619)	(9, 0.0)	(10, 3.645465203054918e-05)	(11, 0.0007290930406109836)	(12, 9.113663007637296e-06)	(13, 9.113663007637296e-06)	(14, 0.0)	(15, 0.009810858227721549)	(16, 0.0)	(17, 0.0016359025098708947)	(18, 2.7340989022911883e-05)	(19, 0.0)	(20, 4.556831503818648e-06)	(21, 0.002210063279352044)	(22, 3.645465203054918e-05)	(23, 0.0007701045241453514)	(24, 0.0014308450921990553)	(25, 0.0)	(26, 4.101148353436783e-05)	(27, 0.0)	(28, 0.0028252355323675612)	(29, 9.113663007637296e-06)	(30, 9.56934615801916e-05)	(31, 0.0)	(32, 0.0)	(33, 0.0011665488649775738)	(34, 6.379564105346107e-05)	(35, 0.0)	(36, 6.379564105346107e-05)	(37, 0.0)	(38, 0.0)	(39, 4.556831503818648e-06)	(40, 0.0)	(41, 0.0)	(42, 0.0)	(43, 0.0)	(44, 2.278415751909324e-05)	(45, 0.0)	(46, 9.113663007637296e-06)	(47, 0.0)	(48, 0.0)	(49, 0.0)	(50, 0.0)	(51, 0.00019594375466420186)
SRR14016011_1	(1, 0.022776475777253353)	(2, 0.2365132298483513)	(3, 0.0)	(4, 0.0)	(5, 0.0)	(6, 0.0)	(7, 1.3593026842476338e-05)	(8, 0.0)	(9, 0.0)	(10, 0.0)	(11, 8.155816105485803e-06)	(12, 0.0)	(13, 0.0)	(14, 0.0)	(15, 0.0)	(16, 0.0)	(17, 0.0)	(18, 0.0)	(19, 0.0)	(20, 0.0)	(21, 0.0)	(22, 0.0)	(23, 0.00015496050600423026)	(24, 0.0)	(25, 0.0)	(26, 0.0)	(27, 0.0)	(28, 0.0)	(29, 0.0)	(30, 2.7186053684952675e-06)	(31, 0.00011418142547680125)	(32, 0.0)	(33, 0.0)	(34, 0.0)	(35, 6.796513421238169e-05)	(36, 0.0)	(37, 4.621629126441955e-05)	(38, 0.0)	(39, 0.0)	(40, 0.0002256442455851072)	(41, 0.0008074257944430946)	(42, 0.0)	(43, 0.00015496050600423026)	(44, 0.0)	(45, 1.6311632210971606e-05)	(46, 0.000619842024016921)	(47, 0.008204751002118718)	(48, 0.0)	(49, 1.087442147398107e-05)	(50, 0.0)	(51, 0.00031535822274545106)
SRR14016011_2	(1, 0.0)	(2, 0.023793234185070584)	(3, 0.0004023535945372996)	(4, 0.0007802397407581417)	(5, 0.0005165350200141009)	(6, 0.0)	(7, 0.0)	(8, 0.00010330700400282018)	(9, 0.0)	(10, 4.0779080527429015e-05)	(11, 0.0007802397407581417)	(12, 2.446744831645741e-05)	(13, 1.3593026842476338e-05)	(14, 0.0)	(15, 0.010463912063338285)	(16, 0.0)	(17, 0.001786123727101391)	(18, 2.7186053684952676e-05)	(19, 0.0)	(20, 2.7186053684952675e-06)	(21, 0.0025935495215444857)	(22, 2.446744831645741e-05)	(23, 0.0007775211353896465)	(24, 0.0015414492439368168)	(25, 0.0)	(26, 4.0779080527429015e-05)	(27, 0.0)	(28, 0.0032840752851422835)	(29, 1.3593026842476338e-05)	(30, 8.427676642335331e-05)	(31, 0.0)	(32, 0.0)	(33, 0.0012886189446667568)	(34, 7.61209503178675e-05)	(35, 0.0)	(36, 6.524652884388643e-05)	(37, 0.0)	(38, 0.0)	(39, 8.155816105485803e-06)	(40, 0.0)	(41, 0.0)	(42, 5.437210736990535e-06)	(43, 0.0)	(44, 1.087442147398107e-05)	(45, 0.0)	(46, 0.0)	(47, 0.0)	(48, 0.0)	(49, 0.0)	(50, 0.0)	(51, 0.0002473930885330694)
SRR14016012_1	(1, 0.022454398046402285)	(2, 0.2350588580033043)	(3, 0.0)	(4, 0.0)	(5, 0.0)	(6, 0.0)	(7, 7.23169019207803e-06)	(8, 0.0)	(9, 0.0)	(10, 0.0)	(11, 7.23169019207803e-06)	(12, 0.0)	(13, 0.0)	(14, 0.0)	(15, 0.0)	(16, 0.0)	(17, 0.0)	(18, 0.0)	(19, 0.0)	(20, 0.0)	(21, 0.0)	(22, 0.0)	(23, 0.0001193228881692875)	(24, 0.0)	(25, 0.0)	(26, 0.0)	(27, 0.0)	(28, 0.0)	(29, 0.0)	(30, 3.615845096039015e-06)	(31, 0.00010485950778513145)	(32, 0.0)	(33, 0.0)	(34, 0.0)	(35, 3.2542605864351135e-05)	(36, 0.0)	(37, 5.062183134454621e-05)	(38, 0.0)	(39, 0.0)	(40, 0.00020248732537818485)	(41, 0.0006689313427672178)	(42, 0.0)	(43, 0.00013017042345740454)	(44, 0.0)	(45, 1.8079225480195077e-05)	(46, 0.0006291570467107886)	(47, 0.008066950409263043)	(48, 0.0)	(49, 3.615845096039015e-06)	(50, 0.0)	(51, 0.0003037309880672773)
SRR14016012_2	(1, 0.0)	(2, 0.022899146993215085)	(3, 0.00042666972133260385)	(4, 0.0008461077524731296)	(5, 0.0005532242996939693)	(6, 0.0)	(7, 0.0)	(8, 4.70059862485072e-05)	(9, 0.0)	(10, 2.169507057623409e-05)	(11, 0.0008569552877612466)	(12, 1.8079225480195077e-05)	(13, 1.0847535288117046e-05)	(14, 0.0)	(15, 0.010598041976490355)	(16, 0.0)	(17, 0.0018260017734997025)	(18, 7.23169019207803e-06)	(19, 0.0)	(20, 1.8079225480195077e-05)	(21, 0.0025310915672273108)	(22, 2.169507057623409e-05)	(23, 0.0008678028230493637)	(24, 0.0016018193775452839)	(25, 0.0)	(26, 2.5310915672273106e-05)	(27, 0.0)	(28, 0.0031277060080737483)	(29, 1.0847535288117046e-05)	(30, 0.0001193228881692875)	(31, 0.0)	(32, 0.0)	(33, 0.00139571620707106)	(34, 6.146936663266325e-05)	(35, 3.615845096039015e-06)	(36, 6.870105682474129e-05)	(37, 0.0)	(38, 0.0)	(39, 3.615845096039015e-06)	(40, 0.0)	(41, 0.0)	(42, 0.0)	(43, 0.0)	(44, 3.615845096039015e-06)	(45, 0.0)	(46, 0.0)	(47, 0.0)	(48, 0.0)	(49, 0.0)	(50, 0.0)	(51, 0.000245877466530653)
SRR14016013_1	(1, 0.022736824289295104)	(2, 0.2358308277181147)	(3, 0.0)	(4, 0.0)	(5, 0.0)	(6, 0.0)	(7, 2.8321903698673523e-05)	(8, 0.0)	(9, 0.0)	(10, 0.0)	(11, 1.6993142219204114e-05)	(12, 0.0)	(13, 0.0)	(14, 0.0)	(15, 0.0)	(16, 0.0)	(17, 0.0)	(18, 0.0)	(19, 0.0)	(20, 0.0)	(21, 0.0)	(22, 0.0)	(23, 0.00018126018367151055)	(24, 0.0)	(25, 0.0)	(26, 0.0)	(27, 0.0)	(28, 0.0)	(29, 0.0)	(30, 0.0)	(31, 0.00012178418590429615)	(32, 0.0)	(33, 0.0)	(34, 0.0)	(35, 9.629447257548998e-05)	(36, 0.0)	(37, 8.213352072615322e-05)	(38, 0.0)	(39, 0.0)	(40, 0.00022374303921952085)	(41, 0.0009346228220562262)	(42, 0.0)	(43, 0.00022940741995925554)	(44, 0.0)	(45, 1.9825332589071464e-05)	(46, 0.0006344106428502869)	(47, 0.007763033803806414)	(48, 0.0)	(49, 2.2657522958938818e-05)	(50, 0.0)	(51, 0.0004163319843705008)
SRR14016013_2	(1, 0.0)	(2, 0.0238300497720639)	(3, 0.000354023796233419)	(4, 0.0006627325465489605)	(5, 0.0004106676036307661)	(6, 0.0)	(7, 0.0)	(8, 0.00016426704145230644)	(9, 0.0)	(10, 3.681847480827558e-05)	(11, 0.0006797256887681645)	(12, 3.398628443840823e-05)	(13, 2.8321903698673523e-06)	(14, 0.0)	(15, 0.00989567315231653)	(16, 0.0)	(17, 0.0017531258389478909)	(18, 3.681847480827558e-05)	(19, 0.0)	(20, 1.4160951849336761e-05)	(21, 0.0025404747617710152)	(22, 1.4160951849336761e-05)	(23, 0.000747698257644981)	(24, 0.0015180540382489008)	(25, 0.0)	(26, 5.94759977672144e-05)	(27, 0.0)	(28, 0.0031947107372103734)	(29, 2.8321903698673523e-06)	(30, 0.00011328761479469409)	(31, 0.0)	(32, 0.0)	(33, 0.0013169685219883188)	(34, 0.0001416095184933676)	(35, 2.8321903698673523e-06)	(36, 0.00011045542442482674)	(37, 0.0)	(38, 0.0)	(39, 2.8321903698673523e-06)	(40, 0.0)	(41, 0.0)	(42, 1.1328761479469409e-05)	(43, 0.0)	(44, 3.965066517814293e-05)	(45, 0.0)	(46, 5.6643807397347046e-06)	(47, 0.0)	(48, 0.0)	(49, 0.0)	(50, 0.0)	(51, 0.00021807865847978613)
SRR14016014_1	(1, 0.02259405763335162)	(2, 0.23508847543076894)	(3, 0.0)	(4, 0.0)	(5, 0.0)	(6, 0.0)	(7, 4.17712287545787e-06)	(8, 0.0)	(9, 0.0)	(10, 0.0)	(11, 4.17712287545787e-06)	(12, 0.0)	(13, 0.0)	(14, 0.0)	(15, 0.0)	(16, 0.0)	(17, 0.0)	(18, 0.0)	(19, 0.0)	(20, 0.0)	(21, 0.0)	(22, 0.0)	(23, 0.00013366793201465184)	(24, 0.0)	(25, 0.0)	(26, 0.0)	(27, 0.0)	(28, 0.0)	(29, 0.0)	(30, 0.0)	(31, 6.683396600732592e-05)	(32, 0.0)	(33, 0.0)	(34, 0.0)	(35, 4.594835163003657e-05)	(36, 0.0)	(37, 4.17712287545787e-05)	(38, 0.0)	(39, 0.0)	(40, 0.00020050189802197775)	(41, 0.0005847972025641017)	(42, 0.0)	(43, 0.00013366793201465184)	(44, 0.0)	(45, 1.253136862637361e-05)	(46, 0.0005889743254395597)	(47, 0.00802425304375457)	(48, 0.0)	(49, 8.35424575091574e-06)	(50, 0.0)	(51, 0.0003174613385347981)
SRR14016014_2	(1, 0.0)	(2, 0.022372670120952353)	(3, 0.0003759410587912083)	(4, 0.0007518821175824166)	(5, 0.0004594835163003657)	(6, 0.0)	(7, 0.0)	(8, 5.4302597380952305e-05)	(9, 0.0)	(10, 1.670849150183148e-05)	(11, 0.0007894762234615374)	(12, 8.35424575091574e-06)	(13, 0.0)	(14, 0.0)	(15, 0.010484578417399254)	(16, 0.0)	(17, 0.001833756942326005)	(18, 2.088561437728935e-05)	(19, 0.0)	(20, 4.17712287545787e-06)	(21, 0.002610701797161169)	(22, 2.088561437728935e-05)	(23, 0.0007685906090842481)	(24, 0.0015580668325457854)	(25, 0.0)	(26, 3.759410587912083e-05)	(27, 0.0)	(28, 0.0032581558428571387)	(29, 0.0)	(30, 8.35424575091574e-05)	(31, 0.0)	(32, 0.0)	(33, 0.0014202217776556757)	(34, 5.8479720256410185e-05)	(35, 0.0)	(36, 6.683396600732592e-05)	(37, 0.0)	(38, 0.0)	(39, 0.0)	(40, 0.0)	(41, 0.0)	(42, 0.0)	(43, 0.0)	(44, 8.35424575091574e-06)	(45, 0.0)	(46, 4.17712287545787e-06)	(47, 0.0)	(48, 0.0)	(49, 0.0)	(50, 0.0)	(51, 0.0001963247751465199)
SRR14016015_1	(1, 0.02302103560397713)	(2, 0.23380133010997348)	(3, 0.0)	(4, 0.0)	(5, 0.0)	(6, 0.0)	(7, 1.0981572080129017e-05)	(8, 0.0)	(9, 0.0)	(10, 0.0)	(11, 1.464209610683869e-05)	(12, 0.0)	(13, 0.0)	(14, 0.0)	(15, 0.0)	(16, 0.0)	(17, 0.0)	(18, 0.0)	(19, 0.0)	(20, 0.0)	(21, 0.0)	(22, 0.0)	(23, 0.0001720446292553546)	(24, 0.0)	(25, 0.0)	(26, 0.0)	(27, 0.0)	(28, 0.0)	(29, 0.0)	(30, 0.0)	(31, 0.00010615519677458049)	(32, 0.0)	(33, 0.0)	(34, 0.0)	(35, 6.58894324807741e-05)	(36, 0.0)	(37, 6.58894324807741e-05)	(38, 0.0)	(39, 0.0)	(40, 0.00021963144160258035)	(41, 0.0007613889975556119)	(42, 0.0)	(43, 0.00020132882146903198)	(44, 0.0)	(45, 1.0981572080129017e-05)	(46, 0.0006698758968878701)	(47, 0.007895750325612762)	(48, 0.0)	(49, 2.928419221367738e-05)	(50, 0.0)	(51, 0.00032212611435045114)
SRR14016015_2	(1, 0.0)	(2, 0.023767782505425904)	(3, 0.0004319418351517413)	(4, 0.0008492415741966439)	(5, 0.0005454180799797411)	(6, 0.0)	(7, 0.0)	(8, 0.00010615519677458049)	(9, 0.0)	(10, 3.6605240267096725e-05)	(11, 0.000794333713795999)	(12, 2.5623668186967706e-05)	(13, 3.6605240267096726e-06)	(14, 0.0)	(15, 0.010319017231294567)	(16, 0.0)	(17, 0.0018302620133548362)	(18, 1.8302620133548362e-05)	(19, 0.0)	(20, 1.464209610683869e-05)	(21, 0.0025660273427234805)	(22, 2.5623668186967706e-05)	(23, 0.0008638836703034826)	(24, 0.0016325937159125138)	(25, 0.0)	(26, 5.856838442735476e-05)	(27, 0.0)	(28, 0.003254205859744899)	(29, 3.6605240267096726e-06)	(30, 9.517362469445149e-05)	(31, 0.0)	(32, 0.0)	(33, 0.0014349254184701917)	(34, 9.517362469445149e-05)	(35, 3.6605240267096726e-06)	(36, 8.419205261432247e-05)	(37, 0.0)	(38, 0.0)	(39, 0.0)	(40, 0.0)	(41, 0.0)	(42, 1.0981572080129017e-05)	(43, 0.0)	(44, 2.5623668186967706e-05)	(45, 0.0)	(46, 7.321048053419345e-06)	(47, 0.0)	(48, 0.0)	(49, 0.0)	(50, 0.0)	(51, 0.0002928419221367738)
SRR14016016_1	(1, 0.02277761539111559)	(2, 0.23415194681598236)	(3, 0.0)	(4, 0.0)	(5, 0.0)	(6, 0.0)	(7, 2.4242558573484737e-05)	(8, 0.0)	(9, 0.0)	(10, 0.0)	(11, 1.0389667960064887e-05)	(12, 0.0)	(13, 0.0)	(14, 0.0)	(15, 0.0)	(16, 0.0)	(17, 0.0)	(18, 0.0)	(19, 0.0)	(20, 0.0)	(21, 0.0)	(22, 0.0)	(23, 0.00018008757797445803)	(24, 0.0)	(25, 0.0)	(26, 0.0)	(27, 0.0)	(28, 0.0)	(29, 0.0)	(30, 6.926445306709925e-06)	(31, 6.233800776038932e-05)	(32, 0.0)	(33, 0.0)	(34, 0.0)	(35, 3.4632226533549626e-05)	(36, 0.0)	(37, 4.8485117146969474e-05)	(38, 0.0)	(39, 0.0)	(40, 0.00016277146470768323)	(41, 0.0006060639643371184)	(42, 0.0)	(43, 0.0001558450194009733)	(44, 0.0)	(45, 3.4632226533549623e-06)	(46, 0.00048138794881633974)	(47, 0.007490950599206784)	(48, 0.0)	(49, 1.385289061341985e-05)	(50, 0.0)	(51, 0.00030130037084188173)
SRR14016016_2	(1, 0.0)	(2, 0.022784541836422298)	(3, 0.00031515326145530156)	(4, 0.0006718651947508627)	(5, 0.00041558671840259546)	(6, 0.0)	(7, 0.0)	(8, 8.31173436805191e-05)	(9, 0.0)	(10, 1.385289061341985e-05)	(11, 0.0007307399798578971)	(12, 1.385289061341985e-05)	(13, 0.0)	(14, 0.0)	(15, 0.009949838683088807)	(16, 0.0)	(17, 0.001554986971356378)	(18, 2.77057812268397e-05)	(19, 0.0)	(20, 6.926445306709925e-06)	(21, 0.0021506612677334317)	(22, 2.4242558573484737e-05)	(23, 0.0007030341986310574)	(24, 0.0012917820497014008)	(25, 0.0)	(26, 2.77057812268397e-05)	(27, 0.0)	(28, 0.00277057812268397)	(29, 0.0)	(30, 0.00012121279286742368)	(31, 0.0)	(32, 0.0)	(33, 0.0011497899209138476)	(34, 9.697023429393895e-05)	(35, 3.4632226533549623e-06)	(36, 7.619089837380917e-05)	(37, 0.0)	(38, 0.0)	(39, 0.0)	(40, 0.0)	(41, 0.0)	(42, 3.4632226533549623e-06)	(43, 0.0)	(44, 1.0389667960064887e-05)	(45, 0.0)	(46, 6.926445306709925e-06)	(47, 0.0)	(48, 0.0)	(49, 0.0)	(50, 0.0)	(51, 0.00017662435532110306)
SRR14016017_1	(1, 0.033256978816952956)	(2, 0.19631800539591399)	(3, 0.03294189828168319)	(4, 0.03294189828168319)	(5, 0.03392367096404552)	(6, 0.03458123034199983)	(7, 0.03397846757887504)	(8, 0.03294189828168319)	(9, 0.03294189828168319)	(10, 0.03294189828168319)	(11, 0.03294189828168319)	(12, 0.04989231780228313)	(13, 0.03294189828168319)	(14, 0.03297842935823621)	(15, 0.03294189828168319)	(16, 0.03294189828168319)	(17, 0.03297386297366707)	(18, 0.03294189828168319)	(19, 0.03295559743539057)	(20, 0.03294189828168319)	(21, 0.03294189828168319)	(22, 0.03294189828168319)	(23, 0.033019526819358345)	(24, 0.03315195197186303)	(25, 0.03326611158609121)	(26, 0.03359032489049924)	(27, 0.034540132880877684)	(28, 0.03364968788989789)	(29, 0.03432551280612871)	(30, 0.034014998655428064)	(31, 0.03503786879891255)	(32, 0.03480498318588706)	(33, 0.03612923471093393)	(34, 0.035645197946606456)	(35, 0.037362158544598255)	(36, 0.0004659441000467862)	(37, 0.00021470167430760994)	(38, 0.0)	(39, 0.0002375472587708729)	(40, 0.0)	(41, 0.0005710532556499895)	(42, 4.568633925003407e-06)	(43, 0.0012198619847236729)	(44, 0.000392923933398845)	(45, 9.138081946755047e-06)	(46, 0.0003564098995317048)	(47, 4.1161037620365164e-05)	(48, 0.0024659432345377898)	(49, 2.3402108698488918e-05)	(50, 0.0)	(51, 0.0)
SRR14016017_2	(1, 0.30616238620626735)	(2, 0.018233573584524668)	(3, 0.004812969335860005)	(4, 0.002461281282759528)	(5, 0.002461281282759528)	(6, 0.0024704140518977823)	(7, 0.002461281282759528)	(8, 0.002461281282759528)	(9, 0.002461281282759528)	(10, 0.002461281282759528)	(11, 0.002461281282759528)	(12, 0.003744435346684254)	(13, 0.002465847667328655)	(14, 0.007287949772326915)	(15, 0.011105447272117203)	(16, 0.002461281282759528)	(17, 0.002461281282759528)	(18, 0.002461281282759528)	(19, 0.002461281282759528)	(20, 0.002461281282759528)	(21, 0.002461281282759528)	(22, 0.002780928202598428)	(23, 0.0025434762050038167)	(24, 0.0026759013575085038)	(25, 0.0039179579603110855)	(26, 0.0028950878168266065)	(27, 0.0030229465847621665)	(28, 0.00482210210499826)	(29, 0.008589369374528151)	(30, 0.005164580947682795)	(31, 0.0038357630380667974)	(32, 0.005169147332251922)	(33, 0.006055025938662587)	(34, 0.005187412870528431)	(35, 0.005771910095376705)	(36, 9.133360952616855e-06)	(37, 0.0)	(38, 0.0)	(39, 0.0)	(40, 0.0)	(41, 1.3701144515973046e-05)	(42, 0.0)	(43, 0.0)	(44, 0.0)	(45, 0.0)	(46, 0.0)	(47, 0.0005397269941940469)	(48, 0.0016828296477065102)	(49, 0.0019842652467979274)	(50, 0.0)	(51, 0.0)
SRR14016018_1	(1, 0.02695226825407945)	(2, 0.19169315401291617)	(3, 0.026762072888569924)	(4, 0.026762072888569924)	(5, 0.027641726454051493)	(6, 0.028481755985051913)	(7, 0.027958718729900706)	(8, 0.026762072888569924)	(9, 0.026762072888569924)	(10, 0.026762072888569924)	(11, 0.026762072888569924)	(12, 0.044695910894739226)	(13, 0.026762072888569924)	(14, 0.02680169692305108)	(15, 0.026762072888569924)	(16, 0.026762072888569924)	(17, 0.026762072888569924)	(18, 0.026762072888569924)	(19, 0.026762072888569924)	(20, 0.026762072888569924)	(21, 0.026762072888569924)	(22, 0.026762072888569924)	(23, 0.026817546536843536)	(24, 0.0269126442195983)	(25, 0.026991892288560606)	(26, 0.027411907054060814)	(27, 0.028267786198853694)	(28, 0.027435681474749507)	(29, 0.028085515640240394)	(30, 0.027863621047145945)	(31, 0.02885422190917474)	(32, 0.028592703281599137)	(33, 0.02978142431603369)	(34, 0.029543680109146778)	(35, 0.03130298724010992)	(36, 0.0005469808165107666)	(37, 0.0001189099194734098)	(38, 0.0)	(39, 0.00010305751838288485)	(40, 0.0)	(41, 0.0007214339125311326)	(42, 7.928168258563572e-06)	(43, 0.001308191012061759)	(44, 0.0004519331440235608)	(45, 0.0)	(46, 0.00041233353024902565)	(47, 3.174590828972173e-05)	(48, 0.0027092168833296464)	(49, 0.0)	(50, 0.0)	(51, 0.0)
SRR14016018_2	(1, 0.30518431357383113)	(2, 0.017854589937207)	(3, 0.005032252379106279)	(4, 0.002821231255058008)	(5, 0.002821231255058008)	(6, 0.0028450056757466993)	(7, 0.002821231255058008)	(8, 0.002821231255058008)	(9, 0.002821231255058008)	(10, 0.002821231255058008)	(11, 0.002821231255058008)	(12, 0.003930704220530258)	(13, 0.002821231255058008)	(14, 0.007694987496239679)	(15, 0.011031331199552661)	(16, 0.002821231255058008)	(17, 0.002821231255058008)	(18, 0.002821231255058008)	(19, 0.002821231255058008)	(20, 0.002821231255058008)	(21, 0.002821231255058008)	(22, 0.003138223530907222)	(23, 0.00286085528953916)	(24, 0.002955952972293924)	(25, 0.00419222284810586)	(26, 0.0031699227584921436)	(27, 0.0032808700550393693)	(28, 0.004929229889455283)	(29, 0.008836159689296852)	(30, 0.005412643110125336)	(31, 0.004215997268794552)	(32, 0.0055473648273612515)	(33, 0.006339845516984287)	(34, 0.005634537703219786)	(35, 0.006133800537682298)	(36, 2.3776039220954298e-05)	(37, 0.0)	(38, 0.0)	(39, 0.0)	(40, 0.0)	(41, 1.5851962956498884e-05)	(42, 0.0)	(43, 0.0)	(44, 0.0)	(45, 0.0)	(46, 0.0)	(47, 0.0006191948989771615)	(48, 0.0016918185013919597)	(49, 0.002048521391949882)	(50, 0.0)	(51, 0.0)
SRR14016019_1	(1, 0.018306284131989845)	(2, 0.1813706637950927)	(3, 0.01801868083726001)	(4, 0.01801868083726001)	(5, 0.019021948144457117)	(6, 0.019717546810780442)	(7, 0.019108897977747532)	(8, 0.01801868083726001)	(9, 0.01801868083726001)	(10, 0.01801868083726001)	(11, 0.01801868083726001)	(12, 0.03560930095678259)	(13, 0.01801868083726001)	(14, 0.01802536928597466)	(15, 0.01801868083726001)	(16, 0.01801868083726001)	(17, 0.018032057734689303)	(18, 0.01801868083726001)	(19, 0.01801868083726001)	(20, 0.01801868083726001)	(21, 0.01801868083726001)	(22, 0.01801868083726001)	(23, 0.01806549997826254)	(24, 0.018212645849984783)	(25, 0.01837316861913632)	(26, 0.018814606234303047)	(27, 0.020011838554224923)	(28, 0.01911558642646218)	(29, 0.020038592349083516)	(30, 0.019958330964507744)	(31, 0.021463231925303406)	(32, 0.021683950732886766)	(33, 0.024024907783013347)	(34, 0.024319199526457832)	(35, 0.027195232473756197)	(36, 0.0005151541973593196)	(37, 0.0002810010756988798)	(38, 0.0)	(39, 0.0002944029581609236)	(40, 0.0)	(41, 0.0006624824542525753)	(42, 6.692360870836766e-06)	(43, 0.0013586719176101351)	(44, 0.0004350808500703358)	(45, 6.69425099732625e-06)	(46, 0.00042180072352884107)	(47, 4.021175240739384e-05)	(48, 0.002638281272819955)	(49, 1.3718537049721604e-05)	(50, 0.0)	(51, 0.0)
SRR14016019_2	(1, 0.30543469900308673)	(2, 0.017918354106540302)	(3, 0.004508014433672326)	(4, 0.0022071880758336316)	(5, 0.0022071880758336316)	(6, 0.002233941870692221)	(7, 0.0022071880758336316)	(8, 0.0022071880758336316)	(9, 0.0022071880758336316)	(10, 0.0022071880758336316)	(11, 0.0022071880758336316)	(12, 0.0034378626393287474)	(13, 0.0022205649732629264)	(14, 0.006895790624801437)	(15, 0.010821910020299442)	(16, 0.0022071880758336316)	(17, 0.0022071880758336316)	(18, 0.0022071880758336316)	(19, 0.0022071880758336316)	(20, 0.0022071880758336316)	(21, 0.0022071880758336316)	(22, 0.002521545165422058)	(23, 0.002254007216836163)	(24, 0.002394464639843758)	(25, 0.0037655966263464686)	(26, 0.002775706216578658)	(27, 0.002942917434444842)	(28, 0.004795617728402163)	(29, 0.008808686957190583)	(30, 0.00569186985616491)	(31, 0.004855813766833989)	(32, 0.0065680566377837165)	(33, 0.008494329867602159)	(34, 0.008507706765031452)	(35, 0.010066115315544289)	(36, 1.3378497356609601e-05)	(37, 0.0)	(38, 0.0)	(39, 0.0)	(40, 0.0)	(41, 2.0072221189989664e-05)	(42, 0.0)	(43, 0.0)	(44, 0.0)	(45, 0.0)	(46, 0.0)	(47, 0.0005229299766592216)	(48, 0.0017457527487011837)	(49, 0.0020423005991875368)	(50, 0.0)	(51, 0.0)
SRR14016020_1	(1, 0.011071467337393826)	(2, 0.1739762436228833)	(3, 0.010854470271147991)	(4, 0.010854470271147991)	(5, 0.011847116425251275)	(6, 0.01273818948451608)	(7, 0.012031794779503047)	(8, 0.010854470271147991)	(9, 0.010854470271147991)	(10, 0.010854470271147991)	(11, 0.010854470271147991)	(12, 0.028163449023395466)	(13, 0.010854470271147991)	(14, 0.01086370418886058)	(15, 0.010854470271147991)	(16, 0.010854470271147991)	(17, 0.010859087230004286)	(18, 0.010854470271147991)	(19, 0.010859087230004286)	(20, 0.010854470271147991)	(21, 0.010854470271147991)	(22, 0.010854470271147991)	(23, 0.011016063831118294)	(24, 0.011200742185370066)	(25, 0.011390037498478134)	(26, 0.01191637080809569)	(27, 0.01313986490501369)	(28, 0.01229957839316812)	(29, 0.013430733312960234)	(30, 0.013449201148385409)	(31, 0.014940478858968483)	(32, 0.015429876497735683)	(33, 0.01787686469157168)	(34, 0.01841704887775812)	(35, 0.021265712492091728)	(36, 0.0005079781900025921)	(37, 0.00023552330600093064)	(38, 0.0)	(39, 0.0002771048619756847)	(40, 0.0)	(41, 0.000706698210349138)	(42, 4.619331300981538e-06)	(43, 0.0012935184056350837)	(44, 0.00043890940161494635)	(45, 4.620540000661662e-06)	(46, 0.0004251518936011174)	(47, 4.625893792069034e-05)	(48, 0.0026149144595526844)	(49, 4.735248694077601e-06)	(50, 0.0)	(51, 0.0)
SRR14016020_2	(1, 0.30799270834453907)	(2, 0.020249981543706972)	(3, 0.006279064044560302)	(4, 0.003882862398143539)	(5, 0.003882862398143539)	(6, 0.003919798068993894)	(7, 0.003882862398143539)	(8, 0.003882862398143539)	(9, 0.003882862398143539)	(10, 0.003882862398143539)	(11, 0.003882862398143539)	(12, 0.005170993919049661)	(13, 0.003896713274712422)	(14, 0.008541373884144528)	(15, 0.012978271345043388)	(16, 0.003882862398143539)	(17, 0.003882862398143539)	(18, 0.003882862398143539)	(19, 0.003882862398143539)	(20, 0.003882862398143539)	(21, 0.003882862398143539)	(22, 0.004238368230078203)	(23, 0.004030605081544958)	(24, 0.004210666476940437)	(25, 0.005632689804679094)	(26, 0.004676979321426166)	(27, 0.00495861381166012)	(28, 0.006860800860453388)	(29, 0.01156548193501732)	(30, 0.008287441147048338)	(31, 0.007174754062681403)	(32, 0.00926623642458274)	(33, 0.011348484868771486)	(34, 0.011551631058448437)	(35, 0.013167566658151456)	(36, 4.155894626275865e-05)	(37, 0.0)	(38, 0.0)	(39, 0.0)	(40, 0.0)	(41, 2.771194010969402e-05)	(42, 0.0)	(43, 0.0)	(44, 4.619959797109845e-06)	(45, 0.0)	(46, 0.0)	(47, 0.0005738361711614467)	(48, 0.0016143548244900885)	(49, 0.002070413871449288)	(50, 0.0)	(51, 0.0)
SRR14016021_1	(1, 0.007462209400352563)	(2, 0.17128309676236672)	(3, 0.007202045210732493)	(4, 0.007202045210732493)	(5, 0.00822769249673469)	(6, 0.008953150333175267)	(7, 0.008295235122886054)	(8, 0.007202045210732493)	(9, 0.007202045210732493)	(10, 0.007202045210732493)	(11, 0.007202045210732493)	(12, 0.025013285884721848)	(13, 0.007202045210732493)	(14, 0.007224559419449615)	(15, 0.007202045210732493)	(16, 0.007202045210732493)	(17, 0.007214553104464227)	(18, 0.007202045210732493)	(19, 0.007214553104464227)	(20, 0.007202045210732493)	(21, 0.007202045210732493)	(22, 0.007202045210732493)	(23, 0.0076073009676406785)	(24, 0.008100111980671001)	(25, 0.008365279327783763)	(26, 0.009065721376760875)	(27, 0.010218949178826757)	(28, 0.009516005551103301)	(29, 0.010646719144452064)	(30, 0.01074428071555959)	(31, 0.012310269010772697)	(32, 0.012555423727914688)	(33, 0.014721790922251033)	(34, 0.015247122458983863)	(35, 0.01794132276879939)	(36, 0.0005429450113048908)	(37, 0.00023770027436616721)	(38, 0.0)	(39, 0.0002702432594700119)	(40, 0.0)	(41, 0.0006981970450198956)	(42, 5.005378780037028e-06)	(43, 0.0013115081688187332)	(44, 0.00048559533988670105)	(45, 0.0)	(46, 0.000425636145141625)	(47, 2.0047624635894417e-05)	(48, 0.002701186998145738)	(49, 5.125848814934509e-06)	(50, 0.0)	(51, 0.0)
SRR14016021_2	(1, 0.30902752727246163)	(2, 0.020995750418088856)	(3, 0.0072495752069130824)	(4, 0.004950624339020356)	(5, 0.004950624339020356)	(6, 0.004988148020215558)	(7, 0.004950624339020356)	(8, 0.004950624339020356)	(9, 0.004950624339020356)	(10, 0.004950624339020356)	(11, 0.004950624339020356)	(12, 0.006231432657149927)	(13, 0.00495562749651305)	(14, 0.009616068700957174)	(15, 0.013853743097268686)	(16, 0.004950624339020356)	(17, 0.004950624339020356)	(18, 0.004950624339020356)	(19, 0.004950624339020356)	(20, 0.004950624339020356)	(21, 0.004950624339020356)	(22, 0.0053483753596895)	(23, 0.0053733911471529686)	(24, 0.005878710053915026)	(25, 0.007467212557845256)	(26, 0.006554136315428667)	(27, 0.006914363654902609)	(28, 0.008945645596936226)	(29, 0.013315903666804121)	(30, 0.010291494962470817)	(31, 0.009440958188712897)	(32, 0.011457230658268433)	(33, 0.013285884721847958)	(34, 0.013400957344179914)	(35, 0.01488189196201723)	(36, 3.002401170335976e-05)	(37, 0.0)	(38, 0.0)	(39, 0.0)	(40, 2.5023083168645994e-06)	(41, 1.751723827625671e-05)	(42, 0.0)	(43, 0.0)	(44, 2.5030899393756623e-06)	(45, 0.0)	(46, 0.0)	(47, 0.0006166502331050683)	(48, 0.0015838073550402062)	(49, 0.0021390446460317412)	(50, 0.0)	(51, 0.0)
SRR14016022_1	(1, 0.049156085664096544)	(2, 0.21362349257259655)	(3, 0.048895920368202096)	(4, 0.048895920368202096)	(5, 0.04987343463530066)	(6, 0.05060341298980064)	(7, 0.0499618403183716)	(8, 0.048895920368202096)	(9, 0.048895920368202096)	(10, 0.048895920368202096)	(11, 0.048895920368202096)	(12, 0.06660989337895741)	(13, 0.048895920368202096)	(14, 0.04891865325813462)	(15, 0.048895920368202096)	(16, 0.048895920368202096)	(17, 0.04890602387483878)	(18, 0.048895920368202096)	(19, 0.048900972121520433)	(20, 0.048895920368202096)	(21, 0.048895920368202096)	(22, 0.048895920368202096)	(23, 0.04906767998102561)	(24, 0.04930511238698754)	(25, 0.049499604889743594)	(26, 0.05012854817787678)	(27, 0.051477366313873264)	(28, 0.05091156994221931)	(29, 0.052161878888508185)	(30, 0.05264684720706872)	(31, 0.054761005970793544)	(32, 0.055824400044303876)	(33, 0.05901710814149406)	(34, 0.06059072930015662)	(35, 0.06498070293379311)	(36, 0.0005813440918050501)	(37, 0.0002603521973750735)	(38, 0.0)	(39, 0.00028313683763202046)	(40, 0.0)	(41, 0.0007585499579232339)	(42, 5.057687093897756e-06)	(43, 0.0013910600314991633)	(44, 0.0004603828072924333)	(45, 5.059984343396445e-06)	(46, 0.00042259878107328347)	(47, 4.306666907840014e-05)	(48, 0.002724552337734592)	(49, 1.0375947557470818e-05)	(50, 0.0)	(51, 0.0)
SRR14016022_2	(1, 0.30806349498228286)	(2, 0.0201615474934905)	(3, 0.006218708334875171)	(4, 0.003983307491510213)	(5, 0.003983307491510213)	(6, 0.004031299148034432)	(7, 0.003983307491510213)	(8, 0.003983307491510213)	(9, 0.003983307491510213)	(10, 0.003983307491510213)	(11, 0.003985833368169382)	(12, 0.005213409424525732)	(13, 0.004003514504783569)	(14, 0.008893611716935612)	(15, 0.012907229728355857)	(16, 0.003983307491510213)	(17, 0.003983307491510213)	(18, 0.003983307491510213)	(19, 0.003983307491510213)	(20, 0.003983307491510213)	(21, 0.003983307491510213)	(22, 0.00440512889359151)	(23, 0.0041601188576520735)	(24, 0.004395025386954832)	(25, 0.0058777149858872954)	(26, 0.004960821758608788)	(27, 0.005397798420645101)	(28, 0.007840321150061953)	(29, 0.0121267338406725)	(30, 0.009575598414911362)	(31, 0.009105785356305844)	(32, 0.01190445669466559)	(33, 0.014672817513115298)	(34, 0.015728633956648128)	(35, 0.018774841207606478)	(36, 3.537021741289446e-05)	(37, 0.0)	(38, 0.0)	(39, 0.0)	(40, 0.0)	(41, 2.527370538350649e-05)	(42, 0.0)	(43, 0.0)	(44, 0.0)	(45, 0.0)	(46, 0.0)	(47, 0.0006485218691960776)	(48, 0.001678563667079337)	(49, 0.002194999135034783)	(50, 0.0)	(51, 0.0)
