.	Basic Statistics	Per Base Sequence Quality	Per Tile Sequence Quality	Per Sequence Quality Scores	Per Base Sequence Content	Per Sequence GC Content	Per Base N Content	Sequence Length Distribution	Sequence Duplication Levels	Overrepresented Sequences	Adapter Content
SRR14016000_1	1	1	1	1	0.25	0.5	1	1	0.25	0.5	1
SRR14016000_2	1	1	1	1	0.25	1	1	1	0.25	0.5	1
SRR14016001_1	1	1	1	1	0.25	1	1	1	0.25	0.5	1
SRR14016001_2	1	1	1	1	0.25	0.5	1	1	0.25	0.5	1
SRR14016002_1	1	1	1	1	0.25	1	1	1	0.25	0.5	1
SRR14016002_2	1	1	1	1	0.25	1	1	1	0.25	0.5	1
SRR14016003_1	1	1	1	1	0.25	1	1	1	0.25	0.5	1
SRR14016003_2	1	1	1	1	0.25	1	1	1	0.25	0.5	1
SRR14016004_1	1	1	1	1	0.25	0.5	1	1	0.25	0.5	1
SRR14016004_2	1	1	1	1	0.25	1	1	1	0.25	0.5	1
SRR14016005_1	1	1	0.5	1	0.25	0.25	1	0.5	0.25	0.25	0.5
SRR14016006_1	1	1	1	1	0.25	0.5	1	0.5	0.25	0.5	1
SRR14016007_1	1	1	1	1	0.5	0.25	1	0.5	0.25	0.5	1
SRR14016008_1	1	1	1	1	0.25	1	1	1	0.25	1	1
SRR14016008_2	1	1	1	1	0.5	1	1	1	0.25	1	1
SRR14016009_1	1	1	1	1	0.5	1	1	1	0.25	0.5	1
SRR14016009_2	1	1	1	1	0.5	1	1	1	0.25	1	1
SRR14016010_1	1	1	1	1	0.25	1	1	1	0.25	1	1
SRR14016010_2	1	1	1	1	0.25	1	1	1	0.25	1	1
SRR14016011_1	1	1	1	1	0.25	1	1	1	0.25	1	1
SRR14016011_2	1	1	1	1	0.5	1	1	1	0.25	0.5	1
SRR14016012_1	1	1	1	1	0.25	1	1	1	0.25	1	1
SRR14016012_2	1	1	1	1	0.5	1	1	1	0.25	0.5	1
SRR14016013_1	1	1	1	1	0.25	1	1	1	0.25	0.5	1
SRR14016013_2	1	1	1	1	0.5	1	1	1	0.25	0.5	1
SRR14016014_1	1	1	1	1	0.5	1	1	1	0.25	0.5	1
SRR14016014_2	1	1	1	1	0.5	0.5	1	1	0.25	1	1
SRR14016015_1	1	1	1	1	0.5	1	1	1	0.25	1	1
SRR14016015_2	1	1	1	1	0.5	1	1	1	0.25	0.5	1
SRR14016016_1	1	1	1	1	0.25	1	1	1	0.25	1	1
SRR14016016_2	1	1	1	1	0.5	1	1	1	0.25	0.5	1
SRR14016017_1	1	1	1	1	0.25	1	1	0.5	0.25	1	1
SRR14016017_2	1	1	1	1	0.25	1	1	0.5	0.25	0.5	1
SRR14016018_1	1	1	1	1	0.25	1	1	0.5	0.25	1	1
SRR14016018_2	1	1	1	1	0.25	1	1	0.5	0.25	0.5	1
SRR14016019_1	1	1	1	1	0.25	1	1	0.5	0.25	1	1
SRR14016019_2	1	1	1	1	0.25	1	1	0.5	0.25	1	1
SRR14016020_1	1	1	1	1	0.25	1	1	0.5	0.25	1	1
SRR14016020_2	1	1	1	1	0.25	1	1	0.5	0.25	1	1
SRR14016021_1	1	1	1	1	0.25	1	1	0.5	0.25	0.5	1
SRR14016021_2	1	1	1	1	0.25	1	1	0.5	0.25	0.5	1
SRR14016022_1	1	1	1	1	0.25	1	1	0.5	0.25	1	1
SRR14016022_2	1	1	1	1	0.25	1	1	0.5	0.25	1	1
