Sample	fastqc-percent_duplicates	fastqc-percent_gc	fastqc-avg_sequence_length	fastqc-median_sequence_length	fastqc-percent_fails	fastqc-total_sequences
SRR14016000_1	80.83245037882378	47.0	51.0	51	18.181818181818183	32.581751
SRR14016000_2	79.32087739264286	47.0	51.0	51	18.181818181818183	32.581751
SRR14016001_1	84.54715966159101	46.0	51.0	51	18.181818181818183	31.451886
SRR14016001_2	81.81022191523677	46.0	51.0	51	18.181818181818183	31.451886
SRR14016002_1	86.87155480013831	46.0	51.0	51	18.181818181818183	29.754291
SRR14016002_2	84.53811601413048	46.0	51.0	51	18.181818181818183	29.754291
SRR14016003_1	76.6212638280036	47.0	51.0	51	18.181818181818183	46.831050999999995
SRR14016003_2	73.97571554744732	47.0	51.0	51	18.181818181818183	46.831050999999995
SRR14016004_1	77.04687191924933	48.0	51.0	51	18.181818181818183	47.762051
SRR14016004_2	73.82819562513558	48.0	51.0	51	18.181818181818183	47.762051
SRR14016005_1	62.68386004435295	53.0	114.34033780174423	117	36.36363636363637	6.799136
SRR14016006_1	75.97220863996466	48.0	124.50519656133648	127	18.181818181818183	32.061875
SRR14016007_1	74.10672879229435	51.0	113.02536941380785	112	18.181818181818183	21.012546999999998
SRR14016008_1	55.526392164009295	50.0	51.0	51	18.181818181818183	28.250958999999998
SRR14016008_2	53.745292529521095	50.0	51.0	51	9.090909090909092	28.250958999999998
SRR14016009_1	56.62468592661048	52.0	51.0	51	9.090909090909092	20.868481
SRR14016009_2	56.6565409155071	52.0	51.0	51	9.090909090909092	20.868481
SRR14016010_1	59.21096176922353	49.0	51.0	51	18.181818181818183	21.945073
SRR14016010_2	57.675124005467474	49.0	51.0	51	18.181818181818183	21.945073
SRR14016011_1	58.187330031025915	51.0	51.0	51	18.181818181818183	36.783566
SRR14016011_2	57.196735774398576	51.0	51.0	51	9.090909090909092	36.783566
SRR14016012_1	54.29806978851777	50.0	51.0	51	18.181818181818183	27.656052
SRR14016012_2	51.81779244203411	50.0	51.0	51	9.090909090909092	27.656052
SRR14016013_1	60.45219133934523	50.0	51.0	51	18.181818181818183	35.308361
SRR14016013_2	58.54516559862188	51.0	51.0	51	9.090909090909092	35.308361
SRR14016014_1	61.59434345734829	52.0	51.0	51	9.090909090909092	23.939923
SRR14016014_2	59.82919528064209	53.0	51.0	51	9.090909090909092	23.939923
SRR14016015_1	59.30301442248049	52.0	51.0	51	9.090909090909092	27.318493
SRR14016015_2	55.56170120189178	53.0	51.0	51	9.090909090909092	27.318493
SRR14016016_1	58.58156472560101	51.0	51.0	51	18.181818181818183	28.87484
SRR14016016_2	56.728058504282096	51.0	51.0	51	9.090909090909092	28.87484
SRR14016017_1	63.60997985365335	48.0	50.53043228181826	51	18.181818181818183	21.899162999999998
SRR14016017_2	58.70957722012924	49.0	50.505318901914194	51	18.181818181818183	21.899162999999998
SRR14016018_1	57.07097361206271	49.0	50.53771312579426	51	18.181818181818183	12.618604
SRR14016018_2	52.6674963675335	49.0	50.51096357410059	51	18.181818181818183	12.618604
SRR14016019_1	58.36163417781742	48.0	50.529710089190466	51	18.181818181818183	14.95115
SRR14016019_2	55.36322496112159	48.0	50.49967594465978	51	18.181818181818183	14.95115
SRR14016020_1	64.80032041893176	49.0	50.53557646124786	51	18.181818181818183	21.659278999999998
SRR14016020_2	62.306551927125234	49.0	50.504944093476055	51	18.181818181818183	21.659278999999998
SRR14016021_1	67.30378113794814	49.0	50.53946940914411	51	18.181818181818183	39.974756
SRR14016021_2	64.17870046022153	49.0	50.514190755785975	51	18.181818181818183	39.974756
SRR14016022_1	70.75383016068804	48.0	50.52187544321242	51	18.181818181818183	39.590215
SRR14016022_2	68.78816339630012	49.0	50.495348534985226	51	18.181818181818183	39.590215
