.	Basic Statistics	Per Base Sequence Quality	Per Sequence Quality Scores	Per Base Sequence Content	Per Sequence GC Content	Per Base N Content	Sequence Length Distribution	Sequence Duplication Levels	Overrepresented Sequences	Adapter Content
SRR26064247_1	1	1	1	0.25	0.25	1	1	0.25	0.5	1
SRR26064247_2	1	1	1	0.25	0.25	1	1	0.25	0.5	1
SRR26064248_1	1	1	1	0.25	0.5	1	1	0.25	0.5	0.25
SRR26064248_2	1	1	1	0.25	0.5	1	1	0.25	0.5	0.25
SRR26064249_1	1	1	1	0.25	0.5	1	1	0.25	0.5	0.25
SRR26064249_2	1	1	1	0.25	0.5	1	1	0.25	0.5	0.25
SRR26064250_1	1	1	1	0.25	0.25	1	1	0.25	0.5	0.25
SRR26064250_2	1	1	1	0.25	0.5	1	1	0.25	0.5	0.25
SRR26064251_1	1	1	1	0.25	0.5	1	1	0.25	0.5	0.25
SRR26064251_2	1	1	1	0.25	0.5	1	1	0.25	0.5	0.25
SRR26064252_1	1	1	1	0.25	0.25	1	1	0.25	0.5	0.25
SRR26064252_2	1	1	1	0.25	0.25	1	1	0.25	0.5	0.25
SRR26064253_1	1	1	1	0.25	0.5	1	1	0.25	0.5	0.5
SRR26064253_2	1	1	1	0.25	0.5	1	1	0.25	0.5	0.5
SRR26064254_1	1	1	1	0.25	0.25	1	1	0.25	0.5	0.5
SRR26064254_2	1	1	1	0.25	0.5	1	1	0.25	0.5	0.5
SRR26064255_1	1	1	1	0.25	0.25	1	1	0.25	0.5	0.5
SRR26064255_2	1	1	1	0.25	0.25	1	1	0.25	0.5	0.5
SRR26064256_1	1	1	1	0.25	0.25	1	1	0.25	0.5	0.5
SRR26064256_2	1	1	1	0.25	0.5	1	1	0.25	0.5	0.5
SRR26064257_1	1	1	1	0.25	0.25	1	1	0.25	0.5	0.25
SRR26064257_2	1	1	1	0.25	0.5	1	1	0.25	0.5	0.25
SRR26064258_1	1	1	1	0.25	0.25	1	1	0.25	0.5	0.25
SRR26064258_2	1	1	1	0.25	0.5	1	1	0.25	0.5	0.25
SRR26064259_1	1	1	1	0.25	0.25	1	1	0.25	0.5	0.25
SRR26064259_2	1	1	1	0.25	0.5	1	1	0.25	0.5	0.25
SRR26064260_1	1	1	1	0.25	0.25	1	1	0.25	0.5	0.25
SRR26064260_2	1	1	1	0.25	0.25	1	1	0.25	0.5	0.25
SRR26064261_1	1	1	1	0.25	0.25	1	1	0.25	0.5	0.25
SRR26064261_2	1	1	1	0.25	0.5	1	1	0.25	0.5	0.25
SRR26064262_1	1	1	1	0.25	0.25	1	1	0.25	0.5	0.5
SRR26064262_2	1	1	1	0.25	0.25	1	1	0.25	0.5	0.5
SRR26064263_1	1	1	1	0.25	0.25	1	1	0.25	0.5	1
SRR26064263_2	1	1	1	0.25	0.5	1	1	0.25	0.5	1
SRR26064264_1	1	1	1	0.25	0.25	1	1	0.25	0.5	1
SRR26064264_2	1	1	1	0.25	0.25	1	1	0.25	0.5	1
SRR26064265_1	1	1	1	0.25	0.5	1	1	0.25	0.5	1
SRR26064265_2	1	1	1	0.25	0.5	1	1	0.25	0.5	1
SRR26064266_1	1	1	1	0.25	0.25	1	1	0.25	0.5	0.25
SRR26064266_2	1	1	1	0.25	0.25	1	1	0.25	0.5	0.25
SRR26064267_1	1	1	1	0.25	0.25	1	1	0.25	0.5	0.25
SRR26064267_2	1	1	1	0.25	0.25	1	1	0.25	0.5	0.25
SRR26064268_1	1	1	1	0.25	0.25	1	1	0.25	0.5	0.25
SRR26064268_2	1	1	1	0.25	0.5	1	1	0.25	0.5	0.25
SRR26064269_1	1	1	1	0.25	0.25	1	1	0.25	0.5	0.5
SRR26064269_2	1	1	1	0.25	0.25	1	1	0.25	0.5	0.5
SRR26064270_1	1	1	1	0.25	0.5	1	1	0.25	0.5	0.25
SRR26064270_2	1	1	1	0.25	0.5	1	1	0.25	0.5	0.25
SRR26064271_1	1	1	1	0.25	0.5	1	1	0.25	0.5	0.25
SRR26064271_2	1	1	1	0.25	0.5	1	1	0.25	0.5	0.25
SRR26064272_1	1	1	1	0.25	0.25	1	1	0.25	0.5	0.5
SRR26064272_2	1	1	1	0.25	0.25	1	1	0.25	0.5	0.5
SRR26064273_1	1	1	1	0.25	0.25	1	1	0.25	0.5	1
SRR26064273_2	1	1	1	0.25	0.25	1	1	0.25	0.5	1
SRR26064274_1	1	1	1	0.25	0.25	1	1	0.25	0.5	0.5
SRR26064274_2	1	1	1	0.25	0.25	1	1	0.25	0.5	0.5
SRR26064275_1	1	1	1	0.25	0.5	1	1	0.25	0.5	1
SRR26064275_2	1	1	1	0.25	0.5	1	1	0.25	0.5	1
SRR26064276_1	1	1	1	0.25	0.5	1	1	0.25	0.5	0.5
SRR26064276_2	1	1	1	0.25	0.5	1	1	0.25	0.5	0.5
SRR26064277_1	1	1	1	0.25	0.5	1	1	0.25	0.5	0.5
SRR26064277_2	1	1	1	0.25	0.5	1	1	0.25	0.5	0.5
SRR26064278_1	1	1	1	0.25	0.5	1	1	0.25	0.5	0.5
SRR26064278_2	1	1	1	0.25	0.5	1	1	0.25	0.5	0.5
SRR26064279_1	1	1	1	0.25	0.25	1	1	0.25	0.5	0.5
SRR26064279_2	1	1	1	0.25	0.25	1	1	0.25	0.5	0.5
SRR26064280_1	1	1	1	0.25	0.25	1	1	0.25	0.5	0.5
SRR26064280_2	1	1	1	0.25	0.25	1	1	0.25	0.5	0.5
SRR26064281_1	1	1	1	0.25	0.5	1	1	0.25	1	0.5
SRR26064281_2	1	1	1	0.25	0.5	1	1	0.25	1	0.25
SRR26064282_1	1	1	1	0.25	0.5	1	1	0.25	0.5	1
SRR26064282_2	1	1	1	0.25	0.5	1	1	0.25	0.5	0.5
SRR26064283_1	1	1	1	0.25	1	1	1	0.25	1	0.5
SRR26064283_2	1	1	1	0.25	1	1	1	0.25	1	0.5
SRR26064284_1	1	1	1	0.25	0.25	1	1	0.25	0.5	0.5
SRR26064284_2	1	1	1	0.25	0.25	1	1	0.25	0.5	0.5
SRR26064285_1	1	1	1	0.25	0.25	1	1	0.25	0.5	0.25
SRR26064285_2	1	1	1	0.25	0.25	1	1	0.25	0.5	0.25
SRR26064286_1	1	1	1	0.25	0.25	1	1	0.25	0.5	0.25
SRR26064286_2	1	1	1	0.25	0.25	1	1	0.25	0.5	0.25
SRR26064287_1	1	1	1	0.25	0.25	1	1	0.25	0.5	0.25
SRR26064287_2	1	1	1	0.25	0.25	1	1	0.25	0.5	0.25
SRR26064288_1	1	1	1	0.25	0.25	1	1	0.25	0.5	0.5
SRR26064288_2	1	1	1	0.25	0.25	1	1	0.25	0.5	0.5
SRR26064289_1	1	1	1	0.25	0.25	1	1	0.25	0.5	0.5
SRR26064289_2	1	1	1	0.25	0.5	1	1	0.25	0.5	0.5
SRR26064290_1	1	1	1	0.25	0.5	1	1	0.25	0.5	0.25
SRR26064290_2	1	1	1	0.25	0.5	1	1	0.25	0.5	0.25
SRR26064291_1	1	1	1	0.25	0.25	1	1	0.25	0.5	0.25
SRR26064291_2	1	1	1	0.25	0.25	1	1	0.25	0.5	0.25
SRR26064292_1	1	1	1	0.25	0.25	1	1	0.25	0.5	0.25
SRR26064292_2	1	1	1	0.25	0.5	1	1	0.25	0.5	0.25
SRR26064293_1	1	1	1	0.25	0.25	1	1	0.25	0.5	0.25
SRR26064293_2	1	1	1	0.25	0.5	1	1	0.25	0.5	0.25
SRR26064294_1	1	1	1	0.25	1	1	1	0.25	1	0.5
SRR26064294_2	1	1	1	0.25	1	1	1	0.5	1	0.5
SRR26064295_1	1	1	1	0.25	0.25	1	1	0.25	0.5	0.5
SRR26064295_2	1	1	1	0.25	0.25	1	1	0.25	0.5	0.5
SRR26064296_1	1	1	1	0.25	0.5	1	1	0.25	0.5	0.25
SRR26064296_2	1	1	1	0.25	0.5	1	1	0.25	0.5	0.25
SRR26064297_1	1	1	1	0.25	1	1	1	0.25	1	0.25
SRR26064297_2	1	1	1	0.25	1	1	1	0.25	1	0.25
SRR26064298_1	1	1	1	0.25	0.25	1	1	0.25	0.5	0.25
SRR26064298_2	1	1	1	0.25	0.25	1	1	0.25	0.5	0.25
SRR26064299_1	1	1	1	0.25	0.25	1	1	0.25	1	0.25
SRR26064299_2	1	1	1	0.25	0.25	1	1	0.25	1	0.25
SRR26064300_1	1	1	1	0.25	1	1	1	0.25	1	0.5
SRR26064300_2	1	1	1	0.25	1	1	1	0.25	1	0.5
SRR26064301_1	1	1	1	0.25	0.5	1	1	0.25	0.5	0.5
SRR26064301_2	1	1	1	0.25	0.5	1	1	0.25	0.5	0.5
SRR26064302_1	1	1	1	0.25	0.5	1	1	0.25	0.5	0.5
SRR26064302_2	1	1	1	0.25	0.5	1	1	0.25	0.5	0.5
SRR26064303_1	1	1	1	0.25	0.25	1	1	0.25	0.5	0.5
SRR26064303_2	1	1	1	0.25	0.25	1	1	0.25	0.5	0.5
SRR26064304_1	1	1	1	0.25	0.5	1	1	0.25	1	0.5
SRR26064304_2	1	1	1	0.25	0.5	1	1	0.25	1	0.5
SRR26064305_1	1	1	1	0.25	0.25	1	1	0.25	0.5	0.5
SRR26064305_2	1	1	1	0.25	0.25	1	1	0.25	0.5	0.5
SRR26064306_1	1	1	1	0.25	0.5	1	1	0.25	1	0.5
SRR26064306_2	1	1	1	0.25	1	1	1	0.25	1	0.5
SRR26064307_1	1	1	1	0.25	0.25	1	1	0.25	0.5	0.5
SRR26064307_2	1	1	1	0.25	0.5	1	1	0.25	0.5	0.5
SRR26064308_1	1	1	1	0.25	0.25	1	1	0.25	0.5	0.5
SRR26064308_2	1	1	1	0.25	0.25	1	1	0.25	0.5	0.5
SRR26064309_1	1	1	1	0.25	0.25	1	1	0.25	0.5	0.5
SRR26064309_2	1	1	1	0.25	0.25	1	1	0.25	0.5	0.5
SRR26064310_1	1	1	1	0.25	0.25	1	1	0.25	0.5	0.25
SRR26064310_2	1	1	1	0.25	0.25	1	1	0.25	0.5	0.25
SRR26064311_1	1	1	1	0.25	0.5	1	1	0.25	0.5	0.5
SRR26064311_2	1	1	1	0.25	0.5	1	1	0.25	0.5	0.5
SRR26064312_1	1	1	1	0.25	0.25	1	1	0.25	0.5	0.25
SRR26064312_2	1	1	1	0.25	0.25	1	1	0.25	0.5	0.25
SRR26064313_1	1	1	1	0.25	0.25	1	1	0.25	0.5	0.5
SRR26064313_2	1	1	1	0.25	0.25	1	1	0.25	0.5	0.5
SRR26064314_1	1	1	1	0.25	0.5	1	1	0.25	1	0.5
SRR26064314_2	1	1	1	0.25	0.5	1	1	0.25	1	0.5
SRR26064315_1	1	1	1	0.25	0.25	1	1	0.25	0.5	0.5
SRR26064315_2	1	1	1	0.25	0.5	1	1	0.25	0.5	0.5
SRR26064316_1	1	1	1	0.25	0.25	1	1	0.25	0.5	0.5
SRR26064316_2	1	1	1	0.25	0.25	1	1	0.25	0.5	0.5
SRR26064317_1	1	1	1	0.25	0.5	1	1	0.25	1	0.5
SRR26064317_2	1	1	1	0.25	0.5	1	1	0.25	1	0.5
SRR26064318_1	1	1	1	0.25	0.25	1	1	0.25	1	0.25
SRR26064318_2	1	1	1	0.25	0.25	1	1	0.25	1	0.25
