Sample	0	1	2	3	4	5	6	7	8	9	10	11	12	13	14	15
SRR26064247_1	(1.0, 18.392001712678294)	(2.0, 6.131085729337682)	(3.0, 2.9667810214161636)	(4.0, 1.7212628869727324)	(5.0, 1.1966836954840088)	(6.0, 0.8903519978258987)	(7.0, 0.8106860989978837)	(8.0, 0.6669002257002894)	(9.0, 0.5854177291089175)	('>10', 7.952029495384341)	('>50', 2.662451125878966)	('>100', 5.024913295063384)	('>500', 1.7219217806769012)	('>1k', 5.809519746423088)	('>5k', 5.5043945427841985)	('>10k+', 37.963598916267166)
SRR26064247_2	(1.0, 26.052130486440873)	(2.0, 5.999227902708144)	(3.0, 2.7495049880337423)	(4.0, 1.626589081959349)	(5.0, 1.184161729786397)	(6.0, 0.8842714434210046)	(7.0, 0.7215993976303068)	(8.0, 0.6090064810370599)	(9.0, 0.5342745937865007)	('>10', 7.683971443359125)	('>50', 2.740638631816043)	('>100', 5.169667088440091)	('>500', 1.6466712592982418)	('>1k', 5.677019662878695)	('>5k', 4.8898306367368765)	('>10k+', 31.83143517266765)
SRR26064248_1	(1.0, 21.51530879787614)	(2.0, 7.087563425340411)	(3.0, 3.464465442348672)	(4.0, 2.130315872564774)	(5.0, 1.532149225243011)	(6.0, 1.2484614316817708)	(7.0, 1.026095518254048)	(8.0, 0.9300551342234872)	(9.0, 0.8335705668045883)	('>10', 10.805243134267716)	('>50', 3.704008426312407)	('>100', 7.227470806807844)	('>500', 2.4668188620239664)	('>1k', 6.698122234583632)	('>5k', 4.769918749955149)	('>10k+', 24.56043237171243)
SRR26064248_2	(1.0, 27.042562787556925)	(2.0, 6.859154248431477)	(3.0, 3.3046919147479135)	(4.0, 2.0744268211667354)	(5.0, 1.5185782429287606)	(6.0, 1.1970957262996895)	(7.0, 0.9889710394114509)	(8.0, 0.8065969559104932)	(9.0, 0.7184711965615046)	('>10', 10.267553243553465)	('>50', 3.7756130890460335)	('>100', 7.1695620772583775)	('>500', 2.444230275952473)	('>1k', 6.57099451074668)	('>5k', 4.2679953713033365)	('>10k+', 20.99350249912474)
SRR26064249_1	(1.0, 22.542857780577354)	(2.0, 6.753156280559349)	(3.0, 3.340070547385685)	(4.0, 2.112848688576362)	(5.0, 1.5859546820145949)	(6.0, 1.320389054456255)	(7.0, 1.0633653385810358)	(8.0, 0.9336719960972015)	(9.0, 0.8399006842377014)	('>10', 11.661697995556146)	('>50', 3.9466676223296955)	('>100', 7.184842508002267)	('>500', 2.6193804636807227)	('>1k', 6.70161438111837)	('>5k', 4.742705261459686)	('>10k+', 22.65087671536763)
SRR26064249_2	(1.0, 26.425956966817864)	(2.0, 6.619222917262725)	(3.0, 3.2127268880903954)	(4.0, 2.1094057363037946)	(5.0, 1.5306204653329323)	(6.0, 1.2803156889706642)	(7.0, 1.026896356763005)	(8.0, 0.8868691601124749)	(9.0, 0.8084733972381688)	('>10', 11.14896022246246)	('>50', 3.7684878896364378)	('>100', 7.0988684983090105)	('>500', 2.4919128112883926)	('>1k', 6.680755150990526)	('>5k', 4.234030251406331)	('>10k+', 20.67649759901479)
SRR26064250_1	(1.0, 16.153241093048095)	(2.0, 6.046804411532719)	(3.0, 3.00637813316927)	(4.0, 1.8616398750606513)	(5.0, 1.4009254080264584)	(6.0, 1.1045649797770536)	(7.0, 0.9019968032929766)	(8.0, 0.7631008092056462)	(9.0, 0.6943757587678088)	('>10', 9.415320682195244)	('>50', 3.2712534387351817)	('>100', 6.2793537129140296)	('>500', 2.51938332453533)	('>1k', 6.856994713337501)	('>5k', 5.216597585454599)	('>10k+', 34.50806927094756)
SRR26064250_2	(1.0, 23.789843836174192)	(2.0, 5.8211470168589114)	(3.0, 2.8677791989834804)	(4.0, 1.7548717221794494)	(5.0, 1.2624807132842844)	(6.0, 1.0135716108568429)	(7.0, 0.862706811455576)	(8.0, 0.7216917457503469)	(9.0, 0.6472546396174175)	('>10', 9.027714412079998)	('>50', 3.202250654382874)	('>100', 5.986283931014488)	('>500', 2.2812695488022823)	('>1k', 6.717238819021079)	('>5k', 5.041718369009546)	('>10k+', 29.00217697052932)
SRR26064251_1	(1.0, 21.7131571355259)	(2.0, 7.947509485856115)	(3.0, 3.8430289657726395)	(4.0, 2.2579286858770167)	(5.0, 1.6424221977644586)	(6.0, 1.2676079724393026)	(7.0, 1.0628820763411402)	(8.0, 0.8807213477985665)	(9.0, 0.8113757591790184)	('>10', 10.643250845321367)	('>50', 3.5836857304290626)	('>100', 7.278878552800825)	('>500', 3.3136478802388583)	('>1k', 8.477933211793871)	('>5k', 4.840619039505784)	('>10k+', 20.435351113356)
SRR26064251_2	(1.0, 28.43007142889778)	(2.0, 7.660005196702921)	(3.0, 3.594883744456162)	(4.0, 2.134413431712719)	(5.0, 1.5219587054798598)	(6.0, 1.2117318563487216)	(7.0, 1.01265360381182)	(8.0, 0.8527306239770605)	(9.0, 0.7221931586370378)	('>10', 9.877139563988074)	('>50', 3.3244978874216127)	('>100', 6.767744181738333)	('>500', 3.134830841285769)	('>1k', 8.025441025112851)	('>5k', 4.435693721267906)	('>10k+', 17.294011029161354)
SRR26064252_1	(1.0, 26.463693434025753)	(2.0, 8.911526030948275)	(3.0, 3.9531004006985047)	(4.0, 2.3385203457753763)	(5.0, 1.6758641666757472)	(6.0, 1.2779533848932834)	(7.0, 1.026175622526188)	(8.0, 0.8697185465406793)	(9.0, 0.7592415896058557)	('>10', 9.953534676104479)	('>50', 3.2510255615592643)	('>100', 6.123546951917136)	('>500', 2.280993585739018)	('>1k', 6.683221538795547)	('>5k', 4.2423091340491705)	('>10k+', 20.189575030145637)
SRR26064252_2	(1.0, 32.56716548889935)	(2.0, 8.491656634172246)	(3.0, 3.714124142465921)	(4.0, 2.149513543648007)	(5.0, 1.5544032913706671)	(6.0, 1.2075469863862285)	(7.0, 0.9845278464627599)	(8.0, 0.8149624036531531)	(9.0, 0.7104162534747172)	('>10', 9.472611426272769)	('>50', 3.014783092372647)	('>100', 5.583868083628847)	('>500', 2.142583999443936)	('>1k', 6.294362178308721)	('>5k', 4.099310873215882)	('>10k+', 17.198163756224336)
SRR26064253_1	(1.0, 24.72801547730771)	(2.0, 8.676806281013004)	(3.0, 3.974249851248813)	(4.0, 2.279007174882168)	(5.0, 1.5221293641040416)	(6.0, 1.2295930361753062)	(7.0, 1.0216189672525624)	(8.0, 0.8969975008752428)	(9.0, 0.7742338278714622)	('>10', 9.63512390252151)	('>50', 3.1857683422150584)	('>100', 6.179666124891275)	('>500', 2.44993319891114)	('>1k', 7.5185463405174096)	('>5k', 5.385981605379773)	('>10k+', 20.54232900483337)
SRR26064253_2	(1.0, 32.443678622726786)	(2.0, 8.11285382414335)	(3.0, 3.612753050006739)	(4.0, 2.0332709553302446)	(5.0, 1.449358527555017)	(6.0, 1.1492623105797324)	(7.0, 0.9244700972544148)	(8.0, 0.7932338768810554)	(9.0, 0.6531711739166449)	('>10', 8.833926522584024)	('>50', 2.905272198200352)	('>100', 5.661194678743983)	('>500', 2.178233657384309)	('>1k', 7.3566781681558835)	('>5k', 4.5921414543888694)	('>10k+', 17.30050088214848)
SRR26064254_1	(1.0, 18.925212740796933)	(2.0, 7.165411421725433)	(3.0, 3.3628210578549935)	(4.0, 2.0151633578184773)	(5.0, 1.4415473335342577)	(6.0, 1.1213162684337328)	(7.0, 0.9613680761721409)	(8.0, 0.8031590110611114)	(9.0, 0.698750662204569)	('>10', 9.73540316991243)	('>50', 3.183818790523056)	('>100', 6.214492199342628)	('>500', 2.4232827301513162)	('>1k', 7.34368997699929)	('>5k', 5.682899144874508)	('>10k+', 28.921664058594978)
SRR26064254_2	(1.0, 25.674275607708896)	(2.0, 6.861484911138603)	(3.0, 3.221235301551504)	(4.0, 1.9149751949298113)	(5.0, 1.3559979698244886)	(6.0, 1.0463179364837716)	(7.0, 0.8816425307306117)	(8.0, 0.7684759353303123)	(9.0, 0.6803710489817232)	('>10', 9.136225267762178)	('>50', 3.100327192233793)	('>100', 5.871150542931372)	('>500', 2.2679664507099413)	('>1k', 7.138294148020748)	('>5k', 5.078785497408708)	('>10k+', 25.002474464253627)
SRR26064255_1	(1.0, 19.66102264560438)	(2.0, 6.608524552881508)	(3.0, 2.9270791764937716)	(4.0, 1.738542150042734)	(5.0, 1.1965021851454403)	(6.0, 0.9887129420364262)	(7.0, 0.8146717841850768)	(8.0, 0.6788072197248984)	(9.0, 0.6140491093997047)	('>10', 8.692059557038238)	('>50', 3.0931665198864815)	('>100', 6.028597979859322)	('>500', 2.304721006416)	('>1k', 6.946180532730503)	('>5k', 5.035818045492771)	('>10k+', 32.67154459306278)
SRR26064255_2	(1.0, 26.627156269485525)	(2.0, 6.320462459194208)	(3.0, 2.7998567907037315)	(4.0, 1.6378310108662697)	(5.0, 1.1715433862979696)	(6.0, 0.9409909254026855)	(7.0, 0.7604543638095973)	(8.0, 0.6407003114085583)	(9.0, 0.5619599650325441)	('>10', 8.361564121023061)	('>50', 3.00796312996896)	('>100', 5.696980463725764)	('>500', 2.045879309318564)	('>1k', 6.679131002799624)	('>5k', 4.573909133618416)	('>10k+', 28.173617357344433)
SRR26064256_1	(1.0, 16.0202855768355)	(2.0, 5.612461799228745)	(3.0, 2.664062794542871)	(4.0, 1.5927909716545836)	(5.0, 1.1569167439036918)	(6.0, 0.9806530627879229)	(7.0, 0.7655532688390232)	(8.0, 0.6546194873148948)	(9.0, 0.6077074889985111)	('>10', 8.630476821185855)	('>50', 3.1192536350593154)	('>100', 6.28002972932354)	('>500', 2.4277662405136797)	('>1k', 6.697254119658454)	('>5k', 5.165876043667383)	('>10k+', 37.6242922164861)
SRR26064256_2	(1.0, 24.311531323343317)	(2.0, 5.329523923885715)	(3.0, 2.499703406721248)	(4.0, 1.5224740018764016)	(5.0, 1.082623574391956)	(6.0, 0.8774080987342692)	(7.0, 0.7569132630597981)	(8.0, 0.6368410760481608)	(9.0, 0.5662756413259844)	('>10', 8.271884189947139)	('>50', 3.0880214487271203)	('>100', 6.043123259597795)	('>500', 2.188071049204581)	('>1k', 6.3802089553235835)	('>5k', 4.907525611606204)	('>10k+', 31.5378711762068)
SRR26064257_1	(1.0, 14.229406603778619)	(2.0, 4.722084029332844)	(3.0, 2.395815106656858)	(4.0, 1.5018450001478616)	(5.0, 1.0674436798977152)	(6.0, 0.8301060030490397)	(7.0, 0.7512871399875365)	(8.0, 0.6078994262242651)	(9.0, 0.5416326662057139)	('>10', 8.164828348775247)	('>50', 3.2526563383784297)	('>100', 6.5581246135175135)	('>500', 2.3011536302456173)	('>1k', 6.6240372743459925)	('>5k', 5.869609763652224)	('>10k+', 40.58207037580454)
SRR26064257_2	(1.0, 18.7054116122546)	(2.0, 4.779097668120239)	(3.0, 2.4079838834828107)	(4.0, 1.4493960400969463)	(5.0, 1.0415555057559902)	(6.0, 0.8498265207299837)	(7.0, 0.7351297548115885)	(8.0, 0.6253014718420258)	(9.0, 0.5597737412262249)	('>10', 8.038807116402374)	('>50', 3.1508446398225898)	('>100', 6.285120680883281)	('>500', 2.2035059110273645)	('>1k', 6.74826667103159)	('>5k', 5.496180945813343)	('>10k+', 36.92379783669907)
SRR26064258_1	(1.0, 16.18726019448221)	(2.0, 5.694346942801863)	(3.0, 2.8022099042109474)	(4.0, 1.6850056420858266)	(5.0, 1.2517042542796082)	(6.0, 0.9950962462338561)	(7.0, 0.8050977465928845)	(8.0, 0.7284106142167331)	(9.0, 0.61114901969926)	('>10', 8.86049415335596)	('>50', 3.271194347376026)	('>100', 6.223188263320848)	('>500', 2.1224305072473566)	('>1k', 6.317595621821069)	('>5k', 5.4531875281747)	('>10k+', 36.99162901410078)
SRR26064258_2	(1.0, 21.978846054296987)	(2.0, 5.825156932873098)	(3.0, 2.660730318941248)	(4.0, 1.6282694749456192)	(5.0, 1.2088973306187711)	(6.0, 0.9395400998995792)	(7.0, 0.8115005297370924)	(8.0, 0.710206082315339)	(9.0, 0.595586828916234)	('>10', 8.748804518401105)	('>50', 3.262063290523477)	('>100', 6.120772255689536)	('>500', 1.9720005224019879)	('>1k', 6.138887622727458)	('>5k', 5.014262735723077)	('>10k+', 32.38447540198954)
SRR26064259_1	(1.0, 13.398499853502017)	(2.0, 5.12049884559338)	(3.0, 2.640134377028672)	(4.0, 1.6378381328040912)	(5.0, 1.163498411669438)	(6.0, 0.9330931269713029)	(7.0, 0.7563752072727993)	(8.0, 0.6805177041370226)	(9.0, 0.5959450987220983)	('>10', 8.692776804655375)	('>50', 3.1686060294417473)	('>100', 6.38965891188954)	('>500', 2.4842254780933093)	('>1k', 6.35459016513167)	('>5k', 5.180714500524357)	('>10k+', 40.80302735256316)
SRR26064259_2	(1.0, 19.209260274495573)	(2.0, 5.131117743946696)	(3.0, 2.514648081148841)	(4.0, 1.5591884564261633)	(5.0, 1.1595833430021731)	(6.0, 0.8934314808024069)	(7.0, 0.7598507977174692)	(8.0, 0.6791948682357454)	(9.0, 0.5921796168088157)	('>10', 8.490114303996249)	('>50', 3.268849985916406)	('>100', 6.331462872925156)	('>500', 2.321378033325847)	('>1k', 6.232953642528848)	('>5k', 5.321920465873154)	('>10k+', 35.534866032850374)
SRR26064260_1	(1.0, 17.557400930644356)	(2.0, 5.3764485538593085)	(3.0, 2.580734999820841)	(4.0, 1.5834588989641951)	(5.0, 1.1535293083230753)	(6.0, 0.928943679096093)	(7.0, 0.7334779248929463)	(8.0, 0.7013723783780289)	(9.0, 0.6070690780039419)	('>10', 8.52947475881031)	('>50', 3.1351228488481917)	('>100', 6.051156470834038)	('>500', 2.3228068128132286)	('>1k', 6.714815229461479)	('>5k', 5.514104261748995)	('>10k+', 36.51008386550104)
SRR26064260_2	(1.0, 22.74457890455423)	(2.0, 5.606402123985934)	(3.0, 2.6772876165290223)	(4.0, 1.5533541182956114)	(5.0, 1.1656894898094585)	(6.0, 0.8895033861596794)	(7.0, 0.7748406000136482)	(8.0, 0.709276150519211)	(9.0, 0.5552202811659624)	('>10', 8.37097611652009)	('>50', 3.2185473671354816)	('>100', 5.97329435150526)	('>500', 2.176321848399451)	('>1k', 6.669277452467726)	('>5k', 5.536621828663533)	('>10k+', 31.378808364275674)
SRR26064261_1	(1.0, 14.894831687655358)	(2.0, 4.32202396096911)	(3.0, 2.165598009178451)	(4.0, 1.360572798645617)	(5.0, 1.001804492929884)	(6.0, 0.7897927395814941)	(7.0, 0.6669258132972228)	(8.0, 0.6019888902064833)	(9.0, 0.5091206650672984)	('>10', 7.573415801249752)	('>50', 2.9568753540690933)	('>100', 5.699731108102609)	('>500', 1.932139091035949)	('>1k', 4.993887854032299)	('>5k', 4.577133640868129)	('>10k+', 45.95415809311126)
SRR26064261_2	(1.0, 19.370547444221028)	(2.0, 4.630607918966642)	(3.0, 2.2577969504038298)	(4.0, 1.4016880846075732)	(5.0, 0.9926794975014783)	(6.0, 0.7932626336129391)	(7.0, 0.6905554828368838)	(8.0, 0.5714649335977149)	(9.0, 0.53267844204998)	('>10', 7.698520258583426)	('>50', 3.090849109110897)	('>100', 5.761168130497045)	('>500', 1.8857756498552942)	('>1k', 4.855308024318626)	('>5k', 4.649185521525647)	('>10k+', 40.8179119183111)
SRR26064262_1	(1.0, 27.383071274379954)	(2.0, 8.88945903844942)	(3.0, 4.32949711334781)	(4.0, 2.564095782536467)	(5.0, 1.8767579990488175)	(6.0, 1.5394216013973894)	(7.0, 1.240991987664637)	(8.0, 1.0388434859819953)	(9.0, 0.898499465906206)	('>10', 12.380106304568361)	('>50', 4.114662070178351)	('>100', 7.750949831695768)	('>500', 3.2445478399544063)	('>1k', 7.954912744208902)	('>5k', 4.07478514369986)	('>10k+', 10.719398316981488)
SRR26064262_2	(1.0, 30.35061543813124)	(2.0, 8.992368071997078)	(3.0, 4.277175501367536)	(4.0, 2.6726662463790207)	(5.0, 1.915060793751589)	(6.0, 1.4749583120306795)	(7.0, 1.1967325178957682)	(8.0, 0.999004095726778)	(9.0, 0.8790865012902728)	('>10', 12.220038253394822)	('>50', 3.9364302108430658)	('>100', 7.493945517286287)	('>500', 2.9746220257790377)	('>1k', 7.707575910761507)	('>5k', 3.907369167416012)	('>10k+', 9.002351435949201)
SRR26064263_1	(1.0, 21.791636471585953)	(2.0, 10.03906662665187)	(3.0, 4.522874286561029)	(4.0, 2.0446586866219003)	(5.0, 1.0850620359103815)	(6.0, 0.7375804148662662)	(7.0, 0.5600605316296405)	(8.0, 0.4512697588512872)	(9.0, 0.3963438297440414)	('>10', 5.8861505376962615)	('>50', 2.3454276106690646)	('>100', 5.134012650323323)	('>500', 2.5428165138524483)	('>1k', 8.421374354698404)	('>5k', 6.084575088743143)	('>10k+', 27.95709060159498)
SRR26064263_2	(1.0, 28.77682880626277)	(2.0, 9.658808884623658)	(3.0, 4.341868237248047)	(4.0, 1.9237772806484734)	(5.0, 1.075692411577428)	(6.0, 0.7674986915413119)	(7.0, 0.5781254097762708)	(8.0, 0.4540064379342668)	(9.0, 0.4321005699221743)	('>10', 6.045070438716841)	('>50', 2.434605634365154)	('>100', 5.063049515019856)	('>500', 2.244856933159594)	('>1k', 7.944730203634756)	('>5k', 5.57256220318446)	('>10k+', 22.68641834238482)
SRR26064264_1	(1.0, 31.569148694537365)	(2.0, 14.538176577193676)	(3.0, 6.075406304895527)	(4.0, 2.69673479804061)	(5.0, 1.4379681069975214)	(6.0, 0.8875445446963904)	(7.0, 0.7041961462009366)	(8.0, 0.5714579461027168)	(9.0, 0.5218305132571598)	('>10', 6.358073214720241)	('>50', 2.235911211221671)	('>100', 4.610213316565325)	('>500', 2.08157020199083)	('>1k', 6.507661927133681)	('>5k', 4.3503059446337335)	('>10k+', 14.853800551812565)
SRR26064264_2	(1.0, 37.75546613667224)	(2.0, 13.799649055472841)	(3.0, 5.739657686028304)	(4.0, 2.4897893980498775)	(5.0, 1.2953301831074608)	(6.0, 0.8869940660244569)	(7.0, 0.6179892156744411)	(8.0, 0.5260990440949046)	(9.0, 0.46414402932849036)	('>10', 6.121759760068541)	('>50', 2.2224057387609073)	('>100', 4.353501734040717)	('>500', 1.8740751360565169)	('>1k', 6.07855695153621)	('>5k', 3.8846592720310498)	('>10k+', 11.889922593053132)
SRR26064265_1	(1.0, 21.83282784763282)	(2.0, 9.461741908915767)	(3.0, 4.446998304269254)	(4.0, 2.201959925526654)	(5.0, 1.4447020255553984)	(6.0, 0.9755476027894198)	(7.0, 0.7980499588386416)	(8.0, 0.6366367336781573)	(9.0, 0.5600346822671567)	('>10', 7.592473195885222)	('>50', 2.729929588720448)	('>100', 5.482530542200939)	('>500', 2.2234551469165966)	('>1k', 6.330369988576806)	('>5k', 4.522401432440682)	('>10k+', 28.76034111578596)
SRR26064265_2	(1.0, 27.09250942448827)	(2.0, 9.270814619243138)	(3.0, 4.2474816491284075)	(4.0, 2.1212308699747484)	(5.0, 1.3462482552600192)	(6.0, 0.9282025455069771)	(7.0, 0.7644137851862437)	(8.0, 0.6339261209757108)	(9.0, 0.5016813475572246)	('>10', 7.414936249895751)	('>50', 2.91094159540468)	('>100', 5.492381424441496)	('>500', 2.1068741005795797)	('>1k', 6.203326355593384)	('>5k', 3.9587727290708736)	('>10k+', 25.006258927693437)
SRR26064266_1	(1.0, 26.530582698914568)	(2.0, 9.348258981972249)	(3.0, 4.200582152786994)	(4.0, 2.3741834346964414)	(5.0, 1.6669222388117244)	(6.0, 1.2299706536685973)	(7.0, 0.9675909292548807)	(8.0, 0.8841980075911828)	(9.0, 0.7049632413155381)	('>10', 8.753620787148101)	('>50', 2.7647279940564173)	('>100', 5.244283245620258)	('>500', 2.081419869124263)	('>1k', 6.226304030677309)	('>5k', 5.041222696380509)	('>10k+', 21.98116903798114)
SRR26064266_2	(1.0, 33.6212586810972)	(2.0, 8.723253529647474)	(3.0, 3.814061486393247)	(4.0, 2.172265194117825)	(5.0, 1.392988848094816)	(6.0, 1.1482476360634977)	(7.0, 0.8578096941451726)	(8.0, 0.7727959860191379)	(9.0, 0.6494663257995926)	('>10', 8.083083174395925)	('>50', 2.6245495385443998)	('>100', 4.9529787950986695)	('>500', 1.9041725718293026)	('>1k', 6.117697973628925)	('>5k', 4.491451505099389)	('>10k+', 18.673919060025337)
SRR26064267_1	(1.0, 18.58499838823463)	(2.0, 6.449872362302759)	(3.0, 2.9858647941532768)	(4.0, 1.779986223474592)	(5.0, 1.1627300295801475)	(6.0, 0.937801984818942)	(7.0, 0.7315002533449729)	(8.0, 0.6096755679232786)	(9.0, 0.5442883369964339)	('>10', 7.366331654327736)	('>50', 2.727023508624004)	('>100', 5.414111496022982)	('>500', 2.164927224110863)	('>1k', 6.271049000609083)	('>5k', 5.385939730409071)	('>10k+', 36.88389944506715)
SRR26064267_2	(1.0, 26.44556476474424)	(2.0, 6.131116393676316)	(3.0, 2.8050894510688438)	(4.0, 1.6375407525818575)	(5.0, 1.0842293658083524)	(6.0, 0.8510756135652553)	(7.0, 0.6529116646089063)	(8.0, 0.577567125148316)	(9.0, 0.5255539364489675)	('>10', 7.111616551362604)	('>50', 2.673311553181529)	('>100', 5.369946283967087)	('>500', 2.0315941956507904)	('>1k', 6.035445906677632)	('>5k', 5.389823688252605)	('>10k+', 30.67761275325652)
SRR26064268_1	(1.0, 26.490289698343773)	(2.0, 8.499514388949255)	(3.0, 3.703385677657651)	(4.0, 2.2074065467647492)	(5.0, 1.5655908391881166)	(6.0, 1.1805867285901421)	(7.0, 0.9736216137724192)	(8.0, 0.8122172812616004)	(9.0, 0.6604028577550313)	('>10', 8.619386958131994)	('>50', 2.6282706330627086)	('>100', 4.795688875299214)	('>500', 1.744824303652094)	('>1k', 5.9164152884922)	('>5k', 5.608708378676307)	('>10k+', 24.59368993040274)
SRR26064268_2	(1.0, 33.42520992598106)	(2.0, 7.772990593088888)	(3.0, 3.3747676853887945)	(4.0, 1.9688483889111434)	(5.0, 1.4143636938501312)	(6.0, 1.0627086570875874)	(7.0, 0.8691523063947257)	(8.0, 0.7295933501706331)	(9.0, 0.643104357911171)	('>10', 8.055999661282668)	('>50', 2.625228219190557)	('>100', 4.544680725750735)	('>500', 1.6650984386818908)	('>1k', 5.888952530222637)	('>5k', 4.918387630338426)	('>10k+', 21.040913835748974)
SRR26064269_1	(1.0, 12.784694716498137)	(2.0, 4.003161264301692)	(3.0, 1.8639928773285193)	(4.0, 1.16398503497682)	(5.0, 0.7973627054348164)	(6.0, 0.6431750623472913)	(7.0, 0.5333158718535436)	(8.0, 0.44315287052853924)	(9.0, 0.43030136710922734)	('>10', 6.582729690526626)	('>50', 2.7191592727355975)	('>100', 5.521158111951887)	('>500', 2.2642228324669733)	('>1k', 6.703491532678922)	('>5k', 5.839085418612864)	('>10k+', 47.70701137064848)
SRR26064269_2	(1.0, 18.63966866989116)	(2.0, 4.129922993154572)	(3.0, 1.9699600183358843)	(4.0, 1.156523163363984)	(5.0, 0.8380674632436189)	(6.0, 0.6441272586919206)	(7.0, 0.544446557539192)	(8.0, 0.47491628119464446)	(9.0, 0.4040331004414475)	('>10', 6.841904181066988)	('>50', 2.8910444373038544)	('>100', 5.610725554312104)	('>500', 2.1660637839068153)	('>1k', 6.544372522689208)	('>5k', 5.17263573327532)	('>10k+', 41.97158828158935)
SRR26064270_1	(1.0, 27.464725114889482)	(2.0, 7.981186098826917)	(3.0, 3.810897719588255)	(4.0, 2.3430738286470385)	(5.0, 1.6388858547181924)	(6.0, 1.340162748843615)	(7.0, 1.046220399133878)	(8.0, 0.8913301397036961)	(9.0, 0.7425185837498067)	('>10', 10.139018036511336)	('>50', 3.448619254734143)	('>100', 6.737414571069782)	('>500', 2.6366437590643916)	('>1k', 6.899532162376633)	('>5k', 4.5274377207786385)	('>10k+', 18.352334007364213)
SRR26064270_2	(1.0, 29.17106191919736)	(2.0, 8.254781357715167)	(3.0, 3.9184270052143555)	(4.0, 2.3979776340236825)	(5.0, 1.7040683692472847)	(6.0, 1.3096880260315131)	(7.0, 1.1078189980302335)	(8.0, 0.9315260612331091)	(9.0, 0.7781828242167419)	('>10', 10.229072699940357)	('>50', 3.4694568197409925)	('>100', 6.546545283352826)	('>500', 2.500965409132222)	('>1k', 7.088411240812116)	('>5k', 4.080899376457804)	('>10k+', 16.511116975654218)
SRR26064271_1	(1.0, 17.841510317021235)	(2.0, 5.512873024142436)	(3.0, 2.9516116303958664)	(4.0, 1.8638145175071446)	(5.0, 1.3768678907996412)	(6.0, 1.060797565885621)	(7.0, 0.8839717729853875)	(8.0, 0.7449746349076202)	(9.0, 0.6608302810494803)	('>10', 9.462661860241287)	('>50', 3.5109670417400487)	('>100', 7.316171210659047)	('>500', 3.101942890924188)	('>1k', 8.345861140283327)	('>5k', 5.081790909646616)	('>10k+', 30.283353311810973)
SRR26064271_2	(1.0, 21.156263694876177)	(2.0, 5.827339165003751)	(3.0, 3.0636305389097145)	(4.0, 1.825521443586645)	(5.0, 1.4149704968328911)	(6.0, 1.0935674715159887)	(7.0, 0.8928437502496677)	(8.0, 0.7555175419947848)	(9.0, 0.6769196210738789)	('>10', 9.46145688941409)	('>50', 3.6427729333629206)	('>100', 7.176206537564197)	('>500', 2.9857157077315963)	('>1k', 8.131599813822286)	('>5k', 5.363309806996506)	('>10k+', 26.53236458706515)
SRR26064272_1	(1.0, 20.018617999588255)	(2.0, 6.520126870865975)	(3.0, 3.84592563624118)	(4.0, 2.6518108143076744)	(5.0, 1.9760772451895157)	(6.0, 1.5710808612016018)	(7.0, 1.3839380586381322)	(8.0, 1.1542662747482277)	(9.0, 0.982982691073139)	('>10', 13.001100804940188)	('>50', 4.036628871575096)	('>100', 7.322886993470331)	('>500', 2.5141805660037413)	('>1k', 6.805039898697461)	('>5k', 4.471256118742472)	('>10k+', 21.74408029471695)
SRR26064272_2	(1.0, 26.9614988720149)	(2.0, 6.041553149621828)	(3.0, 3.605510299750272)	(4.0, 2.426429798807132)	(5.0, 1.8460362937865034)	(6.0, 1.4756241603986184)	(7.0, 1.2982824022886008)	(8.0, 1.076163907538628)	(9.0, 0.984089507223942)	('>10', 12.109385641189087)	('>50', 3.798721315231478)	('>100', 6.962712757355238)	('>500', 2.3812453636731306)	('>1k', 6.497257710358922)	('>5k', 3.927950156863312)	('>10k+', 18.607538663898573)
SRR26064273_1	(1.0, 29.8118403827904)	(2.0, 9.563478698775127)	(3.0, 5.229110236618816)	(4.0, 3.3676248473654247)	(5.0, 2.4235609289783366)	(6.0, 1.9092017477048098)	(7.0, 1.5296808451250825)	(8.0, 1.2753126385084568)	(9.0, 1.080932426468044)	('>10', 14.124777192461337)	('>50', 4.431993576397096)	('>100', 7.865713666659058)	('>500', 2.560609206156871)	('>1k', 6.11221491763071)	('>5k', 3.413860051737647)	('>10k+', 5.300088636622862)
SRR26064273_2	(1.0, 36.03210442459645)	(2.0, 8.92021115103919)	(3.0, 4.902453408531255)	(4.0, 2.990494914972772)	(5.0, 2.2290725625695837)	(6.0, 1.6848437364151858)	(7.0, 1.417509114037288)	(8.0, 1.1941484360222119)	(9.0, 1.0342864823179754)	('>10', 12.801010409818723)	('>50', 4.027124610793064)	('>100', 7.228048741312546)	('>500', 2.434251464031538)	('>1k', 5.6347352852945445)	('>5k', 2.850180882825525)	('>10k+', 4.619524375422014)
SRR26064274_1	(1.0, 28.54525068160133)	(2.0, 9.278515471996789)	(3.0, 5.570424441666901)	(4.0, 3.627451172264034)	(5.0, 2.694579739866893)	(6.0, 2.0672478801105756)	(7.0, 1.8225347720285137)	(8.0, 1.5361858064463578)	(9.0, 1.3347363453116434)	('>10', 16.021196430969912)	('>50', 4.848055342469988)	('>100', 8.52037918061599)	('>500', 2.6999546975404)	('>1k', 5.6943606713606245)	('>5k', 2.282258814508688)	('>10k+', 3.4568685512412474)
SRR26064274_2	(1.0, 33.04084487076119)	(2.0, 8.882577564774008)	(3.0, 5.1488864673203665)	(4.0, 3.3309527800342122)	(5.0, 2.5597769673031423)	(6.0, 1.9688948202221588)	(7.0, 1.660790642337798)	(8.0, 1.4016105694782228)	(9.0, 1.2693253839477492)	('>10', 14.954582380884826)	('>50', 4.4985455694928795)	('>100', 8.160042854878952)	('>500', 2.689204670299985)	('>1k', 5.492277756496908)	('>5k', 2.126026618842408)	('>10k+', 2.815660082925356)
SRR26064275_1	(1.0, 26.06618616793209)	(2.0, 8.662673112668356)	(3.0, 4.684912693194495)	(4.0, 2.9965675200738504)	(5.0, 2.1468006641910344)	(6.0, 1.6731561396508499)	(7.0, 1.446009415343159)	(8.0, 1.1888808261796746)	(9.0, 1.041662276005918)	('>10', 13.202605224077162)	('>50', 4.2626447146115245)	('>100', 8.157342459575307)	('>500', 3.042299973087298)	('>1k', 7.327919043299906)	('>5k', 3.823469547175383)	('>10k+', 10.27687022293394)
SRR26064275_2	(1.0, 33.889649160226284)	(2.0, 7.963703199058172)	(3.0, 4.2239742533216695)	(4.0, 2.754441497212597)	(5.0, 1.9666406772275813)	(6.0, 1.608551163804451)	(7.0, 1.263835873824343)	(8.0, 1.0615634287709719)	(9.0, 0.9555995493789339)	('>10', 11.993163301228375)	('>50', 3.692411726772421)	('>100', 7.444801245225677)	('>500', 2.694950193997562)	('>1k', 6.677715469111122)	('>5k', 3.616651523039925)	('>10k+', 8.192347737799789)
SRR26064276_1	(1.0, 24.846249357479326)	(2.0, 8.965245079854176)	(3.0, 4.693814465310062)	(4.0, 2.792712787761473)	(5.0, 1.9863712413730763)	(6.0, 1.4754704096038078)	(7.0, 1.2043446505836986)	(8.0, 1.0116854099176347)	(9.0, 0.8761176497943249)	('>10', 11.882814956057349)	('>50', 3.986759471264261)	('>100', 7.94099779070846)	('>500', 3.0511590289317754)	('>1k', 8.500125779479337)	('>5k', 4.802713618828259)	('>10k+', 11.98341830305284)
SRR26064276_2	(1.0, 29.68342694268113)	(2.0, 8.749825678490641)	(3.0, 4.545735010652193)	(4.0, 2.7223924612354975)	(5.0, 1.919523375979164)	(6.0, 1.4444332266863524)	(7.0, 1.1804897783835469)	(8.0, 0.9375719224824888)	(9.0, 0.8795863063096753)	('>10', 11.381470541263186)	('>50', 3.7308116462298897)	('>100', 7.470551149967843)	('>500', 3.0023948862530663)	('>1k', 7.989432414100362)	('>5k', 4.565546890042248)	('>10k+', 9.796807769242509)
SRR26064277_1	(1.0, 25.10834510666854)	(2.0, 9.521225107907982)	(3.0, 4.815762419095838)	(4.0, 2.81409980981514)	(5.0, 1.8634642540319113)	(6.0, 1.5611873478150275)	(7.0, 1.2250473100966126)	(8.0, 1.0282476664331506)	(9.0, 0.9007611334059737)	('>10', 12.312636492813702)	('>50', 4.904126572794964)	('>100', 11.36503883980207)	('>500', 4.494919065667652)	('>1k', 9.415844590752007)	('>5k', 3.3187143356251974)	('>10k+', 5.350579947274511)
SRR26064277_2	(1.0, 31.533624639092462)	(2.0, 9.249207378356898)	(3.0, 4.453134669810769)	(4.0, 2.6110208816894547)	(5.0, 1.817875596960528)	(6.0, 1.3330183853421194)	(7.0, 1.1059735991153354)	(8.0, 0.9740325899699257)	(9.0, 0.8034382702209066)	('>10', 11.438490136465818)	('>50', 4.496211330339445)	('>100', 10.296901955514619)	('>500', 4.203556478750548)	('>1k', 8.493242981818547)	('>5k', 2.874502396715236)	('>10k+', 4.31576870983737)
SRR26064278_1	(1.0, 24.630193124076243)	(2.0, 9.406285047171425)	(3.0, 4.589189101552333)	(4.0, 2.819615195140223)	(5.0, 2.0173651199641895)	(6.0, 1.6188513122447619)	(7.0, 1.2379233879477274)	(8.0, 1.017372006761336)	(9.0, 0.9243549481412738)	('>10', 12.918523008158534)	('>50', 4.570331520471395)	('>100', 7.911797926820771)	('>500', 2.3772616892249903)	('>1k', 6.299820249526592)	('>5k', 4.292118085445247)	('>10k+', 13.368998277352958)
SRR26064278_2	(1.0, 32.736903475080624)	(2.0, 8.843608549823289)	(3.0, 4.362774451910178)	(4.0, 2.568530828288062)	(5.0, 1.8110712298521643)	(6.0, 1.410475845322115)	(7.0, 1.2012382703440772)	(8.0, 0.9957177517600974)	(9.0, 0.8501020767394878)	('>10', 11.732770794869039)	('>50', 4.047257963849114)	('>100', 7.2552976978775465)	('>500', 2.1948061096399267)	('>1k', 5.704732890596644)	('>5k', 3.687016298891968)	('>10k+', 10.597695765155594)
SRR26064279_1	(1.0, 15.01737177953106)	(2.0, 5.32244371584021)	(3.0, 2.707923150485439)	(4.0, 1.6568669759639638)	(5.0, 1.1173093423807214)	(6.0, 0.911271753505259)	(7.0, 0.7410644598909092)	(8.0, 0.6079555869820125)	(9.0, 0.5450137465806335)	('>10', 7.653180377017501)	('>50', 2.83880791782499)	('>100', 5.090139381127256)	('>500', 1.5763406193116243)	('>1k', 5.653206811319611)	('>5k', 6.078374368076103)	('>10k+', 42.48273001416264)
SRR26064279_2	(1.0, 22.89752477164731)	(2.0, 5.164060903387507)	(3.0, 2.637698661188244)	(4.0, 1.5700134848421352)	(5.0, 1.1398214770111044)	(6.0, 0.8449394617992526)	(7.0, 0.7081312988426671)	(8.0, 0.6015447969492392)	(9.0, 0.5405508766849437)	('>10', 7.45289295427537)	('>50', 2.7785836136129705)	('>100', 5.070698781107013)	('>500', 1.5097711311166824)	('>1k', 5.593673860642576)	('>5k', 5.605702709707626)	('>10k+', 35.88439121718538)
SRR26064280_1	(1.0, 28.070716827494014)	(2.0, 10.601499622753913)	(3.0, 5.451881105514275)	(4.0, 3.2916951219257897)	(5.0, 2.3103695331121643)	(6.0, 1.8556855832787686)	(7.0, 1.523432061562497)	(8.0, 1.27579701145033)	(9.0, 1.1068716807951589)	('>10', 13.971162510878093)	('>50', 4.312802617817246)	('>100', 7.648201156461498)	('>500', 2.69470592009678)	('>1k', 7.013381270237004)	('>5k', 3.5618675840288105)	('>10k+', 5.309930392593869)
SRR26064280_2	(1.0, 33.20182683697179)	(2.0, 10.181665101439926)	(3.0, 5.057548795515486)	(4.0, 3.1025578076986475)	(5.0, 2.239995182340868)	(6.0, 1.6829815324094448)	(7.0, 1.3791682904723084)	(8.0, 1.2025201296932002)	(9.0, 1.0144303357884057)	('>10', 12.839325591858792)	('>50', 4.042710364602532)	('>100', 7.032006569371091)	('>500', 2.4624553323681595)	('>1k', 6.752663715867552)	('>5k', 3.073301747694873)	('>10k+', 4.734842665906819)
SRR26064281_1	(1.0, 30.855712091836594)	(2.0, 11.599589655158168)	(3.0, 6.165170292330398)	(4.0, 4.051416871115219)	(5.0, 2.803136992543314)	(6.0, 2.274110428434746)	(7.0, 1.8173443503324287)	(8.0, 1.4615717356617173)	(9.0, 1.3402165508899622)	('>10', 16.004655709039625)	('>50', 5.267361591113874)	('>100', 9.075150321551707)	('>500', 2.7106806829280976)	('>1k', 3.707899554336594)	('>5k', 0.7384486491358055)	('>10k+', 0.12753452359167727)
SRR26064281_2	(1.0, 34.873064860865725)	(2.0, 11.17114878559897)	(3.0, 5.82470203891624)	(4.0, 3.6655962392166965)	(5.0, 2.8337295484776646)	(6.0, 2.141616365757144)	(7.0, 1.759343774112259)	(8.0, 1.4874016911369403)	(9.0, 1.2275024941839126)	('>10', 14.937399306155536)	('>50', 4.753106560192526)	('>100', 8.501513956487337)	('>500', 2.545595467227656)	('>1k', 3.555489034650388)	('>5k', 0.6228260449810896)	('>10k+', 0.09996383203991782)
SRR26064282_1	(1.0, 22.273869569679167)	(2.0, 8.406799018999145)	(3.0, 4.510405880921947)	(4.0, 2.7422310821683413)	(5.0, 1.9195389174100648)	(6.0, 1.5766526713637337)	(7.0, 1.2644089196386479)	(8.0, 1.1027785363554776)	(9.0, 0.9728426530983034)	('>10', 12.024900814037196)	('>50', 3.847528130458946)	('>100', 6.916016660234639)	('>500', 2.3127394246635578)	('>1k', 6.320506542336231)	('>5k', 4.770159648908716)	('>10k+', 19.038621529725916)
SRR26064282_2	(1.0, 29.576808735925948)	(2.0, 8.012641509154344)	(3.0, 4.088448130603559)	(4.0, 2.506407586903707)	(5.0, 1.8379879131565202)	(6.0, 1.4314221666455418)	(7.0, 1.1268062982099574)	(8.0, 0.9488919624073312)	(9.0, 0.8396737397330949)	('>10', 11.276371790330389)	('>50', 3.591904242902419)	('>100', 6.412803559365051)	('>500', 2.1290662449213094)	('>1k', 6.063457414563973)	('>5k', 4.124556111680784)	('>10k+', 16.032752593496074)
SRR26064283_1	(1.0, 28.271057019263502)	(2.0, 11.28130847011405)	(3.0, 6.057511051636845)	(4.0, 3.843735197462289)	(5.0, 2.767950092204801)	(6.0, 2.247961354571422)	(7.0, 1.8429234004094672)	(8.0, 1.6481209683208071)	(9.0, 1.351362898052727)	('>10', 18.01158138429005)	('>50', 5.893171825392556)	('>100', 10.230205432037685)	('>500', 2.9407275034183193)	('>1k', 3.3468218010679)	('>5k', 0.23169062150654784)	('>10k+', 0.033870980251054304)
SRR26064283_2	(1.0, 34.52507035887349)	(2.0, 10.725957153804877)	(3.0, 5.551856375047528)	(4.0, 3.5681507267324735)	(5.0, 2.586594253451777)	(6.0, 2.0310945860939387)	(7.0, 1.7563796609394042)	(8.0, 1.4696608909939777)	(9.0, 1.1894699201793766)	('>10', 16.03692302187515)	('>50', 5.242750407961581)	('>100', 9.293045681588426)	('>500', 2.5938034115984174)	('>1k', 3.223129108792068)	('>5k', 0.20611444206758292)	('>10k+', 0.0)
SRR26064284_1	(1.0, 26.484028672941566)	(2.0, 10.695589961653848)	(3.0, 5.416822880744154)	(4.0, 3.53831663814748)	(5.0, 2.556072651240846)	(6.0, 2.047621557324434)	(7.0, 1.6664175774183252)	(8.0, 1.423223354126437)	(9.0, 1.244360824830306)	('>10', 15.744470622594225)	('>50', 5.157360888660013)	('>100', 8.93669412519418)	('>500', 2.7405345686356797)	('>1k', 5.70381002263635)	('>5k', 2.5610431956766315)	('>10k+', 4.083632458175633)
SRR26064284_2	(1.0, 35.488301556896594)	(2.0, 9.704456096666377)	(3.0, 5.10274725058047)	(4.0, 3.142504739498902)	(5.0, 2.2925488878280196)	(6.0, 1.761052412179721)	(7.0, 1.3843800307646976)	(8.0, 1.1677069752501799)	(9.0, 1.079927631035313)	('>10', 13.977897481413473)	('>50', 4.42270886053709)	('>100', 7.57828053773493)	('>500', 2.4689914053883664)	('>1k', 5.250051786212397)	('>5k', 1.9999445004162535)	('>10k+', 3.178499847597158)
SRR26064285_1	(1.0, 15.37824365202888)	(2.0, 6.898580162403673)	(3.0, 4.125946378832928)	(4.0, 2.7864530243372996)	(5.0, 1.9598142531048426)	(6.0, 1.5808337722822208)	(7.0, 1.3223691559174569)	(8.0, 1.0300837065624422)	(9.0, 0.8999894253542621)	('>10', 10.204043052242133)	('>50', 3.0107633228676067)	('>100', 5.116532469173777)	('>500', 1.666003011916525)	('>1k', 4.534812179012872)	('>5k', 4.4595372504141775)	('>10k+', 35.0259951835489)
SRR26064285_2	(1.0, 20.473542567143774)	(2.0, 6.741267942832272)	(3.0, 4.0515181816189285)	(4.0, 2.7328671102218967)	(5.0, 2.0041470255244294)	(6.0, 1.5797413211054525)	(7.0, 1.2389295478204754)	(8.0, 1.0848802490504577)	(9.0, 0.9055966806648457)	('>10', 9.967253666817271)	('>50', 3.0565947191561063)	('>100', 5.16257971509054)	('>500', 1.596546554742207)	('>1k', 4.591973343132561)	('>5k', 4.094778932212724)	('>10k+', 30.717782442866003)
SRR26064286_1	(1.0, 29.686719441518022)	(2.0, 9.6385591987981)	(3.0, 4.415688625149807)	(4.0, 2.652265360501187)	(5.0, 1.8023307161686646)	(6.0, 1.397346501343119)	(7.0, 1.1157737058565529)	(8.0, 0.9212731325371752)	(9.0, 0.8333590068773638)	('>10', 9.736765990129175)	('>50', 3.021156288646094)	('>100', 5.111243354582533)	('>500', 1.7629699656842122)	('>1k', 5.660403266741109)	('>5k', 4.874785620153269)	('>10k+', 17.36935982531357)
SRR26064286_2	(1.0, 35.97022309548754)	(2.0, 8.92249939279368)	(3.0, 4.036066209832994)	(4.0, 2.328400222424063)	(5.0, 1.6329770342032295)	(6.0, 1.2836714131250275)	(7.0, 1.0363065404343639)	(8.0, 0.8400910530549768)	(9.0, 0.7814222658615075)	('>10', 8.977834836620506)	('>50', 2.803415340731569)	('>100', 4.782954889812438)	('>500', 1.6704300112142962)	('>1k', 5.575410369604102)	('>5k', 4.3237880531882995)	('>10k+', 15.034509271611507)
SRR26064287_1	(1.0, 22.049182968750486)	(2.0, 8.069344883651265)	(3.0, 3.8181211943936026)	(4.0, 2.1990075066295063)	(5.0, 1.5192901500035216)	(6.0, 1.2114692692646933)	(7.0, 0.9816557121032975)	(8.0, 0.8391601264050261)	(9.0, 0.7367939297408527)	('>10', 9.148687664693506)	('>50', 3.1317991065415267)	('>100', 5.323329443460234)	('>500', 1.822621314628545)	('>1k', 5.554269072833836)	('>5k', 4.93108832114644)	('>10k+', 28.664179335753758)
SRR26064287_2	(1.0, 28.176827885616657)	(2.0, 7.433832964127718)	(3.0, 3.556003327550672)	(4.0, 2.070403175686651)	(5.0, 1.447862220979531)	(6.0, 1.1029272275779962)	(7.0, 0.9091063039496117)	(8.0, 0.7350235459290302)	(9.0, 0.6778255473265036)	('>10', 8.743730377941297)	('>50', 2.968562781531158)	('>100', 5.009052217840489)	('>500', 1.72435740790997)	('>1k', 5.536169874598502)	('>5k', 4.315729096677294)	('>10k+', 25.592586044756928)
SRR26064288_1	(1.0, 21.68905735680413)	(2.0, 7.359715623261498)	(3.0, 3.293605810933939)	(4.0, 1.9363914690622728)	(5.0, 1.2627624125155783)	(6.0, 1.0418107018269693)	(7.0, 0.8339986863455917)	(8.0, 0.7084732535110403)	(9.0, 0.6326699232881097)	('>10', 8.150153907631628)	('>50', 2.7566729178283755)	('>100', 4.822442813960025)	('>500', 1.6280983412481587)	('>1k', 5.573676937597317)	('>5k', 5.189279024937552)	('>10k+', 33.12119081924796)
SRR26064288_2	(1.0, 28.26499921774111)	(2.0, 6.802201614643636)	(3.0, 3.042594671908101)	(4.0, 1.7643375301094957)	(5.0, 1.2506670787663245)	(6.0, 0.9336344791928269)	(7.0, 0.8223456585756692)	(8.0, 0.6828939782395264)	(9.0, 0.5774680103758182)	('>10', 7.787632004621305)	('>50', 2.6730072672642873)	('>100', 4.609803634166395)	('>500', 1.6018540146698952)	('>1k', 5.617763913006547)	('>5k', 4.605161631459569)	('>10k+', 28.96363529525964)
SRR26064289_1	(1.0, 27.328053088810083)	(2.0, 8.62408797530892)	(3.0, 3.7129435397733794)	(4.0, 2.1869791295624625)	(5.0, 1.4717251553318076)	(6.0, 1.1583302231922532)	(7.0, 0.932683018565112)	(8.0, 0.7691376382871508)	(9.0, 0.6675039665384347)	('>10', 8.31412220359509)	('>50', 2.739761161609877)	('>100', 5.1401407675780355)	('>500', 1.699040003283973)	('>1k', 5.3698143064373784)	('>5k', 4.742586979704372)	('>10k+', 25.143090842421707)
SRR26064289_2	(1.0, 34.7097337270607)	(2.0, 7.921409316588029)	(3.0, 3.385317815755082)	(4.0, 1.9608960160245172)	(5.0, 1.2970375920261445)	(6.0, 1.0510935083958255)	(7.0, 0.8391324588797785)	(8.0, 0.7079379618097633)	(9.0, 0.5816004857385818)	('>10', 7.699633568629377)	('>50', 2.68553994544714)	('>100', 4.771231563376962)	('>500', 1.5344304892733993)	('>1k', 5.305694773314162)	('>5k', 4.252167961959455)	('>10k+', 21.297142815720946)
SRR26064290_1	(1.0, 28.01844694703969)	(2.0, 9.685937740016035)	(3.0, 4.557553075713155)	(4.0, 2.769846484467509)	(5.0, 1.9561268143810058)	(6.0, 1.5342124078838817)	(7.0, 1.2208899715277093)	(8.0, 1.0361073169245885)	(9.0, 0.8994571397151836)	('>10', 10.956440231601574)	('>50', 3.3084485511643185)	('>100', 5.902955307182612)	('>500', 1.9647846860242517)	('>1k', 5.270113083146352)	('>5k', 4.26739679349843)	('>10k+', 16.651283449713482)
SRR26064290_2	(1.0, 35.139628287319184)	(2.0, 8.876620949341264)	(3.0, 4.232053626024865)	(4.0, 2.555980202606667)	(5.0, 1.7333296674190173)	(6.0, 1.363272608750777)	(7.0, 1.08573292233137)	(8.0, 0.9410258046716916)	(9.0, 0.7672090000263007)	('>10', 9.852734112368287)	('>50', 3.122009943076742)	('>100', 5.31340730879466)	('>500', 1.8376730506147947)	('>1k', 5.0891150036314245)	('>5k', 3.7664335369123747)	('>10k+', 14.323773976110552)
SRR26064291_1	(1.0, 22.71383372865414)	(2.0, 7.024747183549529)	(3.0, 3.1144549262149934)	(4.0, 1.7795874973155539)	(5.0, 1.2095081984109821)	(6.0, 0.9740532562585009)	(7.0, 0.7598976824691943)	(8.0, 0.702825192856917)	(9.0, 0.59069320626922)	('>10', 7.637283714848918)	('>50', 2.5953443172457185)	('>100', 4.76623078176957)	('>500', 1.752595141335014)	('>1k', 5.9004868218047815)	('>5k', 5.876205502145984)	('>10k+', 32.60225284885082)
SRR26064291_2	(1.0, 28.143499543087675)	(2.0, 6.71272230605949)	(3.0, 2.9538404093610393)	(4.0, 1.7394542465717695)	(5.0, 1.1975130740457034)	(6.0, 0.9507100278374054)	(7.0, 0.7335602781399285)	(8.0, 0.649816730436792)	(9.0, 0.5327587312954096)	('>10', 7.2688863298405115)	('>50', 2.5185846371077094)	('>100', 4.589260219196432)	('>500', 1.7324060164879589)	('>1k', 5.856682573713709)	('>5k', 5.14732097935096)	('>10k+', 29.272983897467437)
SRR26064292_1	(1.0, 26.21993791405202)	(2.0, 8.821300947004666)	(3.0, 3.7686260494514463)	(4.0, 2.120091182394773)	(5.0, 1.3795800723142517)	(6.0, 1.0599200476543438)	(7.0, 0.8240200054735058)	(8.0, 0.7289628084408237)	(9.0, 0.6364669704104504)	('>10', 7.975785728711061)	('>50', 2.621800300378496)	('>100', 5.003525632212196)	('>500', 2.0176447919870895)	('>1k', 6.158987336759736)	('>5k', 5.062861927606074)	('>10k+', 25.600488285149137)
SRR26064292_2	(1.0, 33.4874146192143)	(2.0, 8.074737580030202)	(3.0, 3.3532852247548073)	(4.0, 1.8876769591088534)	(5.0, 1.3549020201086823)	(6.0, 0.9993549118588223)	(7.0, 0.8538760007841906)	(8.0, 0.6125860684405419)	(9.0, 0.5887769053368184)	('>10', 7.521593479639094)	('>50', 2.620205317832625)	('>100', 4.823801466333377)	('>500', 1.8733526663723108)	('>1k', 6.058475686020831)	('>5k', 4.457512622827821)	('>10k+', 21.432448471336727)
SRR26064293_1	(1.0, 23.09811939077994)	(2.0, 7.902824551518684)	(3.0, 3.735886570258698)	(4.0, 2.1733375109590845)	(5.0, 1.4636476410101955)	(6.0, 1.1983111138531561)	(7.0, 0.9212352813665373)	(8.0, 0.7828199853020403)	(9.0, 0.683084361562293)	('>10', 8.846277273838755)	('>50', 2.919209693918638)	('>100', 5.3717731981705805)	('>500', 2.0200857116876856)	('>1k', 5.600691108050757)	('>5k', 4.320412801280934)	('>10k+', 28.962283806442084)
SRR26064293_2	(1.0, 29.659208680904463)	(2.0, 7.386497227763929)	(3.0, 3.4172791178451565)	(4.0, 1.9929469758449354)	(5.0, 1.397951237848661)	(6.0, 1.0534645661016675)	(7.0, 0.8948368635896132)	(8.0, 0.7064796305168872)	(9.0, 0.6167548089674793)	('>10', 8.201654680289264)	('>50', 2.856807431821533)	('>100', 5.259675828667056)	('>500', 1.7988176593134175)	('>1k', 5.397907488963869)	('>5k', 4.197678512658938)	('>10k+', 25.16203928890308)
SRR26064294_1	(1.0, 36.8016284357301)	(2.0, 12.079461775908419)	(3.0, 5.8292140565447825)	(4.0, 3.5758683582694615)	(5.0, 2.4935977064697483)	(6.0, 1.9321452861222614)	(7.0, 1.5787487910427251)	(8.0, 1.364686785377778)	(9.0, 1.094617267058274)	('>10', 13.832547140910695)	('>50', 4.424666860364843)	('>100', 7.882989532789965)	('>500', 2.573713135511291)	('>1k', 3.6544938675061887)	('>5k', 0.6906776492890456)	('>10k+', 0.1909433511045016)
SRR26064294_2	(1.0, 40.59635767081403)	(2.0, 11.524082893669737)	(3.0, 5.490790029264431)	(4.0, 3.321064840209394)	(5.0, 2.4068810483844216)	(6.0, 1.8231007702845854)	(7.0, 1.4920823336230464)	(8.0, 1.2745804094106903)	(9.0, 1.08224851531749)	('>10', 12.932298619351258)	('>50', 4.030996769136305)	('>100', 7.296560093493907)	('>500', 2.4429830269782626)	('>1k', 3.441166388705319)	('>5k', 0.6296807169442037)	('>10k+', 0.21512587441323455)
SRR26064295_1	(1.0, 13.361633355768724)	(2.0, 4.371336131387876)	(3.0, 2.271684288207847)	(4.0, 1.403326947494085)	(5.0, 1.0559654311119386)	(6.0, 0.8566645163198393)	(7.0, 0.7020090162533471)	(8.0, 0.6285223690602642)	(9.0, 0.5500106249800046)	('>10', 7.957950815775513)	('>50', 2.872181052223069)	('>100', 5.859834506790495)	('>500', 2.2369850609921986)	('>1k', 7.851097254641331)	('>5k', 6.476470669381391)	('>10k+', 41.5443279596121)
SRR26064295_2	(1.0, 22.393779674291864)	(2.0, 4.408698162495199)	(3.0, 2.1752174152570727)	(4.0, 1.371116106182391)	(5.0, 1.0738174999986492)	(6.0, 0.845200731987704)	(7.0, 0.6762888063713435)	(8.0, 0.5877963566757044)	(9.0, 0.5212243272391628)	('>10', 7.798269193081618)	('>50', 3.0933058888222975)	('>100', 6.013023272637515)	('>500', 2.1324230930186103)	('>1k', 7.670156175525335)	('>5k', 5.20846437044228)	('>10k+', 34.03121892597322)
SRR26064296_1	(1.0, 22.22788466483428)	(2.0, 7.550132081269516)	(3.0, 3.7908613345894335)	(4.0, 2.479234743746674)	(5.0, 1.7773069689205871)	(6.0, 1.3868514826984153)	(7.0, 1.1781356152729883)	(8.0, 1.0105729928167666)	(9.0, 0.8929481153739245)	('>10', 12.319261642579022)	('>50', 4.011608641757899)	('>100', 7.496863670437751)	('>500', 2.919887849562029)	('>1k', 7.258244668504786)	('>5k', 4.3349496457424666)	('>10k+', 19.365255881893397)
SRR26064296_2	(1.0, 26.722562260240647)	(2.0, 7.265536344544065)	(3.0, 3.693555872759295)	(4.0, 2.357548007731356)	(5.0, 1.7763572260348883)	(6.0, 1.44217113604587)	(7.0, 1.1163528361515798)	(8.0, 1.000923667226662)	(9.0, 0.8375790834301933)	('>10', 11.657844550194653)	('>50', 3.8657295644372494)	('>100', 7.2023559626750995)	('>500', 2.7601963056588095)	('>1k', 7.157278066416094)	('>5k', 3.860541840518736)	('>10k+', 17.283467275934818)
SRR26064297_1	(1.0, 29.922898610026614)	(2.0, 9.802489639611267)	(3.0, 4.82949382731155)	(4.0, 3.0480791730374177)	(5.0, 2.182133506419111)	(6.0, 1.769817565176156)	(7.0, 1.443208433800646)	(8.0, 1.2547806191981021)	(9.0, 1.067600395727261)	('>10', 14.98345486295293)	('>50', 5.462792822825313)	('>100', 10.606996655351928)	('>500', 4.072758825664345)	('>1k', 7.0300434208573765)	('>5k', 1.6636161283014792)	('>10k+', 0.8598355137384193)
SRR26064297_2	(1.0, 34.07293714622275)	(2.0, 9.364744578446205)	(3.0, 4.648287069098834)	(4.0, 2.8749752096766263)	(5.0, 2.174082566888057)	(6.0, 1.6639489587263474)	(7.0, 1.3277854690083235)	(8.0, 1.1425715827706917)	(9.0, 1.0675927793941753)	('>10', 14.026258225959861)	('>50', 5.0035821450979805)	('>100', 9.768865892436217)	('>500', 3.6846704129572805)	('>1k', 6.6361432012040185)	('>5k', 1.6329403984207367)	('>10k+', 0.91061436369181)
SRR26064298_1	(1.0, 31.52519035028915)	(2.0, 10.608302700902279)	(3.0, 4.3884279409047915)	(4.0, 2.3053573170799244)	(5.0, 1.5978240114720064)	(6.0, 1.2614723662070175)	(7.0, 1.0379185051229636)	(8.0, 0.8540845469489476)	(9.0, 0.7530057877428096)	('>10', 10.1812842164861)	('>50', 3.171760253390796)	('>100', 5.813370774762521)	('>500', 2.2622039303986234)	('>1k', 6.441377754340244)	('>5k', 3.939523636225771)	('>10k+', 13.858895907726069)
SRR26064298_2	(1.0, 35.24595558793321)	(2.0, 10.33622420819854)	(3.0, 4.229794187913102)	(4.0, 2.25174992596227)	(5.0, 1.4800808958190086)	(6.0, 1.1487071859415392)	(7.0, 0.9982290453307759)	(8.0, 0.832789014213774)	(9.0, 0.7025477045048283)	('>10', 9.722154480653087)	('>50', 3.1029521376084035)	('>100', 5.612277434788684)	('>500', 2.124208172359755)	('>1k', 6.25927171645649)	('>5k', 3.73619865867011)	('>10k+', 12.216859643646405)
SRR26064299_1	(1.0, 31.7169807044482)	(2.0, 9.794189325978067)	(3.0, 4.6732527887497115)	(4.0, 2.939670023994764)	(5.0, 2.1877502081196423)	(6.0, 1.6427632430022872)	(7.0, 1.4588434599672364)	(8.0, 1.1930546422624173)	(9.0, 1.0673972061080388)	('>10', 13.932488145058944)	('>50', 4.67819544511248)	('>100', 8.230645793730595)	('>500', 2.933321313689274)	('>1k', 6.648905993057793)	('>5k', 2.918287765895763)	('>10k+', 3.9842539408250195)
SRR26064299_2	(1.0, 34.10927022522783)	(2.0, 9.580429748124812)	(3.0, 4.6324405471485015)	(4.0, 2.930935105876641)	(5.0, 2.071801910002274)	(6.0, 1.704155648658515)	(7.0, 1.4250416244869255)	(8.0, 1.1785749540634398)	(9.0, 1.0449936684285366)	('>10', 13.53640100326611)	('>50', 4.4203536093921745)	('>100', 8.051840520680363)	('>500', 2.8572862755547663)	('>1k', 6.519605057126479)	('>5k', 2.4568717196282295)	('>10k+', 3.479998382334584)
SRR26064300_1	(1.0, 31.585386774117147)	(2.0, 10.206584908165008)	(3.0, 4.736453289038523)	(4.0, 3.0116926493749205)	(5.0, 2.082042294303903)	(6.0, 1.6835549802969938)	(7.0, 1.4476772149338073)	(8.0, 1.166741219613001)	(9.0, 1.0237987939633253)	('>10', 13.775449053634015)	('>50', 4.8907281128253235)	('>100', 9.72898247069501)	('>500', 4.19924552874079)	('>1k', 8.304871771745438)	('>5k', 1.7786674435324457)	('>10k+', 0.3781234950203332)
SRR26064300_2	(1.0, 35.21113485186665)	(2.0, 9.713352099248143)	(3.0, 4.591974257627835)	(4.0, 2.9061656574352392)	(5.0, 1.9649175364889568)	(6.0, 1.6117461440149763)	(7.0, 1.259963619586047)	(8.0, 1.103017254996353)	(9.0, 0.9016243383154934)	('>10', 12.937727389295764)	('>50', 4.58578481974139)	('>100', 9.25722379309227)	('>500', 3.974380298452275)	('>1k', 7.8626316737031114)	('>5k', 1.7066757408953404)	('>10k+', 0.41168052524008497)
SRR26064301_1	(1.0, 20.091462318357976)	(2.0, 8.532546746800506)	(3.0, 4.536734133814463)	(4.0, 2.8594183639888175)	(5.0, 2.109827298443291)	(6.0, 1.650385223118652)	(7.0, 1.411327814260554)	(8.0, 1.1831254244296847)	(9.0, 1.0021107138737015)	('>10', 13.790225985367568)	('>50', 4.822395795119285)	('>100', 9.057049981775119)	('>500', 2.9398875892987943)	('>1k', 6.488314875487741)	('>5k', 4.43375062469734)	('>10k+', 15.091437111166323)
SRR26064301_2	(1.0, 28.967123194586307)	(2.0, 7.9085970521874245)	(3.0, 4.268411230285838)	(4.0, 2.6047444644855573)	(5.0, 1.9046773085340922)	(6.0, 1.509016065410889)	(7.0, 1.2198698903739564)	(8.0, 1.047533725076199)	(9.0, 0.8812832287942742)	('>10', 12.566295298899597)	('>50', 4.503210875248116)	('>100', 8.028750654567954)	('>500', 2.574531583570181)	('>1k', 5.956939942505833)	('>5k', 4.142380466758193)	('>10k+', 11.916635018715539)
SRR26064302_1	(1.0, 18.405349834394357)	(2.0, 7.922721533798905)	(3.0, 4.192931559125893)	(4.0, 2.6452743173018542)	(5.0, 1.8546193076002668)	(6.0, 1.3858149566841194)	(7.0, 1.1048785451783798)	(8.0, 0.973366139849208)	(9.0, 0.8418964589457472)	('>10', 11.650893379014422)	('>50', 4.168532363476558)	('>100', 8.092065911272718)	('>500', 2.9931795721981755)	('>1k', 7.091671312960256)	('>5k', 4.4596875890016525)	('>10k+', 22.21711721919754)
SRR26064302_2	(1.0, 25.266134976937927)	(2.0, 7.697723995871608)	(3.0, 4.026128614653779)	(4.0, 2.415179216791915)	(5.0, 1.6864233003440907)	(6.0, 1.309318667754004)	(7.0, 1.0757405506934465)	(8.0, 0.8905585500351907)	(9.0, 0.7854549287465494)	('>10', 10.849269326157557)	('>50', 3.7997466495695216)	('>100', 7.465386125901359)	('>500', 2.7606610233955764)	('>1k', 6.821078639803517)	('>5k', 3.9266028294303186)	('>10k+', 19.224592603913564)
SRR26064303_1	(1.0, 17.088722114031352)	(2.0, 6.9404149927553584)	(3.0, 3.542439398386782)	(4.0, 2.249278195037754)	(5.0, 1.556319705542052)	(6.0, 1.2174733046656971)	(7.0, 1.0246713852718354)	(8.0, 0.8382159005513675)	(9.0, 0.7472378286266641)	('>10', 10.348251332802635)	('>50', 3.424103700251612)	('>100', 5.707459969344641)	('>500', 1.8544265582248212)	('>1k', 5.916346826261379)	('>5k', 4.936027477090618)	('>10k+', 32.60861131115561)
SRR26064303_2	(1.0, 26.413455038231774)	(2.0, 6.463891618586325)	(3.0, 3.247485674245328)	(4.0, 2.0075397201371836)	(5.0, 1.436200703851021)	(6.0, 1.073869879558597)	(7.0, 0.8695986687989148)	(8.0, 0.7852394007065161)	(9.0, 0.7089527321394061)	('>10', 9.567366902439188)	('>50', 3.2702730837816163)	('>100', 5.429241977196535)	('>500', 1.690450502290337)	('>1k', 5.504758394197488)	('>5k', 4.948097002270486)	('>10k+', 26.5835787015692)
SRR26064304_1	(1.0, 23.61990495612493)	(2.0, 10.01651395805231)	(3.0, 5.362222142780521)	(4.0, 3.5292574635445577)	(5.0, 2.441317005305495)	(6.0, 2.006905063981375)	(7.0, 1.5670204257720421)	(8.0, 1.3426831236468235)	(9.0, 1.1851240190778953)	('>10', 15.635128202741194)	('>50', 5.498611822029756)	('>100', 10.44740140654808)	('>500', 3.804348552166984)	('>1k', 7.044889199982535)	('>5k', 2.5109886007323827)	('>10k+', 3.9876840575130177)
SRR26064304_2	(1.0, 30.64718649545415)	(2.0, 9.436953162903166)	(3.0, 5.101513058479133)	(4.0, 3.148727308225372)	(5.0, 2.30346574315343)	(6.0, 1.8012199731683571)	(7.0, 1.4215405713574751)	(8.0, 1.2715095222792274)	(9.0, 1.1023945112137878)	('>10', 14.268503877987781)	('>50', 4.829138269045557)	('>100', 9.360944183175096)	('>500', 3.3255183778586064)	('>1k', 6.578020306980161)	('>5k', 2.1223111389389513)	('>10k+', 3.2810534997793934)
SRR26064305_1	(1.0, 26.052835954914833)	(2.0, 9.846907069314744)	(3.0, 5.134237863096977)	(4.0, 3.3073825003018413)	(5.0, 2.386183561558101)	(6.0, 1.7375148533818285)	(7.0, 1.5435942754300707)	(8.0, 1.2726000888717262)	(9.0, 1.0510488310342239)	('>10', 14.133591838257708)	('>50', 4.675921005294255)	('>100', 8.58679202624218)	('>500', 2.7419046397274562)	('>1k', 6.095982732557994)	('>5k', 3.283666908686861)	('>10k+', 8.149835851329343)
SRR26064305_2	(1.0, 32.27534162941912)	(2.0, 9.30185463451812)	(3.0, 4.8577347875635)	(4.0, 3.098313574787879)	(5.0, 2.2068806950415985)	(6.0, 1.7047668414203743)	(7.0, 1.3893356917172397)	(8.0, 1.2005532785677795)	(9.0, 0.945041151163919)	('>10', 13.036918235971548)	('>50', 4.250973985165821)	('>100', 7.703188581639619)	('>500', 2.582972168298261)	('>1k', 5.731854892575916)	('>5k', 3.0099500245849207)	('>10k+', 6.704319827564374)
SRR26064306_1	(1.0, 29.590032569213538)	(2.0, 10.129626115053943)	(3.0, 5.239933303572084)	(4.0, 3.328936130003673)	(5.0, 2.5109397074215667)	(6.0, 1.9453289708184658)	(7.0, 1.5785289300433893)	(8.0, 1.3635449702939992)	(9.0, 1.19422037628809)	('>10', 16.082362109044805)	('>50', 5.756564677160887)	('>100', 10.860748573085939)	('>500', 3.4792568820119882)	('>1k', 5.462159385359199)	('>5k', 1.2746490697741715)	('>10k+', 0.2031682308541332)
SRR26064306_2	(1.0, 33.949207458297835)	(2.0, 9.834620723137602)	(3.0, 4.991882149821479)	(4.0, 3.179479261058766)	(5.0, 2.27769475055575)	(6.0, 1.8219410143932337)	(7.0, 1.47613287852408)	(8.0, 1.3181894429204446)	(9.0, 1.139163530818673)	('>10', 15.04155136030738)	('>50', 5.365382851406932)	('>100', 10.21586719348435)	('>500', 3.165979233553023)	('>1k', 5.017095907053625)	('>5k', 1.0049272407116248)	('>10k+', 0.20088500395504227)
SRR26064307_1	(1.0, 20.211140669722838)	(2.0, 6.804507761639695)	(3.0, 3.6119942224819894)	(4.0, 2.3600004891409037)	(5.0, 1.693005131115028)	(6.0, 1.3403883625453172)	(7.0, 1.1030918389718425)	(8.0, 0.9115409930665209)	(9.0, 0.8208606097904877)	('>10', 10.822849709427993)	('>50', 3.6930756431764578)	('>100', 7.050505976201604)	('>500', 2.305712923591026)	('>1k', 5.943427485472082)	('>5k', 5.055866572682071)	('>10k+', 26.27203161097401)
SRR26064307_2	(1.0, 24.852339863542287)	(2.0, 6.7372610526275665)	(3.0, 3.609191953029841)	(4.0, 2.2211055724737148)	(5.0, 1.5756987547913655)	(6.0, 1.2648333653303339)	(7.0, 1.1101670463470366)	(8.0, 0.8610231637738374)	(9.0, 0.7678854721226285)	('>10', 10.3280842277128)	('>50', 3.6497036531055653)	('>100', 6.751205194256833)	('>500', 2.1874237861180648)	('>1k', 5.921132089763911)	('>5k', 4.56868296923141)	('>10k+', 23.594261835772656)
SRR26064308_1	(1.0, 26.845614178113557)	(2.0, 9.86996094741098)	(3.0, 5.177265711076878)	(4.0, 3.218397358518947)	(5.0, 2.443464343560679)	(6.0, 1.9084696529980918)	(7.0, 1.5604519120910152)	(8.0, 1.3757257564547491)	(9.0, 1.119269004613662)	('>10', 15.11580609052214)	('>50', 4.757656927392093)	('>100', 8.58456218369988)	('>500', 3.004812244930811)	('>1k', 6.926033190538922)	('>5k', 3.043106564882272)	('>10k+', 5.04940393319555)
SRR26064308_2	(1.0, 32.03845335466572)	(2.0, 9.48680872828306)	(3.0, 4.856862192690161)	(4.0, 3.0768918120971795)	(5.0, 2.2700923898823353)	(6.0, 1.7633389870724607)	(7.0, 1.4184398260787707)	(8.0, 1.2174353083935938)	(9.0, 1.0470240180551822)	('>10', 14.225741346180385)	('>50', 4.36794312604085)	('>100', 8.060255701781474)	('>500', 2.7949613561567532)	('>1k', 6.546523871881457)	('>5k', 2.551520761250934)	('>10k+', 4.277707219489696)
SRR26064309_1	(1.0, 26.134352210714678)	(2.0, 10.072199499790683)	(3.0, 4.711714083341001)	(4.0, 2.6041046691905856)	(5.0, 1.764466924116454)	(6.0, 1.2754632179921073)	(7.0, 1.1051262089287144)	(8.0, 0.9285837046052388)	(9.0, 0.8570515503840778)	('>10', 10.36100613392605)	('>50', 3.3945965164657643)	('>100', 5.9222251466168085)	('>500', 1.8668388591990523)	('>1k', 5.40101507730359)	('>5k', 4.307829840392734)	('>10k+', 19.293426357032434)
SRR26064309_2	(1.0, 31.064815426639143)	(2.0, 9.700671334399724)	(3.0, 4.684900468757007)	(4.0, 2.5987305873896793)	(5.0, 1.6935947500675304)	(6.0, 1.2930132760538162)	(7.0, 1.0406325527970197)	(8.0, 0.8514687970448832)	(9.0, 0.767111890366176)	('>10', 9.973312025593781)	('>50', 3.219443911779966)	('>100', 5.616772723004524)	('>500', 1.6883971444040666)	('>1k', 5.173403342529263)	('>5k', 4.190722361157319)	('>10k+', 16.443009408016078)
SRR26064310_1	(1.0, 13.843381539526996)	(2.0, 5.289127255754023)	(3.0, 2.826587253066863)	(4.0, 1.715177544262561)	(5.0, 1.1708965041236203)	(6.0, 0.9638655048836084)	(7.0, 0.8123225810196526)	(8.0, 0.687640430441045)	(9.0, 0.5696887533855503)	('>10', 8.824546241782398)	('>50', 3.376163674753327)	('>100', 6.276950806356867)	('>500', 2.1179127628179377)	('>1k', 5.711308246905272)	('>5k', 4.928839687264901)	('>10k+', 40.885591213655445)
SRR26064310_2	(1.0, 20.261178820497193)	(2.0, 5.305363908956428)	(3.0, 2.7332378707009966)	(4.0, 1.6154725640771435)	(5.0, 1.1644530714295274)	(6.0, 0.9179421237047465)	(7.0, 0.7431193305372884)	(8.0, 0.6855435867195775)	(9.0, 0.586106004408078)	('>10', 8.588599080230647)	('>50', 3.310963680208629)	('>100', 6.132040367237861)	('>500', 2.006489038550994)	('>1k', 5.296227599922767)	('>5k', 5.08965702431212)	('>10k+', 35.56360592850607)
SRR26064311_1	(1.0, 24.529092975074562)	(2.0, 10.023544223865716)	(3.0, 5.1458395744242695)	(4.0, 3.06908823064406)	(5.0, 2.209418748838838)	(6.0, 1.720393613992815)	(7.0, 1.3301474113214944)	(8.0, 1.1982612444071905)	(9.0, 1.0453673627777251)	('>10', 13.39388905826059)	('>50', 4.6623291507718605)	('>100', 8.215244203249872)	('>500', 2.5650111452800437)	('>1k', 5.390371286967702)	('>5k', 3.5698076323805075)	('>10k+', 11.932194137742922)
SRR26064311_2	(1.0, 30.460511422731834)	(2.0, 9.401950821438481)	(3.0, 4.833572921444321)	(4.0, 2.9965862950596813)	(5.0, 2.087013721641368)	(6.0, 1.6206074178163972)	(7.0, 1.2877122578400548)	(8.0, 1.088936878308255)	(9.0, 0.9663259311095718)	('>10', 12.569276476282528)	('>50', 4.32881220412416)	('>100', 7.490035913913269)	('>500', 2.354932371303065)	('>1k', 5.078192266107175)	('>5k', 3.323909426048062)	('>10k+', 10.111623674832005)
SRR26064312_1	(1.0, 19.408895077257952)	(2.0, 6.9284766621540985)	(3.0, 3.5947163631900474)	(4.0, 2.3240719306370705)	(5.0, 1.6583673027318608)	(6.0, 1.3256727361896066)	(7.0, 1.1410621176912519)	(8.0, 0.9763858406590685)	(9.0, 0.8172037525627973)	('>10', 11.068632653423585)	('>50', 3.892813767069656)	('>100', 7.109558051936374)	('>500', 2.428542445687975)	('>1k', 6.383858499318047)	('>5k', 5.5217621872504035)	('>10k+', 25.41998061224005)
SRR26064312_2	(1.0, 23.99343215170998)	(2.0, 6.943231538190497)	(3.0, 3.653301074933288)	(4.0, 2.2417357342414954)	(5.0, 1.5776991492218788)	(6.0, 1.2685504756599018)	(7.0, 1.0476012073998204)	(8.0, 0.8938111307961797)	(9.0, 0.7485503487460791)	('>10', 10.722291423032432)	('>50', 3.7406548750157134)	('>100', 6.809062804349268)	('>500', 2.238395340784656)	('>1k', 6.427223179385116)	('>5k', 4.983251187318689)	('>10k+', 22.711208379214813)
SRR26064313_1	(1.0, 20.624820277834946)	(2.0, 8.431243305343406)	(3.0, 4.615027559985185)	(4.0, 3.018224202037586)	(5.0, 2.0988902119914297)	(6.0, 1.6685367956200232)	(7.0, 1.4144682825910166)	(8.0, 1.1627626617852806)	(9.0, 1.0895238163004723)	('>10', 13.202806763438696)	('>50', 4.438985296246135)	('>100', 8.162410731737964)	('>500', 2.6263621079437383)	('>1k', 6.472901138538452)	('>5k', 4.148506974702122)	('>10k+', 16.824529873903543)
SRR26064313_2	(1.0, 26.48137473759043)	(2.0, 8.060574612962165)	(3.0, 4.46728463517781)	(4.0, 2.91558983654778)	(5.0, 2.0000273388327616)	(6.0, 1.623469051595956)	(7.0, 1.3161846278401133)	(8.0, 1.1053511498237916)	(9.0, 0.958921308021286)	('>10', 12.484403628956175)	('>50', 4.225290667972673)	('>100', 7.524925618647912)	('>500', 2.461729238714586)	('>1k', 6.095666170675195)	('>5k', 3.9121564436683807)	('>10k+', 14.367050932973072)
SRR26064314_1	(1.0, 29.023245351103892)	(2.0, 11.723108449805977)	(3.0, 6.125907321189277)	(4.0, 3.7234394046113817)	(5.0, 2.6358086522823494)	(6.0, 2.1804882289157073)	(7.0, 1.643820978214541)	(8.0, 1.4483706363268651)	(9.0, 1.2460422182438597)	('>10', 15.750008052534655)	('>50', 5.173127190993864)	('>100', 9.13456447973152)	('>500', 2.9344778993435114)	('>1k', 4.706617355869637)	('>5k', 1.392971919221115)	('>10k+', 1.15800186161202)
SRR26064314_2	(1.0, 34.821240294834936)	(2.0, 11.2901709348162)	(3.0, 5.800271199040162)	(4.0, 3.4852193736534343)	(5.0, 2.435121088505249)	(6.0, 1.8013530353313438)	(7.0, 1.5769097252157853)	(8.0, 1.3255365440786127)	(9.0, 1.1231278237873157)	('>10', 14.527577293038831)	('>50', 4.609330293777645)	('>100', 8.21266488134669)	('>500', 2.613573058633311)	('>1k', 4.2790305180414485)	('>5k', 1.301395278859667)	('>10k+', 0.7974786570393579)
SRR26064315_1	(1.0, 27.92828994504991)	(2.0, 10.64844040522309)	(3.0, 5.567447405839632)	(4.0, 3.613433370662177)	(5.0, 2.6264596731965835)	(6.0, 2.082758649705446)	(7.0, 1.6497250184140964)	(8.0, 1.3761691019931073)	(9.0, 1.2030079911347458)	('>10', 15.100495764017955)	('>50', 4.8704939711921105)	('>100', 9.495440104283439)	('>500', 2.9350813919434877)	('>1k', 5.48314607392346)	('>5k', 2.217750624537599)	('>10k+', 3.2018605088831427)
SRR26064315_2	(1.0, 34.47964375452232)	(2.0, 10.069612336452852)	(3.0, 5.351421510101028)	(4.0, 3.3304483606644792)	(5.0, 2.3974033635165157)	(6.0, 1.8145777244856613)	(7.0, 1.5467742205861632)	(8.0, 1.3335055259252433)	(9.0, 1.1002397029455264)	('>10', 13.885028315248457)	('>50', 4.379872490208219)	('>100', 8.448556814704165)	('>500', 2.758890406978498)	('>1k', 4.796400368705513)	('>5k', 1.8648659845598998)	('>10k+', 2.442759120395492)
SRR26064316_1	(1.0, 20.88996202430946)	(2.0, 8.306780418912917)	(3.0, 5.019034893226942)	(4.0, 3.5276710503755115)	(5.0, 2.648727591789968)	(6.0, 2.119356019532613)	(7.0, 1.7819628770225966)	(8.0, 1.4926832856028864)	(9.0, 1.2179975668443217)	('>10', 14.205756181228926)	('>50', 4.16817152716461)	('>100', 7.675841579609142)	('>500', 2.4740171078390256)	('>1k', 6.475437121302698)	('>5k', 4.08000081399825)	('>10k+', 13.91659994124012)
SRR26064316_2	(1.0, 25.294920630351843)	(2.0, 8.133417677776956)	(3.0, 4.940404896770305)	(4.0, 3.501716064544608)	(5.0, 2.5645329587098185)	(6.0, 2.1304226936956083)	(7.0, 1.717868527657487)	(8.0, 1.4725268642266687)	(9.0, 1.3009796573072396)	('>10', 13.93754920872318)	('>50', 4.164706054033662)	('>100', 7.1685170119933455)	('>500', 2.312770261288864)	('>1k', 6.126477106713657)	('>5k', 3.710120628202768)	('>10k+', 11.523069758003846)
SRR26064317_1	(1.0, 29.958602212597956)	(2.0, 12.114327472193635)	(3.0, 5.869846153384476)	(4.0, 3.624988737043723)	(5.0, 2.493128932190015)	(6.0, 1.8278228266440582)	(7.0, 1.599243961719694)	(8.0, 1.2416156454718446)	(9.0, 1.1336058068451857)	('>10', 14.403989074349191)	('>50', 4.645675176355601)	('>100', 8.92434917437928)	('>500', 3.449017620616789)	('>1k', 6.032190512862533)	('>5k', 1.7766084917926723)	('>10k+', 0.9049882015533179)
SRR26064317_2	(1.0, 36.953384356958)	(2.0, 11.399191343880704)	(3.0, 5.487659766959894)	(4.0, 3.351039912226552)	(5.0, 2.369208480791741)	(6.0, 1.7818602581035368)	(7.0, 1.3435237488346745)	(8.0, 1.1247389697013337)	(9.0, 1.0002284731294797)	('>10', 12.93411782326492)	('>50', 4.155937515544926)	('>100', 7.866843338288204)	('>500', 3.037892639703289)	('>1k', 5.251969217778425)	('>5k', 1.4966553281808297)	('>10k+', 0.44574882665339244)
SRR26064318_1	(1.0, 30.082137126396457)	(2.0, 12.342007702212683)	(3.0, 7.1358544416695935)	(4.0, 4.744567163112586)	(5.0, 3.6162963837077613)	(6.0, 2.625741366302153)	(7.0, 2.243831093646232)	(8.0, 1.8382753458827779)	(9.0, 1.494330503852861)	('>10', 13.63948405501589)	('>50', 3.3758803421430663)	('>100', 6.599710331983745)	('>500', 2.388247046328354)	('>1k', 4.735850785941785)	('>5k', 1.666608648954567)	('>10k+', 1.4711776628493707)
SRR26064318_2	(1.0, 31.59842228448256)	(2.0, 12.14690667887085)	(3.0, 7.128479994935908)	(4.0, 4.8401664468834555)	(5.0, 3.521782830099613)	(6.0, 2.7481669613876347)	(7.0, 2.219877001848675)	(8.0, 1.7976971075055006)	(9.0, 1.517505194714905)	('>10', 13.376998747605107)	('>50', 3.3130677602803664)	('>100', 6.3506833228705375)	('>500', 2.326596171611486)	('>1k', 4.453016630798082)	('>5k', 1.6203511040949252)	('>10k+', 1.0402817620103149)
