Sample	0	1	2	3	4	5	6	7	8	9	10	11	12	13	14	15	16	17	18	19	20	21	22	23	24	25	26	27	28	29	30
SRR26064247_1	(7.0, 1.0)	(8.0, 0.0)	(9.0, 0.0)	(10.0, 0.0)	(11.0, 3.0)	(12.0, 22.0)	(13.0, 89.0)	(14.0, 446.0)	(15.0, 1323.0)	(16.0, 3038.0)	(17.0, 5411.0)	(18.0, 8714.0)	(19.0, 12968.0)	(20.0, 20090.0)	(21.0, 31319.0)	(22.0, 48271.0)	(23.0, 74095.0)	(24.0, 111624.0)	(25.0, 169013.0)	(26.0, 252111.0)	(27.0, 368156.0)	(28.0, 532932.0)	(29.0, 762603.0)	(30.0, 1083496.0)	(31.0, 1523576.0)	(32.0, 2149140.0)	(33.0, 3049810.0)	(34.0, 4519757.0)	(35.0, 7224215.0)	(36.0, 9791256.0)	(37.0, 430628.0)
SRR26064247_2	(8.0, 10.0)	(9.0, 105.0)	(10.0, 487.0)	(11.0, 1786.0)	(12.0, 5451.0)	(13.0, 13221.0)	(14.0, 28160.0)	(15.0, 52711.0)	(16.0, 90030.0)	(17.0, 143344.0)	(18.0, 214828.0)	(19.0, 297294.0)	(20.0, 386270.0)	(21.0, 476793.0)	(22.0, 565927.0)	(23.0, 659273.0)	(24.0, 750197.0)	(25.0, 844447.0)	(26.0, 939353.0)	(27.0, 1042081.0)	(28.0, 1155898.0)	(29.0, 1290321.0)	(30.0, 1453821.0)	(31.0, 1664572.0)	(32.0, 1948837.0)	(33.0, 2359248.0)	(34.0, 3065371.0)	(35.0, 4699671.0)	(36.0, 7518284.0)	(37.0, 506316.0)	
SRR26064248_1	(9.0, 2.0)	(10.0, 3.0)	(11.0, 3.0)	(12.0, 36.0)	(13.0, 92.0)	(14.0, 406.0)	(15.0, 1210.0)	(16.0, 2722.0)	(17.0, 4959.0)	(18.0, 8111.0)	(19.0, 13176.0)	(20.0, 22061.0)	(21.0, 35102.0)	(22.0, 55185.0)	(23.0, 83138.0)	(24.0, 122870.0)	(25.0, 179907.0)	(26.0, 259825.0)	(27.0, 370957.0)	(28.0, 527128.0)	(29.0, 742100.0)	(30.0, 1042075.0)	(31.0, 1465189.0)	(32.0, 2081819.0)	(33.0, 2991558.0)	(34.0, 4602906.0)	(35.0, 8089076.0)	(36.0, 14124815.0)	(37.0, 720679.0)		
SRR26064248_2	(8.0, 9.0)	(9.0, 80.0)	(10.0, 371.0)	(11.0, 1501.0)	(12.0, 4332.0)	(13.0, 10582.0)	(14.0, 22977.0)	(15.0, 43248.0)	(16.0, 75270.0)	(17.0, 123299.0)	(18.0, 187744.0)	(19.0, 266638.0)	(20.0, 350691.0)	(21.0, 435940.0)	(22.0, 525696.0)	(23.0, 615732.0)	(24.0, 709324.0)	(25.0, 806396.0)	(26.0, 906639.0)	(27.0, 1019156.0)	(28.0, 1147648.0)	(29.0, 1300070.0)	(30.0, 1495166.0)	(31.0, 1747178.0)	(32.0, 2099544.0)	(33.0, 2626163.0)	(34.0, 3554068.0)	(35.0, 5895771.0)	(36.0, 10790579.0)	(37.0, 785298.0)	
SRR26064249_1	(10.0, 1.0)	(11.0, 4.0)	(12.0, 31.0)	(13.0, 121.0)	(14.0, 467.0)	(15.0, 1321.0)	(16.0, 2762.0)	(17.0, 5085.0)	(18.0, 8532.0)	(19.0, 14098.0)	(20.0, 24222.0)	(21.0, 40022.0)	(22.0, 63131.0)	(23.0, 95345.0)	(24.0, 141399.0)	(25.0, 204997.0)	(26.0, 295654.0)	(27.0, 418367.0)	(28.0, 587060.0)	(29.0, 814024.0)	(30.0, 1121923.0)	(31.0, 1545379.0)	(32.0, 2138991.0)	(33.0, 2995333.0)	(34.0, 4447746.0)	(35.0, 7392839.0)	(36.0, 10860834.0)	(37.0, 445081.0)			
SRR26064249_2	(7.0, 1.0)	(8.0, 7.0)	(9.0, 69.0)	(10.0, 328.0)	(11.0, 1201.0)	(12.0, 3500.0)	(13.0, 8673.0)	(14.0, 18513.0)	(15.0, 34739.0)	(16.0, 60150.0)	(17.0, 98303.0)	(18.0, 149257.0)	(19.0, 211975.0)	(20.0, 278832.0)	(21.0, 346201.0)	(22.0, 416054.0)	(23.0, 488814.0)	(24.0, 561499.0)	(25.0, 640704.0)	(26.0, 723450.0)	(27.0, 817522.0)	(28.0, 926665.0)	(29.0, 1057447.0)	(30.0, 1227980.0)	(31.0, 1450824.0)	(32.0, 1762162.0)	(33.0, 2244868.0)	(34.0, 3110253.0)	(35.0, 5487709.0)	(36.0, 10711772.0)	(37.0, 825297.0)
SRR26064250_1	(11.0, 6.0)	(12.0, 29.0)	(13.0, 113.0)	(14.0, 345.0)	(15.0, 1083.0)	(16.0, 2518.0)	(17.0, 4950.0)	(18.0, 8525.0)	(19.0, 14239.0)	(20.0, 25613.0)	(21.0, 43423.0)	(22.0, 70012.0)	(23.0, 109653.0)	(24.0, 168272.0)	(25.0, 255438.0)	(26.0, 331139.0)	(27.0, 463158.0)	(28.0, 647799.0)	(29.0, 897443.0)	(30.0, 1228850.0)	(31.0, 1676388.0)	(32.0, 2292866.0)	(33.0, 3193102.0)	(34.0, 4645115.0)	(35.0, 7490488.0)	(36.0, 11390021.0)	(37.0, 452453.0)				
SRR26064250_2	(8.0, 8.0)	(9.0, 72.0)	(10.0, 284.0)	(11.0, 1048.0)	(12.0, 3183.0)	(13.0, 8173.0)	(14.0, 17954.0)	(15.0, 35500.0)	(16.0, 64947.0)	(17.0, 109042.0)	(18.0, 170301.0)	(19.0, 246485.0)	(20.0, 329508.0)	(21.0, 413744.0)	(22.0, 500260.0)	(23.0, 593769.0)	(24.0, 690808.0)	(25.0, 790421.0)	(26.0, 896709.0)	(27.0, 1011570.0)	(28.0, 1141391.0)	(29.0, 1298276.0)	(30.0, 1487361.0)	(31.0, 1731475.0)	(32.0, 2069405.0)	(33.0, 2566500.0)	(34.0, 3397188.0)	(35.0, 5533397.0)	(36.0, 9804768.0)	(37.0, 499494.0)	
SRR26064251_1	(10.0, 1.0)	(11.0, 6.0)	(12.0, 16.0)	(13.0, 94.0)	(14.0, 280.0)	(15.0, 925.0)	(16.0, 2213.0)	(17.0, 4335.0)	(18.0, 7590.0)	(19.0, 13685.0)	(20.0, 23973.0)	(21.0, 40581.0)	(22.0, 66051.0)	(23.0, 102544.0)	(24.0, 157171.0)	(25.0, 238817.0)	(26.0, 303757.0)	(27.0, 424046.0)	(28.0, 594841.0)	(29.0, 825568.0)	(30.0, 1133785.0)	(31.0, 1553281.0)	(32.0, 2141486.0)	(33.0, 3011077.0)	(34.0, 4449616.0)	(35.0, 7379406.0)	(36.0, 11994877.0)	(37.0, 476853.0)			
SRR26064251_2	(7.0, 1.0)	(8.0, 13.0)	(9.0, 63.0)	(10.0, 260.0)	(11.0, 1017.0)	(12.0, 3060.0)	(13.0, 7679.0)	(14.0, 16904.0)	(15.0, 33236.0)	(16.0, 60020.0)	(17.0, 101486.0)	(18.0, 159619.0)	(19.0, 231407.0)	(20.0, 310828.0)	(21.0, 393221.0)	(22.0, 475934.0)	(23.0, 563593.0)	(24.0, 652903.0)	(25.0, 745205.0)	(26.0, 845337.0)	(27.0, 953450.0)	(28.0, 1075303.0)	(29.0, 1223142.0)	(30.0, 1403741.0)	(31.0, 1639667.0)	(32.0, 1967214.0)	(33.0, 2456418.0)	(34.0, 3278619.0)	(35.0, 5435603.0)	(36.0, 10321338.0)	(37.0, 590594.0)
SRR26064252_1	(9.0, 1.0)	(10.0, 0.0)	(11.0, 3.0)	(12.0, 17.0)	(13.0, 49.0)	(14.0, 236.0)	(15.0, 607.0)	(16.0, 1602.0)	(17.0, 2999.0)	(18.0, 5591.0)	(19.0, 9749.0)	(20.0, 17453.0)	(21.0, 30998.0)	(22.0, 51653.0)	(23.0, 81585.0)	(24.0, 127960.0)	(25.0, 199410.0)	(26.0, 255198.0)	(27.0, 361376.0)	(28.0, 511819.0)	(29.0, 716784.0)	(30.0, 996355.0)	(31.0, 1375124.0)	(32.0, 1902797.0)	(33.0, 2687943.0)	(34.0, 3994738.0)	(35.0, 6735668.0)	(36.0, 11553199.0)	(37.0, 499560.0)		
SRR26064252_2	(8.0, 4.0)	(9.0, 42.0)	(10.0, 199.0)	(11.0, 785.0)	(12.0, 2213.0)	(13.0, 5612.0)	(14.0, 12809.0)	(15.0, 25276.0)	(16.0, 45760.0)	(17.0, 77304.0)	(18.0, 123672.0)	(19.0, 181734.0)	(20.0, 248726.0)	(21.0, 319783.0)	(22.0, 395377.0)	(23.0, 473186.0)	(24.0, 554947.0)	(25.0, 642099.0)	(26.0, 734525.0)	(27.0, 832772.0)	(28.0, 947863.0)	(29.0, 1082380.0)	(30.0, 1251082.0)	(31.0, 1472452.0)	(32.0, 1774801.0)	(33.0, 2233687.0)	(34.0, 3013684.0)	(35.0, 5092273.0)	(36.0, 9992028.0)	(37.0, 583399.0)	
SRR26064253_1	(11.0, 2.0)	(12.0, 20.0)	(13.0, 73.0)	(14.0, 259.0)	(15.0, 754.0)	(16.0, 1791.0)	(17.0, 3863.0)	(18.0, 6716.0)	(19.0, 11805.0)	(20.0, 20608.0)	(21.0, 34520.0)	(22.0, 56418.0)	(23.0, 88969.0)	(24.0, 138435.0)	(25.0, 212994.0)	(26.0, 275179.0)	(27.0, 389329.0)	(28.0, 550751.0)	(29.0, 766267.0)	(30.0, 1055539.0)	(31.0, 1446218.0)	(32.0, 1982631.0)	(33.0, 2761615.0)	(34.0, 4015506.0)	(35.0, 6491608.0)	(36.0, 10185717.0)	(37.0, 416714.0)				
SRR26064253_2	(8.0, 7.0)	(9.0, 57.0)	(10.0, 230.0)	(11.0, 946.0)	(12.0, 3067.0)	(13.0, 7504.0)	(14.0, 16562.0)	(15.0, 32401.0)	(16.0, 58155.0)	(17.0, 98370.0)	(18.0, 153034.0)	(19.0, 220494.0)	(20.0, 292908.0)	(21.0, 367481.0)	(22.0, 443587.0)	(23.0, 520792.0)	(24.0, 598824.0)	(25.0, 679711.0)	(26.0, 765878.0)	(27.0, 861770.0)	(28.0, 968104.0)	(29.0, 1096248.0)	(30.0, 1253945.0)	(31.0, 1462987.0)	(32.0, 1746378.0)	(33.0, 2179280.0)	(34.0, 2899186.0)	(35.0, 4800605.0)	(36.0, 8881359.0)	(37.0, 504431.0)	
SRR26064254_1	(11.0, 3.0)	(12.0, 30.0)	(13.0, 83.0)	(14.0, 324.0)	(15.0, 1089.0)	(16.0, 2482.0)	(17.0, 4870.0)	(18.0, 8760.0)	(19.0, 14383.0)	(20.0, 24509.0)	(21.0, 41369.0)	(22.0, 66088.0)	(23.0, 101849.0)	(24.0, 154261.0)	(25.0, 234314.0)	(26.0, 303176.0)	(27.0, 426060.0)	(28.0, 597208.0)	(29.0, 826399.0)	(30.0, 1130456.0)	(31.0, 1543460.0)	(32.0, 2105502.0)	(33.0, 2924867.0)	(34.0, 4234935.0)	(35.0, 6834269.0)	(36.0, 10550845.0)	(37.0, 422968.0)				
SRR26064254_2	(8.0, 7.0)	(9.0, 59.0)	(10.0, 274.0)	(11.0, 974.0)	(12.0, 2961.0)	(13.0, 7445.0)	(14.0, 16266.0)	(15.0, 31939.0)	(16.0, 57412.0)	(17.0, 96003.0)	(18.0, 148051.0)	(19.0, 212331.0)	(20.0, 282640.0)	(21.0, 354170.0)	(22.0, 430349.0)	(23.0, 509731.0)	(24.0, 592766.0)	(25.0, 680645.0)	(26.0, 774503.0)	(27.0, 876983.0)	(28.0, 992459.0)	(29.0, 1130823.0)	(30.0, 1304367.0)	(31.0, 1527183.0)	(32.0, 1835814.0)	(33.0, 2302357.0)	(34.0, 3092321.0)	(35.0, 5256531.0)	(36.0, 9517904.0)	(37.0, 519291.0)	
SRR26064255_1	(10.0, 1.0)	(11.0, 7.0)	(12.0, 31.0)	(13.0, 96.0)	(14.0, 311.0)	(15.0, 902.0)	(16.0, 2063.0)	(17.0, 4093.0)	(18.0, 7535.0)	(19.0, 13962.0)	(20.0, 26083.0)	(21.0, 45944.0)	(22.0, 75065.0)	(23.0, 117659.0)	(24.0, 179316.0)	(25.0, 267648.0)	(26.0, 346304.0)	(27.0, 483393.0)	(28.0, 674903.0)	(29.0, 924651.0)	(30.0, 1258865.0)	(31.0, 1704143.0)	(32.0, 2317264.0)	(33.0, 3205048.0)	(34.0, 4630584.0)	(35.0, 7379295.0)	(36.0, 10770801.0)	(37.0, 391241.0)			
SRR26064255_2	(8.0, 8.0)	(9.0, 58.0)	(10.0, 303.0)	(11.0, 984.0)	(12.0, 2946.0)	(13.0, 7748.0)	(14.0, 17066.0)	(15.0, 33600.0)	(16.0, 62049.0)	(17.0, 107682.0)	(18.0, 172255.0)	(19.0, 250609.0)	(20.0, 333051.0)	(21.0, 414818.0)	(22.0, 497709.0)	(23.0, 584000.0)	(24.0, 674384.0)	(25.0, 764176.0)	(26.0, 862432.0)	(27.0, 969237.0)	(28.0, 1093485.0)	(29.0, 1240574.0)	(30.0, 1423777.0)	(31.0, 1666427.0)	(32.0, 1996945.0)	(33.0, 2493181.0)	(34.0, 3319407.0)	(35.0, 5432417.0)	(36.0, 9874472.0)	(37.0, 531408.0)	
SRR26064256_1	(8.0, 1.0)	(9.0, 0.0)	(10.0, 0.0)	(11.0, 1.0)	(12.0, 18.0)	(13.0, 93.0)	(14.0, 338.0)	(15.0, 1109.0)	(16.0, 2724.0)	(17.0, 5246.0)	(18.0, 8960.0)	(19.0, 15016.0)	(20.0, 24934.0)	(21.0, 41661.0)	(22.0, 67439.0)	(23.0, 104879.0)	(24.0, 161368.0)	(25.0, 246618.0)	(26.0, 318702.0)	(27.0, 450028.0)	(28.0, 636479.0)	(29.0, 885919.0)	(30.0, 1223481.0)	(31.0, 1679089.0)	(32.0, 2314336.0)	(33.0, 3246173.0)	(34.0, 4744099.0)	(35.0, 7622195.0)	(36.0, 10936718.0)	(37.0, 389524.0)	
SRR26064256_2	(8.0, 7.0)	(9.0, 76.0)	(10.0, 274.0)	(11.0, 1010.0)	(12.0, 3197.0)	(13.0, 8165.0)	(14.0, 18339.0)	(15.0, 36172.0)	(16.0, 66347.0)	(17.0, 114189.0)	(18.0, 179955.0)	(19.0, 260067.0)	(20.0, 347761.0)	(21.0, 437960.0)	(22.0, 533275.0)	(23.0, 630229.0)	(24.0, 731323.0)	(25.0, 836789.0)	(26.0, 945291.0)	(27.0, 1066019.0)	(28.0, 1199809.0)	(29.0, 1356333.0)	(30.0, 1546282.0)	(31.0, 1790354.0)	(32.0, 2127048.0)	(33.0, 2620168.0)	(34.0, 3434175.0)	(35.0, 5378300.0)	(36.0, 9012098.0)	(37.0, 446136.0)	
SRR26064257_1	(8.0, 1.0)	(9.0, 0.0)	(10.0, 1.0)	(11.0, 6.0)	(12.0, 29.0)	(13.0, 120.0)	(14.0, 436.0)	(15.0, 1237.0)	(16.0, 2741.0)	(17.0, 5156.0)	(18.0, 9200.0)	(19.0, 16447.0)	(20.0, 29649.0)	(21.0, 52981.0)	(22.0, 87149.0)	(23.0, 136865.0)	(24.0, 208093.0)	(25.0, 309332.0)	(26.0, 407871.0)	(27.0, 564814.0)	(28.0, 778317.0)	(29.0, 1053821.0)	(30.0, 1404420.0)	(31.0, 1861614.0)	(32.0, 2466464.0)	(33.0, 3308265.0)	(34.0, 4607305.0)	(35.0, 7024757.0)	(36.0, 10034418.0)	(37.0, 397525.0)	
SRR26064257_2	(8.0, 4.0)	(9.0, 57.0)	(10.0, 273.0)	(11.0, 1005.0)	(12.0, 2738.0)	(13.0, 7129.0)	(14.0, 15788.0)	(15.0, 31269.0)	(16.0, 57062.0)	(17.0, 97599.0)	(18.0, 155129.0)	(19.0, 226644.0)	(20.0, 302033.0)	(21.0, 377627.0)	(22.0, 455984.0)	(23.0, 535045.0)	(24.0, 619709.0)	(25.0, 704741.0)	(26.0, 800377.0)	(27.0, 902651.0)	(28.0, 1021211.0)	(29.0, 1165863.0)	(30.0, 1345592.0)	(31.0, 1588550.0)	(32.0, 1920514.0)	(33.0, 2421204.0)	(34.0, 3283926.0)	(35.0, 5674829.0)	(36.0, 10492110.0)	(37.0, 562371.0)	
SRR26064258_1	(8.0, 1.0)	(9.0, 0.0)	(10.0, 0.0)	(11.0, 2.0)	(12.0, 24.0)	(13.0, 97.0)	(14.0, 325.0)	(15.0, 991.0)	(16.0, 2269.0)	(17.0, 4390.0)	(18.0, 7980.0)	(19.0, 13783.0)	(20.0, 24686.0)	(21.0, 42521.0)	(22.0, 68232.0)	(23.0, 106264.0)	(24.0, 161041.0)	(25.0, 243261.0)	(26.0, 311851.0)	(27.0, 434527.0)	(28.0, 607308.0)	(29.0, 839395.0)	(30.0, 1148030.0)	(31.0, 1563864.0)	(32.0, 2143976.0)	(33.0, 2997954.0)	(34.0, 4386858.0)	(35.0, 7155131.0)	(36.0, 10961676.0)	(37.0, 407848.0)	
SRR26064258_2	(7.0, 1.0)	(8.0, 3.0)	(9.0, 54.0)	(10.0, 257.0)	(11.0, 905.0)	(12.0, 2547.0)	(13.0, 6447.0)	(14.0, 14831.0)	(15.0, 29790.0)	(16.0, 54436.0)	(17.0, 92463.0)	(18.0, 147706.0)	(19.0, 217706.0)	(20.0, 293331.0)	(21.0, 372068.0)	(22.0, 456485.0)	(23.0, 545562.0)	(24.0, 635583.0)	(25.0, 731221.0)	(26.0, 831479.0)	(27.0, 939111.0)	(28.0, 1065435.0)	(29.0, 1211886.0)	(30.0, 1393778.0)	(31.0, 1629033.0)	(32.0, 1953219.0)	(33.0, 2437172.0)	(34.0, 3249127.0)	(35.0, 5321296.0)	(36.0, 9503595.0)	(37.0, 497758.0)
SRR26064259_1	(11.0, 2.0)	(12.0, 19.0)	(13.0, 75.0)	(14.0, 278.0)	(15.0, 927.0)	(16.0, 2249.0)	(17.0, 4611.0)	(18.0, 8402.0)	(19.0, 14393.0)	(20.0, 25300.0)	(21.0, 43336.0)	(22.0, 71300.0)	(23.0, 112066.0)	(24.0, 170685.0)	(25.0, 261035.0)	(26.0, 331885.0)	(27.0, 462019.0)	(28.0, 645029.0)	(29.0, 892789.0)	(30.0, 1225548.0)	(31.0, 1681987.0)	(32.0, 2329263.0)	(33.0, 3303949.0)	(34.0, 4936310.0)	(35.0, 8342413.0)	(36.0, 13738363.0)	(37.0, 567175.0)				
SRR26064259_2	(8.0, 14.0)	(9.0, 70.0)	(10.0, 281.0)	(11.0, 948.0)	(12.0, 2799.0)	(13.0, 6958.0)	(14.0, 15503.0)	(15.0, 31581.0)	(16.0, 58437.0)	(17.0, 100998.0)	(18.0, 160765.0)	(19.0, 233976.0)	(20.0, 315209.0)	(21.0, 398163.0)	(22.0, 485347.0)	(23.0, 581059.0)	(24.0, 681347.0)	(25.0, 787019.0)	(26.0, 900109.0)	(27.0, 1026067.0)	(28.0, 1171783.0)	(29.0, 1341894.0)	(30.0, 1559268.0)	(31.0, 1838402.0)	(32.0, 2223187.0)	(33.0, 2807658.0)	(34.0, 3793143.0)	(35.0, 6368530.0)	(36.0, 11658312.0)	(37.0, 622581.0)	
SRR26064260_1	(10.0, 1.0)	(11.0, 3.0)	(12.0, 13.0)	(13.0, 54.0)	(14.0, 258.0)	(15.0, 799.0)	(16.0, 1961.0)	(17.0, 3879.0)	(18.0, 6433.0)	(19.0, 10590.0)	(20.0, 17368.0)	(21.0, 28507.0)	(22.0, 46339.0)	(23.0, 71906.0)	(24.0, 110707.0)	(25.0, 168025.0)	(26.0, 251386.0)	(27.0, 371266.0)	(28.0, 539444.0)	(29.0, 771890.0)	(30.0, 1094575.0)	(31.0, 1542329.0)	(32.0, 2175804.0)	(33.0, 3098597.0)	(34.0, 4587193.0)	(35.0, 7420233.0)	(36.0, 11096819.0)	(37.0, 516984.0)			
SRR26064260_2	(8.0, 5.0)	(9.0, 74.0)	(10.0, 316.0)	(11.0, 1274.0)	(12.0, 3840.0)	(13.0, 10050.0)	(14.0, 21413.0)	(15.0, 40620.0)	(16.0, 71020.0)	(17.0, 116417.0)	(18.0, 176906.0)	(19.0, 250315.0)	(20.0, 332963.0)	(21.0, 421418.0)	(22.0, 512620.0)	(23.0, 605745.0)	(24.0, 703935.0)	(25.0, 801076.0)	(26.0, 907300.0)	(27.0, 1021537.0)	(28.0, 1148629.0)	(29.0, 1299262.0)	(30.0, 1483144.0)	(31.0, 1721541.0)	(32.0, 2039083.0)	(33.0, 2512612.0)	(34.0, 3313561.0)	(35.0, 5208272.0)	(36.0, 8693250.0)	(37.0, 515165.0)	
SRR26064261_1	(11.0, 1.0)	(12.0, 11.0)	(13.0, 60.0)	(14.0, 294.0)	(15.0, 1043.0)	(16.0, 2586.0)	(17.0, 4957.0)	(18.0, 8657.0)	(19.0, 14190.0)	(20.0, 23606.0)	(21.0, 40281.0)	(22.0, 64706.0)	(23.0, 99685.0)	(24.0, 148354.0)	(25.0, 221234.0)	(26.0, 321592.0)	(27.0, 460854.0)	(28.0, 652148.0)	(29.0, 913067.0)	(30.0, 1267572.0)	(31.0, 1761436.0)	(32.0, 2466810.0)	(33.0, 3536590.0)	(34.0, 5351703.0)	(35.0, 9180338.0)	(36.0, 15697212.0)	(37.0, 851049.0)				
SRR26064261_2	(8.0, 4.0)	(9.0, 61.0)	(10.0, 294.0)	(11.0, 1306.0)	(12.0, 4012.0)	(13.0, 10224.0)	(14.0, 22396.0)	(15.0, 43359.0)	(16.0, 77966.0)	(17.0, 130465.0)	(18.0, 204582.0)	(19.0, 293959.0)	(20.0, 390387.0)	(21.0, 488679.0)	(22.0, 589004.0)	(23.0, 690915.0)	(24.0, 796522.0)	(25.0, 908230.0)	(26.0, 1024376.0)	(27.0, 1157332.0)	(28.0, 1307108.0)	(29.0, 1493740.0)	(30.0, 1723905.0)	(31.0, 2028059.0)	(32.0, 2449677.0)	(33.0, 3083352.0)	(34.0, 4208753.0)	(35.0, 6990504.0)	(36.0, 12194588.0)	(37.0, 776277.0)	
SRR26064262_1	(11.0, 1.0)	(12.0, 11.0)	(13.0, 45.0)	(14.0, 220.0)	(15.0, 680.0)	(16.0, 1800.0)	(17.0, 3464.0)	(18.0, 6335.0)	(19.0, 10385.0)	(20.0, 18043.0)	(21.0, 30017.0)	(22.0, 48239.0)	(23.0, 73888.0)	(24.0, 110469.0)	(25.0, 164278.0)	(26.0, 241759.0)	(27.0, 351385.0)	(28.0, 507891.0)	(29.0, 726046.0)	(30.0, 1033153.0)	(31.0, 1471451.0)	(32.0, 2119006.0)	(33.0, 3130539.0)	(34.0, 4889128.0)	(35.0, 8726130.0)	(36.0, 16308223.0)	(37.0, 924458.0)				
SRR26064262_2	(8.0, 3.0)	(9.0, 49.0)	(10.0, 247.0)	(11.0, 1027.0)	(12.0, 3309.0)	(13.0, 8238.0)	(14.0, 17724.0)	(15.0, 34061.0)	(16.0, 59983.0)	(17.0, 99359.0)	(18.0, 152148.0)	(19.0, 218698.0)	(20.0, 294136.0)	(21.0, 375932.0)	(22.0, 461461.0)	(23.0, 551688.0)	(24.0, 645322.0)	(25.0, 745440.0)	(26.0, 855641.0)	(27.0, 976472.0)	(28.0, 1119275.0)	(29.0, 1289653.0)	(30.0, 1508787.0)	(31.0, 1791312.0)	(32.0, 2187532.0)	(33.0, 2785406.0)	(34.0, 3865931.0)	(35.0, 6736245.0)	(36.0, 13222802.0)	(37.0, 889163.0)	
SRR26064263_1	(10.0, 1.0)	(11.0, 18.0)	(12.0, 78.0)	(13.0, 265.0)	(14.0, 718.0)	(15.0, 1743.0)	(16.0, 3899.0)	(17.0, 7531.0)	(18.0, 13110.0)	(19.0, 21968.0)	(20.0, 35164.0)	(21.0, 55214.0)	(22.0, 83657.0)	(23.0, 122648.0)	(24.0, 176603.0)	(25.0, 252710.0)	(26.0, 357931.0)	(27.0, 506497.0)	(28.0, 702330.0)	(29.0, 968676.0)	(30.0, 1331622.0)	(31.0, 1825021.0)	(32.0, 2524365.0)	(33.0, 3562722.0)	(34.0, 5244686.0)	(35.0, 8341732.0)	(36.0, 11113645.0)	(37.0, 455218.0)			
SRR26064263_2	(8.0, 8.0)	(9.0, 88.0)	(10.0, 557.0)	(11.0, 2196.0)	(12.0, 7024.0)	(13.0, 18025.0)	(14.0, 37879.0)	(15.0, 70136.0)	(16.0, 118232.0)	(17.0, 183098.0)	(18.0, 264446.0)	(19.0, 357296.0)	(20.0, 455566.0)	(21.0, 554968.0)	(22.0, 656941.0)	(23.0, 755921.0)	(24.0, 859255.0)	(25.0, 961840.0)	(26.0, 1071019.0)	(27.0, 1189706.0)	(28.0, 1324999.0)	(29.0, 1484014.0)	(30.0, 1679444.0)	(31.0, 1940377.0)	(32.0, 2289259.0)	(33.0, 2807242.0)	(34.0, 3693606.0)	(35.0, 5709694.0)	(36.0, 8662112.0)	(37.0, 554824.0)	
SRR26064264_1	(10.0, 1.0)	(11.0, 27.0)	(12.0, 124.0)	(13.0, 308.0)	(14.0, 781.0)	(15.0, 1833.0)	(16.0, 3705.0)	(17.0, 7185.0)	(18.0, 12307.0)	(19.0, 20441.0)	(20.0, 33862.0)	(21.0, 54173.0)	(22.0, 82021.0)	(23.0, 121106.0)	(24.0, 175338.0)	(25.0, 250586.0)	(26.0, 356745.0)	(27.0, 502133.0)	(28.0, 707057.0)	(29.0, 985601.0)	(30.0, 1362527.0)	(31.0, 1894998.0)	(32.0, 2654532.0)	(33.0, 3804672.0)	(34.0, 5713203.0)	(35.0, 9482281.0)	(36.0, 14062260.0)	(37.0, 619959.0)			
SRR26064264_2	(7.0, 1.0)	(8.0, 8.0)	(9.0, 96.0)	(10.0, 432.0)	(11.0, 1931.0)	(12.0, 6195.0)	(13.0, 15785.0)	(14.0, 33233.0)	(15.0, 61988.0)	(16.0, 105843.0)	(17.0, 166478.0)	(18.0, 245187.0)	(19.0, 337651.0)	(20.0, 439677.0)	(21.0, 544460.0)	(22.0, 652069.0)	(23.0, 761287.0)	(24.0, 872680.0)	(25.0, 987195.0)	(26.0, 1106816.0)	(27.0, 1240716.0)	(28.0, 1392633.0)	(29.0, 1575288.0)	(30.0, 1803370.0)	(31.0, 2099616.0)	(32.0, 2514585.0)	(33.0, 3128074.0)	(34.0, 4197856.0)	(35.0, 6741785.0)	(36.0, 11133832.0)	(37.0, 742999.0)
SRR26064265_1	(10.0, 2.0)	(11.0, 10.0)	(12.0, 73.0)	(13.0, 219.0)	(14.0, 634.0)	(15.0, 1613.0)	(16.0, 3559.0)	(17.0, 6901.0)	(18.0, 12137.0)	(19.0, 20234.0)	(20.0, 33269.0)	(21.0, 54292.0)	(22.0, 83765.0)	(23.0, 126518.0)	(24.0, 185995.0)	(25.0, 269037.0)	(26.0, 386629.0)	(27.0, 549554.0)	(28.0, 772233.0)	(29.0, 1070551.0)	(30.0, 1471962.0)	(31.0, 2032434.0)	(32.0, 2820781.0)	(33.0, 3995062.0)	(34.0, 5926276.0)	(35.0, 9530549.0)	(36.0, 13053439.0)	(37.0, 549382.0)			
SRR26064265_2	(8.0, 9.0)	(9.0, 77.0)	(10.0, 420.0)	(11.0, 1901.0)	(12.0, 6094.0)	(13.0, 15029.0)	(14.0, 32455.0)	(15.0, 60425.0)	(16.0, 103442.0)	(17.0, 161772.0)	(18.0, 237814.0)	(19.0, 326519.0)	(20.0, 424879.0)	(21.0, 524015.0)	(22.0, 631403.0)	(23.0, 740082.0)	(24.0, 851927.0)	(25.0, 970434.0)	(26.0, 1092559.0)	(27.0, 1227496.0)	(28.0, 1382300.0)	(29.0, 1565882.0)	(30.0, 1793776.0)	(31.0, 2096671.0)	(32.0, 2513783.0)	(33.0, 3143209.0)	(34.0, 4254384.0)	(35.0, 6940839.0)	(36.0, 11137186.0)	(37.0, 720328.0)	
SRR26064266_1	(10.0, 2.0)	(11.0, 0.0)	(12.0, 9.0)	(13.0, 69.0)	(14.0, 313.0)	(15.0, 991.0)	(16.0, 2260.0)	(17.0, 4357.0)	(18.0, 7213.0)	(19.0, 12346.0)	(20.0, 20744.0)	(21.0, 34768.0)	(22.0, 56993.0)	(23.0, 87274.0)	(24.0, 130485.0)	(25.0, 192804.0)	(26.0, 279397.0)	(27.0, 398704.0)	(28.0, 560775.0)	(29.0, 777967.0)	(30.0, 1072412.0)	(31.0, 1478116.0)	(32.0, 2053221.0)	(33.0, 2909892.0)	(34.0, 4363895.0)	(35.0, 7372734.0)	(36.0, 12558233.0)	(37.0, 654696.0)			
SRR26064266_2	(7.0, 1.0)	(8.0, 2.0)	(9.0, 41.0)	(10.0, 304.0)	(11.0, 1097.0)	(12.0, 3316.0)	(13.0, 8304.0)	(14.0, 17837.0)	(15.0, 34536.0)	(16.0, 61051.0)	(17.0, 100577.0)	(18.0, 154282.0)	(19.0, 221590.0)	(20.0, 294226.0)	(21.0, 371239.0)	(22.0, 452209.0)	(23.0, 537643.0)	(24.0, 626429.0)	(25.0, 718684.0)	(26.0, 817289.0)	(27.0, 926491.0)	(28.0, 1053479.0)	(29.0, 1203829.0)	(30.0, 1391354.0)	(31.0, 1630793.0)	(32.0, 1963257.0)	(33.0, 2452813.0)	(34.0, 3317865.0)	(35.0, 5567822.0)	(36.0, 10466773.0)	(37.0, 635537.0)
SRR26064267_1	(10.0, 2.0)	(11.0, 2.0)	(12.0, 9.0)	(13.0, 79.0)	(14.0, 346.0)	(15.0, 1072.0)	(16.0, 2522.0)	(17.0, 4905.0)	(18.0, 8395.0)	(19.0, 13377.0)	(20.0, 22159.0)	(21.0, 37285.0)	(22.0, 59622.0)	(23.0, 92131.0)	(24.0, 137534.0)	(25.0, 201721.0)	(26.0, 290139.0)	(27.0, 412869.0)	(28.0, 573269.0)	(29.0, 787531.0)	(30.0, 1075664.0)	(31.0, 1465161.0)	(32.0, 2024441.0)	(33.0, 2855107.0)	(34.0, 4264473.0)	(35.0, 7206071.0)	(36.0, 12023557.0)	(37.0, 579381.0)			
SRR26064267_2	(8.0, 3.0)	(9.0, 52.0)	(10.0, 344.0)	(11.0, 1293.0)	(12.0, 3929.0)	(13.0, 9826.0)	(14.0, 21123.0)	(15.0, 40414.0)	(16.0, 71458.0)	(17.0, 117952.0)	(18.0, 180411.0)	(19.0, 256961.0)	(20.0, 338971.0)	(21.0, 420608.0)	(22.0, 505149.0)	(23.0, 590806.0)	(24.0, 677714.0)	(25.0, 767464.0)	(26.0, 863542.0)	(27.0, 967453.0)	(28.0, 1088241.0)	(29.0, 1232317.0)	(30.0, 1413599.0)	(31.0, 1645602.0)	(32.0, 1964913.0)	(33.0, 2428994.0)	(34.0, 3245626.0)	(35.0, 5266280.0)	(36.0, 9424006.0)	(37.0, 593773.0)	
SRR26064268_1	(11.0, 3.0)	(12.0, 13.0)	(13.0, 50.0)	(14.0, 234.0)	(15.0, 777.0)	(16.0, 1683.0)	(17.0, 3176.0)	(18.0, 5491.0)	(19.0, 9210.0)	(20.0, 15290.0)	(21.0, 25962.0)	(22.0, 42352.0)	(23.0, 66185.0)	(24.0, 100713.0)	(25.0, 151797.0)	(26.0, 222805.0)	(27.0, 320643.0)	(28.0, 457616.0)	(29.0, 642275.0)	(30.0, 890811.0)	(31.0, 1231793.0)	(32.0, 1720520.0)	(33.0, 2454939.0)	(34.0, 3724473.0)	(35.0, 6454333.0)	(36.0, 11692798.0)	(37.0, 641302.0)				
SRR26064268_2	(8.0, 7.0)	(9.0, 55.0)	(10.0, 213.0)	(11.0, 820.0)	(12.0, 2554.0)	(13.0, 6492.0)	(14.0, 14212.0)	(15.0, 27014.0)	(16.0, 48467.0)	(17.0, 79931.0)	(18.0, 124405.0)	(19.0, 180398.0)	(20.0, 244770.0)	(21.0, 314034.0)	(22.0, 385728.0)	(23.0, 459201.0)	(24.0, 537763.0)	(25.0, 619288.0)	(26.0, 705458.0)	(27.0, 800708.0)	(28.0, 908162.0)	(29.0, 1038709.0)	(30.0, 1203296.0)	(31.0, 1418918.0)	(32.0, 1711402.0)	(33.0, 2151515.0)	(34.0, 2929732.0)	(35.0, 4918602.0)	(36.0, 9426069.0)	(37.0, 619321.0)	
SRR26064269_1	(11.0, 2.0)	(12.0, 11.0)	(13.0, 55.0)	(14.0, 291.0)	(15.0, 917.0)	(16.0, 2210.0)	(17.0, 4194.0)	(18.0, 7054.0)	(19.0, 11459.0)	(20.0, 18453.0)	(21.0, 30130.0)	(22.0, 47621.0)	(23.0, 74466.0)	(24.0, 113564.0)	(25.0, 173042.0)	(26.0, 257133.0)	(27.0, 379165.0)	(28.0, 548640.0)	(29.0, 782376.0)	(30.0, 1103746.0)	(31.0, 1544867.0)	(32.0, 2164011.0)	(33.0, 3073411.0)	(34.0, 4538748.0)	(35.0, 7343489.0)	(36.0, 10923975.0)	(37.0, 522333.0)				
SRR26064269_2	(7.0, 1.0)	(8.0, 7.0)	(9.0, 52.0)	(10.0, 332.0)	(11.0, 1451.0)	(12.0, 4293.0)	(13.0, 10423.0)	(14.0, 22458.0)	(15.0, 43547.0)	(16.0, 75415.0)	(17.0, 123315.0)	(18.0, 187876.0)	(19.0, 264298.0)	(20.0, 348328.0)	(21.0, 434094.0)	(22.0, 522299.0)	(23.0, 611607.0)	(24.0, 703498.0)	(25.0, 796306.0)	(26.0, 896429.0)	(27.0, 1002822.0)	(28.0, 1126353.0)	(29.0, 1269001.0)	(30.0, 1448429.0)	(31.0, 1679986.0)	(32.0, 1993381.0)	(33.0, 2460036.0)	(34.0, 3261848.0)	(35.0, 5194520.0)	(36.0, 8625458.0)	(37.0, 557500.0)
SRR26064270_1	(11.0, 3.0)	(12.0, 21.0)	(13.0, 66.0)	(14.0, 281.0)	(15.0, 858.0)	(16.0, 2002.0)	(17.0, 3800.0)	(18.0, 7045.0)	(19.0, 12222.0)	(20.0, 22251.0)	(21.0, 38552.0)	(22.0, 62995.0)	(23.0, 96446.0)	(24.0, 143520.0)	(25.0, 210281.0)	(26.0, 302777.0)	(27.0, 432096.0)	(28.0, 608622.0)	(29.0, 848576.0)	(30.0, 1173371.0)	(31.0, 1618141.0)	(32.0, 2241215.0)	(33.0, 3166401.0)	(34.0, 4710041.0)	(35.0, 7858617.0)	(36.0, 12182780.0)	(37.0, 514727.0)				
SRR26064270_2	(8.0, 5.0)	(9.0, 53.0)	(10.0, 288.0)	(11.0, 1000.0)	(12.0, 3056.0)	(13.0, 7733.0)	(14.0, 16417.0)	(15.0, 31553.0)	(16.0, 55992.0)	(17.0, 92597.0)	(18.0, 143921.0)	(19.0, 206294.0)	(20.0, 275091.0)	(21.0, 344978.0)	(22.0, 418464.0)	(23.0, 493283.0)	(24.0, 570681.0)	(25.0, 654655.0)	(26.0, 742562.0)	(27.0, 843488.0)	(28.0, 965393.0)	(29.0, 1110260.0)	(30.0, 1295306.0)	(31.0, 1543439.0)	(32.0, 1889895.0)	(33.0, 2422194.0)	(34.0, 3392813.0)	(35.0, 6080673.0)	(36.0, 11844125.0)	(37.0, 811498.0)	
SRR26064271_1	(11.0, 5.0)	(12.0, 12.0)	(13.0, 73.0)	(14.0, 290.0)	(15.0, 925.0)	(16.0, 2341.0)	(17.0, 4437.0)	(18.0, 7821.0)	(19.0, 13271.0)	(20.0, 22587.0)	(21.0, 38344.0)	(22.0, 62762.0)	(23.0, 97826.0)	(24.0, 147356.0)	(25.0, 220176.0)	(26.0, 320624.0)	(27.0, 461845.0)	(28.0, 656043.0)	(29.0, 919145.0)	(30.0, 1277134.0)	(31.0, 1770181.0)	(32.0, 2465463.0)	(33.0, 3507950.0)	(34.0, 5244019.0)	(35.0, 8783949.0)	(36.0, 14499533.0)	(37.0, 757166.0)				
SRR26064271_2	(8.0, 6.0)	(9.0, 46.0)	(10.0, 312.0)	(11.0, 1216.0)	(12.0, 3737.0)	(13.0, 9592.0)	(14.0, 21034.0)	(15.0, 41004.0)	(16.0, 72938.0)	(17.0, 121344.0)	(18.0, 186454.0)	(19.0, 264950.0)	(20.0, 350213.0)	(21.0, 439389.0)	(22.0, 532537.0)	(23.0, 627486.0)	(24.0, 728127.0)	(25.0, 831984.0)	(26.0, 946687.0)	(27.0, 1071495.0)	(28.0, 1214901.0)	(29.0, 1386918.0)	(30.0, 1605722.0)	(31.0, 1889446.0)	(32.0, 2285266.0)	(33.0, 2878750.0)	(34.0, 3959377.0)	(35.0, 6769163.0)	(36.0, 12264540.0)	(37.0, 776644.0)	
SRR26064272_1	(10.0, 1.0)	(11.0, 1.0)	(12.0, 20.0)	(13.0, 57.0)	(14.0, 260.0)	(15.0, 804.0)	(16.0, 1854.0)	(17.0, 3648.0)	(18.0, 6225.0)	(19.0, 10738.0)	(20.0, 18744.0)	(21.0, 31613.0)	(22.0, 50842.0)	(23.0, 78665.0)	(24.0, 118833.0)	(25.0, 177124.0)	(26.0, 257221.0)	(27.0, 373058.0)	(28.0, 529314.0)	(29.0, 746783.0)	(30.0, 1047386.0)	(31.0, 1427923.0)	(32.0, 1980166.0)	(33.0, 2828478.0)	(34.0, 4245552.0)	(35.0, 7230644.0)	(36.0, 12804237.0)	(37.0, 651035.0)			
SRR26064272_2	(8.0, 7.0)	(9.0, 42.0)	(10.0, 266.0)	(11.0, 1134.0)	(12.0, 3541.0)	(13.0, 8975.0)	(14.0, 19184.0)	(15.0, 36718.0)	(16.0, 63829.0)	(17.0, 104334.0)	(18.0, 160996.0)	(19.0, 228399.0)	(20.0, 303252.0)	(21.0, 382116.0)	(22.0, 464109.0)	(23.0, 548497.0)	(24.0, 635504.0)	(25.0, 724412.0)	(26.0, 819112.0)	(27.0, 921926.0)	(28.0, 1040435.0)	(29.0, 1181609.0)	(30.0, 1358301.0)	(31.0, 1592817.0)	(32.0, 1902055.0)	(33.0, 2374640.0)	(34.0, 3231698.0)	(35.0, 5463706.0)	(36.0, 10318615.0)	(37.0, 730997.0)	
SRR26064273_1	(11.0, 2.0)	(12.0, 23.0)	(13.0, 62.0)	(14.0, 200.0)	(15.0, 621.0)	(16.0, 1466.0)	(17.0, 2752.0)	(18.0, 4945.0)	(19.0, 8780.0)	(20.0, 16178.0)	(21.0, 28497.0)	(22.0, 45562.0)	(23.0, 69495.0)	(24.0, 102297.0)	(25.0, 150243.0)	(26.0, 218198.0)	(27.0, 312661.0)	(28.0, 446208.0)	(29.0, 631214.0)	(30.0, 892547.0)	(31.0, 1224099.0)	(32.0, 1708018.0)	(33.0, 2444337.0)	(34.0, 3654686.0)	(35.0, 6131590.0)	(36.0, 10402914.0)	(37.0, 478380.0)				
SRR26064273_2	(8.0, 3.0)	(9.0, 36.0)	(10.0, 208.0)	(11.0, 929.0)	(12.0, 2796.0)	(13.0, 7350.0)	(14.0, 15709.0)	(15.0, 30264.0)	(16.0, 53239.0)	(17.0, 86345.0)	(18.0, 133118.0)	(19.0, 188936.0)	(20.0, 249399.0)	(21.0, 311179.0)	(22.0, 373902.0)	(23.0, 438713.0)	(24.0, 505629.0)	(25.0, 575932.0)	(26.0, 653064.0)	(27.0, 736756.0)	(28.0, 833255.0)	(29.0, 948010.0)	(30.0, 1096362.0)	(31.0, 1294889.0)	(32.0, 1552746.0)	(33.0, 1963649.0)	(34.0, 2705654.0)	(35.0, 4696251.0)	(36.0, 8924919.0)	(37.0, 596733.0)	
SRR26064274_1	(11.0, 6.0)	(12.0, 30.0)	(13.0, 91.0)	(14.0, 295.0)	(15.0, 738.0)	(16.0, 1684.0)	(17.0, 3245.0)	(18.0, 5959.0)	(19.0, 11225.0)	(20.0, 22141.0)	(21.0, 40218.0)	(22.0, 65711.0)	(23.0, 100887.0)	(24.0, 148016.0)	(25.0, 213641.0)	(26.0, 303373.0)	(27.0, 429212.0)	(28.0, 596662.0)	(29.0, 827088.0)	(30.0, 1138874.0)	(31.0, 1529819.0)	(32.0, 2081496.0)	(33.0, 2897559.0)	(34.0, 4221352.0)	(35.0, 6899056.0)	(36.0, 11664984.0)	(37.0, 575888.0)				
SRR26064274_2	(8.0, 3.0)	(9.0, 43.0)	(10.0, 235.0)	(11.0, 932.0)	(12.0, 2887.0)	(13.0, 7606.0)	(14.0, 16161.0)	(15.0, 30997.0)	(16.0, 53225.0)	(17.0, 87724.0)	(18.0, 134453.0)	(19.0, 191940.0)	(20.0, 254996.0)	(21.0, 322295.0)	(22.0, 387692.0)	(23.0, 455673.0)	(24.0, 526904.0)	(25.0, 599720.0)	(26.0, 680814.0)	(27.0, 768659.0)	(28.0, 871482.0)	(29.0, 999809.0)	(30.0, 1164982.0)	(31.0, 1389362.0)	(32.0, 1681355.0)	(33.0, 2151535.0)	(34.0, 3039060.0)	(35.0, 5674568.0)	(36.0, 11497669.0)	(37.0, 786469.0)	
SRR26064275_1	(7.0, 1.0)	(8.0, 0.0)	(9.0, 0.0)	(10.0, 1.0)	(11.0, 1.0)	(12.0, 18.0)	(13.0, 60.0)	(14.0, 253.0)	(15.0, 709.0)	(16.0, 1747.0)	(17.0, 3379.0)	(18.0, 5847.0)	(19.0, 9986.0)	(20.0, 17061.0)	(21.0, 28911.0)	(22.0, 46165.0)	(23.0, 71303.0)	(24.0, 107899.0)	(25.0, 161146.0)	(26.0, 236588.0)	(27.0, 342440.0)	(28.0, 488037.0)	(29.0, 698333.0)	(30.0, 985189.0)	(31.0, 1359577.0)	(32.0, 1913015.0)	(33.0, 2750484.0)	(34.0, 4133040.0)	(35.0, 6868775.0)	(36.0, 10991118.0)	(37.0, 508665.0)
SRR26064275_2	(7.0, 1.0)	(8.0, 3.0)	(9.0, 53.0)	(10.0, 291.0)	(11.0, 1216.0)	(12.0, 3669.0)	(13.0, 9361.0)	(14.0, 19964.0)	(15.0, 38387.0)	(16.0, 66176.0)	(17.0, 107243.0)	(18.0, 161672.0)	(19.0, 229111.0)	(20.0, 303830.0)	(21.0, 382992.0)	(22.0, 467260.0)	(23.0, 554278.0)	(24.0, 644630.0)	(25.0, 737271.0)	(26.0, 834818.0)	(27.0, 938670.0)	(28.0, 1054810.0)	(29.0, 1192127.0)	(30.0, 1358760.0)	(31.0, 1579418.0)	(32.0, 1866756.0)	(33.0, 2294844.0)	(34.0, 3049766.0)	(35.0, 4894870.0)	(36.0, 8428634.0)	(37.0, 508867.0)
SRR26064276_1	(10.0, 4.0)	(11.0, 10.0)	(12.0, 44.0)	(13.0, 150.0)	(14.0, 526.0)	(15.0, 1479.0)	(16.0, 3320.0)	(17.0, 6283.0)	(18.0, 11058.0)	(19.0, 18428.0)	(20.0, 30365.0)	(21.0, 49015.0)	(22.0, 79147.0)	(23.0, 122638.0)	(24.0, 145064.0)	(25.0, 215036.0)	(26.0, 317006.0)	(27.0, 458558.0)	(28.0, 653477.0)	(29.0, 897225.0)	(30.0, 1239502.0)	(31.0, 1691315.0)	(32.0, 2292515.0)	(33.0, 3158300.0)	(34.0, 4484127.0)	(35.0, 6800187.0)	(36.0, 8887982.0)	(37.0, 299969.0)			
SRR26064276_2	(8.0, 5.0)	(9.0, 60.0)	(10.0, 343.0)	(11.0, 1265.0)	(12.0, 4055.0)	(13.0, 10034.0)	(14.0, 20951.0)	(15.0, 39902.0)	(16.0, 68397.0)	(17.0, 109954.0)	(18.0, 164878.0)	(19.0, 231599.0)	(20.0, 305383.0)	(21.0, 385292.0)	(22.0, 470596.0)	(23.0, 558586.0)	(24.0, 651255.0)	(25.0, 748420.0)	(26.0, 848924.0)	(27.0, 958137.0)	(28.0, 1079642.0)	(29.0, 1221811.0)	(30.0, 1395384.0)	(31.0, 1617951.0)	(32.0, 1915538.0)	(33.0, 2349616.0)	(34.0, 3097877.0)	(35.0, 4881591.0)	(36.0, 8270426.0)	(37.0, 454858.0)	
SRR26064277_1	(10.0, 4.0)	(11.0, 10.0)	(12.0, 43.0)	(13.0, 142.0)	(14.0, 453.0)	(15.0, 1201.0)	(16.0, 2813.0)	(17.0, 5747.0)	(18.0, 10346.0)	(19.0, 17128.0)	(20.0, 28389.0)	(21.0, 45755.0)	(22.0, 73675.0)	(23.0, 117799.0)	(24.0, 128288.0)	(25.0, 187228.0)	(26.0, 275359.0)	(27.0, 397993.0)	(28.0, 569638.0)	(29.0, 786498.0)	(30.0, 1097647.0)	(31.0, 1522141.0)	(32.0, 2105169.0)	(33.0, 2993970.0)	(34.0, 4448612.0)	(35.0, 7316680.0)	(36.0, 11301332.0)	(37.0, 441472.0)			
SRR26064277_2	(8.0, 5.0)	(9.0, 60.0)	(10.0, 276.0)	(11.0, 1202.0)	(12.0, 3860.0)	(13.0, 9466.0)	(14.0, 19955.0)	(15.0, 38565.0)	(16.0, 66837.0)	(17.0, 108508.0)	(18.0, 165656.0)	(19.0, 235389.0)	(20.0, 313613.0)	(21.0, 395253.0)	(22.0, 479995.0)	(23.0, 564885.0)	(24.0, 655494.0)	(25.0, 746311.0)	(26.0, 840610.0)	(27.0, 945744.0)	(28.0, 1064381.0)	(29.0, 1204947.0)	(30.0, 1380929.0)	(31.0, 1612046.0)	(32.0, 1925980.0)	(33.0, 2398187.0)	(34.0, 3234527.0)	(35.0, 5386324.0)	(36.0, 9512227.0)	(37.0, 564300.0)	
SRR26064278_1	(7.0, 1.0)	(8.0, 0.0)	(9.0, 1.0)	(10.0, 1.0)	(11.0, 11.0)	(12.0, 35.0)	(13.0, 126.0)	(14.0, 465.0)	(15.0, 1289.0)	(16.0, 3044.0)	(17.0, 5891.0)	(18.0, 10341.0)	(19.0, 17481.0)	(20.0, 28987.0)	(21.0, 46151.0)	(22.0, 74640.0)	(23.0, 117440.0)	(24.0, 132477.0)	(25.0, 192385.0)	(26.0, 280966.0)	(27.0, 403501.0)	(28.0, 575456.0)	(29.0, 784394.0)	(30.0, 1088621.0)	(31.0, 1496343.0)	(32.0, 2051897.0)	(33.0, 2885296.0)	(34.0, 4225992.0)	(35.0, 6818399.0)	(36.0, 10188322.0)	(37.0, 372276.0)
SRR26064278_2	(8.0, 9.0)	(9.0, 71.0)	(10.0, 405.0)	(11.0, 1586.0)	(12.0, 4804.0)	(13.0, 11966.0)	(14.0, 25978.0)	(15.0, 48676.0)	(16.0, 84620.0)	(17.0, 136919.0)	(18.0, 206361.0)	(19.0, 289319.0)	(20.0, 377514.0)	(21.0, 466446.0)	(22.0, 554850.0)	(23.0, 644613.0)	(24.0, 732063.0)	(25.0, 820510.0)	(26.0, 913208.0)	(27.0, 1011768.0)	(28.0, 1121410.0)	(29.0, 1252488.0)	(30.0, 1413017.0)	(31.0, 1620676.0)	(32.0, 1900108.0)	(33.0, 2314308.0)	(34.0, 3026780.0)	(35.0, 4728631.0)	(36.0, 7682684.0)	(37.0, 410441.0)	
SRR26064279_1	(8.0, 1.0)	(9.0, 1.0)	(10.0, 1.0)	(11.0, 8.0)	(12.0, 29.0)	(13.0, 96.0)	(14.0, 402.0)	(15.0, 1118.0)	(16.0, 2605.0)	(17.0, 5012.0)	(18.0, 8861.0)	(19.0, 14730.0)	(20.0, 24931.0)	(21.0, 42355.0)	(22.0, 67671.0)	(23.0, 106546.0)	(24.0, 160697.0)	(25.0, 236790.0)	(26.0, 342824.0)	(27.0, 484562.0)	(28.0, 674411.0)	(29.0, 923980.0)	(30.0, 1258353.0)	(31.0, 1679481.0)	(32.0, 2245587.0)	(33.0, 3028449.0)	(34.0, 4310072.0)	(35.0, 6754212.0)	(36.0, 9647662.0)	(37.0, 337312.0)	
SRR26064279_2	(8.0, 5.0)	(9.0, 67.0)	(10.0, 309.0)	(11.0, 1251.0)	(12.0, 4068.0)	(13.0, 10326.0)	(14.0, 22516.0)	(15.0, 43897.0)	(16.0, 79288.0)	(17.0, 130851.0)	(18.0, 200992.0)	(19.0, 282491.0)	(20.0, 369928.0)	(21.0, 458459.0)	(22.0, 549454.0)	(23.0, 642996.0)	(24.0, 734936.0)	(25.0, 830034.0)	(26.0, 929037.0)	(27.0, 1031431.0)	(28.0, 1154323.0)	(29.0, 1291537.0)	(30.0, 1463424.0)	(31.0, 1682075.0)	(32.0, 1980289.0)	(33.0, 2419283.0)	(34.0, 3176163.0)	(35.0, 4929060.0)	(36.0, 7548029.0)	(37.0, 392240.0)	
SRR26064280_1	(10.0, 3.0)	(11.0, 4.0)	(12.0, 72.0)	(13.0, 153.0)	(14.0, 429.0)	(15.0, 1024.0)	(16.0, 2119.0)	(17.0, 3880.0)	(18.0, 6898.0)	(19.0, 12173.0)	(20.0, 21540.0)	(21.0, 37186.0)	(22.0, 59059.0)	(23.0, 89019.0)	(24.0, 130224.0)	(25.0, 187987.0)	(26.0, 267162.0)	(27.0, 377074.0)	(28.0, 527025.0)	(29.0, 731759.0)	(30.0, 1017131.0)	(31.0, 1381097.0)	(32.0, 1888421.0)	(33.0, 2603584.0)	(34.0, 3833805.0)	(35.0, 6424028.0)	(36.0, 10656806.0)	(37.0, 371922.0)			
SRR26064280_2	(8.0, 5.0)	(9.0, 44.0)	(10.0, 198.0)	(11.0, 846.0)	(12.0, 2569.0)	(13.0, 6700.0)	(14.0, 14717.0)	(15.0, 28043.0)	(16.0, 50169.0)	(17.0, 83138.0)	(18.0, 129164.0)	(19.0, 184218.0)	(20.0, 243855.0)	(21.0, 305561.0)	(22.0, 368692.0)	(23.0, 434741.0)	(24.0, 503604.0)	(25.0, 575773.0)	(26.0, 654085.0)	(27.0, 740298.0)	(28.0, 840850.0)	(29.0, 963195.0)	(30.0, 1115432.0)	(31.0, 1320664.0)	(32.0, 1607708.0)	(33.0, 2050077.0)	(34.0, 2879330.0)	(35.0, 5262927.0)	(36.0, 9706095.0)	(37.0, 558886.0)	
SRR26064281_1	(9.0, 2.0)	(10.0, 3.0)	(11.0, 19.0)	(12.0, 59.0)	(13.0, 192.0)	(14.0, 477.0)	(15.0, 1224.0)	(16.0, 2505.0)	(17.0, 4427.0)	(18.0, 8018.0)	(19.0, 14763.0)	(20.0, 27349.0)	(21.0, 48160.0)	(22.0, 79234.0)	(23.0, 120240.0)	(24.0, 174503.0)	(25.0, 248830.0)	(26.0, 351556.0)	(27.0, 489485.0)	(28.0, 672905.0)	(29.0, 919917.0)	(30.0, 1250468.0)	(31.0, 1671101.0)	(32.0, 2240543.0)	(33.0, 3024885.0)	(34.0, 4329164.0)	(35.0, 6940282.0)	(36.0, 10974015.0)	(37.0, 412075.0)		
SRR26064281_2	(7.0, 1.0)	(8.0, 2.0)	(9.0, 39.0)	(10.0, 223.0)	(11.0, 852.0)	(12.0, 2725.0)	(13.0, 6757.0)	(14.0, 14664.0)	(15.0, 28347.0)	(16.0, 48992.0)	(17.0, 81449.0)	(18.0, 125526.0)	(19.0, 180290.0)	(20.0, 240891.0)	(21.0, 305862.0)	(22.0, 371677.0)	(23.0, 439615.0)	(24.0, 510942.0)	(25.0, 585938.0)	(26.0, 665226.0)	(27.0, 755787.0)	(28.0, 858908.0)	(29.0, 987020.0)	(30.0, 1148634.0)	(31.0, 1366157.0)	(32.0, 1676697.0)	(33.0, 2161742.0)	(34.0, 3097665.0)	(35.0, 5956145.0)	(36.0, 11714244.0)	(37.0, 673384.0)
SRR26064282_1	(9.0, 1.0)	(10.0, 6.0)	(11.0, 8.0)	(12.0, 37.0)	(13.0, 106.0)	(14.0, 344.0)	(15.0, 976.0)	(16.0, 2290.0)	(17.0, 4432.0)	(18.0, 7891.0)	(19.0, 13047.0)	(20.0, 21762.0)	(21.0, 36211.0)	(22.0, 57911.0)	(23.0, 91012.0)	(24.0, 137835.0)	(25.0, 204739.0)	(26.0, 300763.0)	(27.0, 429382.0)	(28.0, 611310.0)	(29.0, 850897.0)	(30.0, 1181746.0)	(31.0, 1609582.0)	(32.0, 2194104.0)	(33.0, 3003645.0)	(34.0, 4323397.0)	(35.0, 6775324.0)	(36.0, 9581001.0)	(37.0, 331641.0)		
SRR26064282_2	(8.0, 11.0)	(9.0, 49.0)	(10.0, 334.0)	(11.0, 1183.0)	(12.0, 3828.0)	(13.0, 9968.0)	(14.0, 21376.0)	(15.0, 41204.0)	(16.0, 73076.0)	(17.0, 118842.0)	(18.0, 179659.0)	(19.0, 251162.0)	(20.0, 331095.0)	(21.0, 414534.0)	(22.0, 504041.0)	(23.0, 593852.0)	(24.0, 687351.0)	(25.0, 784923.0)	(26.0, 886527.0)	(27.0, 995178.0)	(28.0, 1113304.0)	(29.0, 1253617.0)	(30.0, 1422422.0)	(31.0, 1636790.0)	(32.0, 1926809.0)	(33.0, 2357927.0)	(34.0, 3103947.0)	(35.0, 4880889.0)	(36.0, 7780367.0)	(37.0, 397135.0)	
SRR26064283_1	(9.0, 1.0)	(10.0, 3.0)	(11.0, 13.0)	(12.0, 39.0)	(13.0, 101.0)	(14.0, 265.0)	(15.0, 788.0)	(16.0, 1566.0)	(17.0, 3096.0)	(18.0, 5400.0)	(19.0, 9695.0)	(20.0, 18169.0)	(21.0, 32963.0)	(22.0, 53610.0)	(23.0, 83127.0)	(24.0, 124831.0)	(25.0, 183990.0)	(26.0, 266531.0)	(27.0, 383912.0)	(28.0, 546792.0)	(29.0, 776515.0)	(30.0, 1102072.0)	(31.0, 1529571.0)	(32.0, 2135466.0)	(33.0, 3008124.0)	(34.0, 4504026.0)	(35.0, 7523492.0)	(36.0, 12060383.0)	(37.0, 437889.0)		
SRR26064283_2	(8.0, 8.0)	(9.0, 41.0)	(10.0, 204.0)	(11.0, 850.0)	(12.0, 2555.0)	(13.0, 6862.0)	(14.0, 15142.0)	(15.0, 29647.0)	(16.0, 51901.0)	(17.0, 84996.0)	(18.0, 130807.0)	(19.0, 188624.0)	(20.0, 255548.0)	(21.0, 328072.0)	(22.0, 406403.0)	(23.0, 487872.0)	(24.0, 573496.0)	(25.0, 665222.0)	(26.0, 762290.0)	(27.0, 868609.0)	(28.0, 988767.0)	(29.0, 1135163.0)	(30.0, 1316246.0)	(31.0, 1553921.0)	(32.0, 1887577.0)	(33.0, 2399487.0)	(34.0, 3327830.0)	(35.0, 5846007.0)	(36.0, 10888652.0)	(37.0, 589631.0)	
SRR26064284_1	(8.0, 1.0)	(9.0, 0.0)	(10.0, 2.0)	(11.0, 4.0)	(12.0, 33.0)	(13.0, 103.0)	(14.0, 273.0)	(15.0, 817.0)	(16.0, 1806.0)	(17.0, 3464.0)	(18.0, 5955.0)	(19.0, 10361.0)	(20.0, 17979.0)	(21.0, 31141.0)	(22.0, 50053.0)	(23.0, 77358.0)	(24.0, 116109.0)	(25.0, 171905.0)	(26.0, 251305.0)	(27.0, 365891.0)	(28.0, 523456.0)	(29.0, 745845.0)	(30.0, 1052403.0)	(31.0, 1481922.0)	(32.0, 2052146.0)	(33.0, 2916854.0)	(34.0, 4309192.0)	(35.0, 6989286.0)	(36.0, 10355456.0)	(37.0, 428714.0)	
SRR26064284_2	(8.0, 5.0)	(9.0, 50.0)	(10.0, 280.0)	(11.0, 1103.0)	(12.0, 3470.0)	(13.0, 9027.0)	(14.0, 19610.0)	(15.0, 37438.0)	(16.0, 64935.0)	(17.0, 105006.0)	(18.0, 159032.0)	(19.0, 227787.0)	(20.0, 304995.0)	(21.0, 387915.0)	(22.0, 473413.0)	(23.0, 561473.0)	(24.0, 653265.0)	(25.0, 746537.0)	(26.0, 842295.0)	(27.0, 947781.0)	(28.0, 1066691.0)	(29.0, 1204528.0)	(30.0, 1376677.0)	(31.0, 1598398.0)	(32.0, 1898711.0)	(33.0, 2353258.0)	(34.0, 3140544.0)	(35.0, 5021429.0)	(36.0, 8307158.0)	(37.0, 447023.0)	
SRR26064285_1	(9.0, 2.0)	(10.0, 1.0)	(11.0, 9.0)	(12.0, 31.0)	(13.0, 115.0)	(14.0, 400.0)	(15.0, 1088.0)	(16.0, 2280.0)	(17.0, 4510.0)	(18.0, 7978.0)	(19.0, 14536.0)	(20.0, 25982.0)	(21.0, 44828.0)	(22.0, 71601.0)	(23.0, 109735.0)	(24.0, 161103.0)	(25.0, 232682.0)	(26.0, 331109.0)	(27.0, 464604.0)	(28.0, 643947.0)	(29.0, 883906.0)	(30.0, 1211974.0)	(31.0, 1666859.0)	(32.0, 2332324.0)	(33.0, 3272785.0)	(34.0, 4895999.0)	(35.0, 8416382.0)	(36.0, 13891897.0)	(37.0, 732554.0)		
SRR26064285_2	(8.0, 3.0)	(9.0, 48.0)	(10.0, 310.0)	(11.0, 1101.0)	(12.0, 3604.0)	(13.0, 9036.0)	(14.0, 19756.0)	(15.0, 38774.0)	(16.0, 69665.0)	(17.0, 116827.0)	(18.0, 182033.0)	(19.0, 259919.0)	(20.0, 345303.0)	(21.0, 433716.0)	(22.0, 525378.0)	(23.0, 620988.0)	(24.0, 719508.0)	(25.0, 820539.0)	(26.0, 929961.0)	(27.0, 1048067.0)	(28.0, 1185082.0)	(29.0, 1346654.0)	(30.0, 1551359.0)	(31.0, 1819696.0)	(32.0, 2191220.0)	(33.0, 2760489.0)	(34.0, 3783089.0)	(35.0, 6439593.0)	(36.0, 11392473.0)	(37.0, 807030.0)	
SRR26064286_1	(11.0, 2.0)	(12.0, 13.0)	(13.0, 46.0)	(14.0, 179.0)	(15.0, 714.0)	(16.0, 1715.0)	(17.0, 3265.0)	(18.0, 5793.0)	(19.0, 10307.0)	(20.0, 18307.0)	(21.0, 32061.0)	(22.0, 52470.0)	(23.0, 82529.0)	(24.0, 125400.0)	(25.0, 184953.0)	(26.0, 270056.0)	(27.0, 384541.0)	(28.0, 539762.0)	(29.0, 748661.0)	(30.0, 1026582.0)	(31.0, 1407947.0)	(32.0, 1944780.0)	(33.0, 2748627.0)	(34.0, 4113358.0)	(35.0, 7053554.0)	(36.0, 12795381.0)	(37.0, 701147.0)				
SRR26064286_2	(8.0, 5.0)	(9.0, 43.0)	(10.0, 199.0)	(11.0, 907.0)	(12.0, 2922.0)	(13.0, 7247.0)	(14.0, 15474.0)	(15.0, 30439.0)	(16.0, 54192.0)	(17.0, 89832.0)	(18.0, 140558.0)	(19.0, 202059.0)	(20.0, 271085.0)	(21.0, 342970.0)	(22.0, 416111.0)	(23.0, 490377.0)	(24.0, 568401.0)	(25.0, 650475.0)	(26.0, 738459.0)	(27.0, 836948.0)	(28.0, 952254.0)	(29.0, 1089816.0)	(30.0, 1265995.0)	(31.0, 1495957.0)	(32.0, 1815472.0)	(33.0, 2298104.0)	(34.0, 3171904.0)	(35.0, 5534644.0)	(36.0, 11006879.0)	(37.0, 762422.0)	
SRR26064287_1	(11.0, 4.0)	(12.0, 15.0)	(13.0, 70.0)	(14.0, 349.0)	(15.0, 1033.0)	(16.0, 2503.0)	(17.0, 4674.0)	(18.0, 8291.0)	(19.0, 13505.0)	(20.0, 23033.0)	(21.0, 38909.0)	(22.0, 62058.0)	(23.0, 94866.0)	(24.0, 141818.0)	(25.0, 206968.0)	(26.0, 297368.0)	(27.0, 419791.0)	(28.0, 585235.0)	(29.0, 807010.0)	(30.0, 1104643.0)	(31.0, 1508216.0)	(32.0, 2071725.0)	(33.0, 2914004.0)	(34.0, 4350316.0)	(35.0, 7451068.0)	(36.0, 13252559.0)	(37.0, 697804.0)				
SRR26064287_2	(7.0, 1.0)	(8.0, 6.0)	(9.0, 42.0)	(10.0, 266.0)	(11.0, 1138.0)	(12.0, 3349.0)	(13.0, 8191.0)	(14.0, 17351.0)	(15.0, 33567.0)	(16.0, 58338.0)	(17.0, 96164.0)	(18.0, 146536.0)	(19.0, 207662.0)	(20.0, 275380.0)	(21.0, 346164.0)	(22.0, 418889.0)	(23.0, 497631.0)	(24.0, 579593.0)	(25.0, 666743.0)	(26.0, 761713.0)	(27.0, 865487.0)	(28.0, 987179.0)	(29.0, 1135846.0)	(30.0, 1321789.0)	(31.0, 1569328.0)	(32.0, 1910480.0)	(33.0, 2425459.0)	(34.0, 3376964.0)	(35.0, 6111322.0)	(36.0, 11497469.0)	(37.0, 737788.0)
SRR26064288_1	(9.0, 1.0)	(10.0, 0.0)	(11.0, 2.0)	(12.0, 11.0)	(13.0, 74.0)	(14.0, 325.0)	(15.0, 964.0)	(16.0, 2317.0)	(17.0, 4457.0)	(18.0, 7515.0)	(19.0, 12627.0)	(20.0, 21286.0)	(21.0, 36257.0)	(22.0, 58431.0)	(23.0, 89596.0)	(24.0, 132715.0)	(25.0, 194797.0)	(26.0, 281650.0)	(27.0, 398973.0)	(28.0, 557293.0)	(29.0, 770303.0)	(30.0, 1057733.0)	(31.0, 1450200.0)	(32.0, 2002266.0)	(33.0, 2830951.0)	(34.0, 4230280.0)	(35.0, 7154557.0)	(36.0, 12176696.0)	(37.0, 589690.0)		
SRR26064288_2	(8.0, 2.0)	(9.0, 50.0)	(10.0, 232.0)	(11.0, 1024.0)	(12.0, 3160.0)	(13.0, 7674.0)	(14.0, 16880.0)	(15.0, 32864.0)	(16.0, 58831.0)	(17.0, 97553.0)	(18.0, 151551.0)	(19.0, 216860.0)	(20.0, 286108.0)	(21.0, 358277.0)	(22.0, 429898.0)	(23.0, 507335.0)	(24.0, 587375.0)	(25.0, 671401.0)	(26.0, 764256.0)	(27.0, 865223.0)	(28.0, 983835.0)	(29.0, 1127643.0)	(30.0, 1307399.0)	(31.0, 1545129.0)	(32.0, 1871006.0)	(33.0, 2364352.0)	(34.0, 3238394.0)	(35.0, 5552533.0)	(36.0, 10348073.0)	(37.0, 667049.0)	
SRR26064289_1	(11.0, 3.0)	(12.0, 14.0)	(13.0, 92.0)	(14.0, 369.0)	(15.0, 1087.0)	(16.0, 2501.0)	(17.0, 4916.0)	(18.0, 8333.0)	(19.0, 14222.0)	(20.0, 24738.0)	(21.0, 42422.0)	(22.0, 68295.0)	(23.0, 103634.0)	(24.0, 153452.0)	(25.0, 222484.0)	(26.0, 317226.0)	(27.0, 448997.0)	(28.0, 624886.0)	(29.0, 861059.0)	(30.0, 1177251.0)	(31.0, 1606131.0)	(32.0, 2207720.0)	(33.0, 3090585.0)	(34.0, 4570409.0)	(35.0, 7521255.0)	(36.0, 11785862.0)	(37.0, 535878.0)				
SRR26064289_2	(7.0, 1.0)	(8.0, 5.0)	(9.0, 70.0)	(10.0, 295.0)	(11.0, 1313.0)	(12.0, 4001.0)	(13.0, 9852.0)	(14.0, 20606.0)	(15.0, 40292.0)	(16.0, 71287.0)	(17.0, 116672.0)	(18.0, 181572.0)	(19.0, 257863.0)	(20.0, 340752.0)	(21.0, 424379.0)	(22.0, 505267.0)	(23.0, 588591.0)	(24.0, 673824.0)	(25.0, 767421.0)	(26.0, 861812.0)	(27.0, 968355.0)	(28.0, 1090278.0)	(29.0, 1238668.0)	(30.0, 1422212.0)	(31.0, 1662435.0)	(32.0, 1995025.0)	(33.0, 2489763.0)	(34.0, 3354427.0)	(35.0, 5530990.0)	(36.0, 10160109.0)	(37.0, 615684.0)
SRR26064290_1	(11.0, 3.0)	(12.0, 6.0)	(13.0, 48.0)	(14.0, 258.0)	(15.0, 798.0)	(16.0, 1942.0)	(17.0, 3788.0)	(18.0, 6456.0)	(19.0, 10913.0)	(20.0, 19204.0)	(21.0, 33099.0)	(22.0, 54356.0)	(23.0, 84360.0)	(24.0, 128220.0)	(25.0, 189329.0)	(26.0, 274851.0)	(27.0, 394149.0)	(28.0, 556025.0)	(29.0, 777147.0)	(30.0, 1079485.0)	(31.0, 1500735.0)	(32.0, 2108608.0)	(33.0, 3049595.0)	(34.0, 4691334.0)	(35.0, 8300794.0)	(36.0, 15012998.0)	(37.0, 745248.0)				
SRR26064290_2	(8.0, 5.0)	(9.0, 50.0)	(10.0, 256.0)	(11.0, 997.0)	(12.0, 2987.0)	(13.0, 7357.0)	(14.0, 16316.0)	(15.0, 32106.0)	(16.0, 57813.0)	(17.0, 97187.0)	(18.0, 152690.0)	(19.0, 222008.0)	(20.0, 300271.0)	(21.0, 383986.0)	(22.0, 471219.0)	(23.0, 562748.0)	(24.0, 660233.0)	(25.0, 762180.0)	(26.0, 870785.0)	(27.0, 990123.0)	(28.0, 1129468.0)	(29.0, 1293526.0)	(30.0, 1500628.0)	(31.0, 1771680.0)	(32.0, 2145547.0)	(33.0, 2708326.0)	(34.0, 3709081.0)	(35.0, 6272314.0)	(36.0, 12154232.0)	(37.0, 747630.0)	
SRR26064291_1	(10.0, 2.0)	(11.0, 6.0)	(12.0, 11.0)	(13.0, 87.0)	(14.0, 353.0)	(15.0, 1010.0)	(16.0, 2301.0)	(17.0, 4340.0)	(18.0, 7564.0)	(19.0, 13273.0)	(20.0, 23780.0)	(21.0, 42819.0)	(22.0, 70598.0)	(23.0, 110940.0)	(24.0, 166623.0)	(25.0, 242774.0)	(26.0, 347948.0)	(27.0, 488829.0)	(28.0, 673970.0)	(29.0, 914842.0)	(30.0, 1226483.0)	(31.0, 1639191.0)	(32.0, 2197366.0)	(33.0, 2995399.0)	(34.0, 4271192.0)	(35.0, 6737435.0)	(36.0, 10232422.0)	(37.0, 511721.0)			
SRR26064291_2	(8.0, 4.0)	(9.0, 49.0)	(10.0, 256.0)	(11.0, 1035.0)	(12.0, 3075.0)	(13.0, 7650.0)	(14.0, 16691.0)	(15.0, 32317.0)	(16.0, 57261.0)	(17.0, 95082.0)	(18.0, 147773.0)	(19.0, 212606.0)	(20.0, 281736.0)	(21.0, 352104.0)	(22.0, 422734.0)	(23.0, 497453.0)	(24.0, 570628.0)	(25.0, 652220.0)	(26.0, 737265.0)	(27.0, 832760.0)	(28.0, 942538.0)	(29.0, 1080689.0)	(30.0, 1250581.0)	(31.0, 1476122.0)	(32.0, 1788138.0)	(33.0, 2253930.0)	(34.0, 3085929.0)	(35.0, 5341020.0)	(36.0, 10159377.0)	(37.0, 624256.0)	
SRR26064292_1	(11.0, 3.0)	(12.0, 11.0)	(13.0, 54.0)	(14.0, 323.0)	(15.0, 1038.0)	(16.0, 2282.0)	(17.0, 4437.0)	(18.0, 7658.0)	(19.0, 13032.0)	(20.0, 21875.0)	(21.0, 36834.0)	(22.0, 58985.0)	(23.0, 89880.0)	(24.0, 133835.0)	(25.0, 197373.0)	(26.0, 283801.0)	(27.0, 402699.0)	(28.0, 562142.0)	(29.0, 778835.0)	(30.0, 1066718.0)	(31.0, 1464268.0)	(32.0, 2024911.0)	(33.0, 2868348.0)	(34.0, 4285612.0)	(35.0, 7201799.0)	(36.0, 11927007.0)	(37.0, 576926.0)				
SRR26064292_2	(8.0, 3.0)	(9.0, 50.0)	(10.0, 279.0)	(11.0, 1043.0)	(12.0, 3238.0)	(13.0, 8084.0)	(14.0, 17527.0)	(15.0, 34088.0)	(16.0, 60704.0)	(17.0, 99795.0)	(18.0, 156229.0)	(19.0, 223113.0)	(20.0, 297980.0)	(21.0, 378091.0)	(22.0, 460248.0)	(23.0, 545931.0)	(24.0, 634919.0)	(25.0, 726548.0)	(26.0, 824961.0)	(27.0, 931526.0)	(28.0, 1052631.0)	(29.0, 1197890.0)	(30.0, 1378984.0)	(31.0, 1618141.0)	(32.0, 1936186.0)	(33.0, 2413225.0)	(34.0, 3251676.0)	(35.0, 5357028.0)	(36.0, 9810959.0)	(37.0, 589609.0)	
SRR26064293_1	(11.0, 1.0)	(12.0, 6.0)	(13.0, 48.0)	(14.0, 305.0)	(15.0, 881.0)	(16.0, 2173.0)	(17.0, 4129.0)	(18.0, 7198.0)	(19.0, 12142.0)	(20.0, 20653.0)	(21.0, 34423.0)	(22.0, 56117.0)	(23.0, 86864.0)	(24.0, 130248.0)	(25.0, 192626.0)	(26.0, 278669.0)	(27.0, 398679.0)	(28.0, 559499.0)	(29.0, 776595.0)	(30.0, 1076243.0)	(31.0, 1490189.0)	(32.0, 2085784.0)	(33.0, 3006831.0)	(34.0, 4618035.0)	(35.0, 8090451.0)	(36.0, 14503390.0)	(37.0, 772454.0)				
SRR26064293_2	(7.0, 1.0)	(8.0, 3.0)	(9.0, 47.0)	(10.0, 264.0)	(11.0, 941.0)	(12.0, 2817.0)	(13.0, 7257.0)	(14.0, 16122.0)	(15.0, 31545.0)	(16.0, 55772.0)	(17.0, 93878.0)	(18.0, 147301.0)	(19.0, 211718.0)	(20.0, 286768.0)	(21.0, 362943.0)	(22.0, 447034.0)	(23.0, 534569.0)	(24.0, 628932.0)	(25.0, 727434.0)	(26.0, 834534.0)	(27.0, 955242.0)	(28.0, 1093740.0)	(29.0, 1260863.0)	(30.0, 1470816.0)	(31.0, 1743521.0)	(32.0, 2119487.0)	(33.0, 2679086.0)	(34.0, 3677437.0)	(35.0, 6242014.0)	(36.0, 11839480.0)	(37.0, 733067.0)
SRR26064294_1	(8.0, 1.0)	(9.0, 0.0)	(10.0, 0.0)	(11.0, 1.0)	(12.0, 16.0)	(13.0, 63.0)	(14.0, 197.0)	(15.0, 603.0)	(16.0, 1399.0)	(17.0, 2608.0)	(18.0, 4334.0)	(19.0, 7505.0)	(20.0, 12728.0)	(21.0, 21538.0)	(22.0, 34077.0)	(23.0, 51785.0)	(24.0, 78387.0)	(25.0, 117546.0)	(26.0, 174595.0)	(27.0, 255803.0)	(28.0, 373646.0)	(29.0, 539614.0)	(30.0, 777636.0)	(31.0, 1117060.0)	(32.0, 1622975.0)	(33.0, 2364789.0)	(34.0, 3687474.0)	(35.0, 6631634.0)	(36.0, 12357101.0)	(37.0, 709206.0)	
SRR26064294_2	(8.0, 8.0)	(9.0, 47.0)	(10.0, 220.0)	(11.0, 840.0)	(12.0, 2569.0)	(13.0, 6454.0)	(14.0, 13610.0)	(15.0, 25587.0)	(16.0, 43771.0)	(17.0, 70682.0)	(18.0, 107040.0)	(19.0, 153727.0)	(20.0, 207245.0)	(21.0, 266213.0)	(22.0, 329623.0)	(23.0, 396604.0)	(24.0, 466521.0)	(25.0, 541287.0)	(26.0, 620782.0)	(27.0, 709146.0)	(28.0, 811798.0)	(29.0, 935122.0)	(30.0, 1090860.0)	(31.0, 1297439.0)	(32.0, 1584608.0)	(33.0, 2028158.0)	(34.0, 2835603.0)	(35.0, 5089279.0)	(36.0, 10451050.0)	(37.0, 858428.0)	
SRR26064295_1	(9.0, 1.0)	(10.0, 0.0)	(11.0, 4.0)	(12.0, 18.0)	(13.0, 100.0)	(14.0, 507.0)	(15.0, 1580.0)	(16.0, 3544.0)	(17.0, 6043.0)	(18.0, 9508.0)	(19.0, 13789.0)	(20.0, 20330.0)	(21.0, 31619.0)	(22.0, 48645.0)	(23.0, 74801.0)	(24.0, 112929.0)	(25.0, 171463.0)	(26.0, 255032.0)	(27.0, 374534.0)	(28.0, 539655.0)	(29.0, 769852.0)	(30.0, 1082148.0)	(31.0, 1509715.0)	(32.0, 2101027.0)	(33.0, 2933326.0)	(34.0, 4222780.0)	(35.0, 6396313.0)	(36.0, 7669412.0)	(37.0, 295134.0)		
SRR26064295_2	(7.0, 1.0)	(8.0, 6.0)	(9.0, 86.0)	(10.0, 575.0)	(11.0, 2131.0)	(12.0, 6058.0)	(13.0, 14839.0)	(14.0, 31428.0)	(15.0, 58963.0)	(16.0, 100511.0)	(17.0, 158340.0)	(18.0, 232907.0)	(19.0, 318969.0)	(20.0, 408781.0)	(21.0, 501140.0)	(22.0, 592355.0)	(23.0, 685816.0)	(24.0, 775121.0)	(25.0, 863367.0)	(26.0, 949791.0)	(27.0, 1045629.0)	(28.0, 1150039.0)	(29.0, 1267966.0)	(30.0, 1407029.0)	(31.0, 1583644.0)	(32.0, 1818607.0)	(33.0, 2157632.0)	(34.0, 2716147.0)	(35.0, 3935509.0)	(36.0, 5551176.0)	(37.0, 309246.0)
SRR26064296_1	(10.0, 1.0)	(11.0, 6.0)	(12.0, 34.0)	(13.0, 131.0)	(14.0, 405.0)	(15.0, 1141.0)	(16.0, 2508.0)	(17.0, 4439.0)	(18.0, 7809.0)	(19.0, 13301.0)	(20.0, 23043.0)	(21.0, 38373.0)	(22.0, 61286.0)	(23.0, 93722.0)	(24.0, 139144.0)	(25.0, 203119.0)	(26.0, 295139.0)	(27.0, 421184.0)	(28.0, 596323.0)	(29.0, 834622.0)	(30.0, 1164490.0)	(31.0, 1628203.0)	(32.0, 2299899.0)	(33.0, 3287910.0)	(34.0, 5023449.0)	(35.0, 8776458.0)	(36.0, 14669432.0)	(37.0, 734504.0)			
SRR26064296_2	(8.0, 5.0)	(9.0, 59.0)	(10.0, 323.0)	(11.0, 1293.0)	(12.0, 3807.0)	(13.0, 9232.0)	(14.0, 20141.0)	(15.0, 38597.0)	(16.0, 67358.0)	(17.0, 110648.0)	(18.0, 170098.0)	(19.0, 242379.0)	(20.0, 320891.0)	(21.0, 403264.0)	(22.0, 490292.0)	(23.0, 579153.0)	(24.0, 670803.0)	(25.0, 767913.0)	(26.0, 874362.0)	(27.0, 990937.0)	(28.0, 1125355.0)	(29.0, 1285595.0)	(30.0, 1492099.0)	(31.0, 1761628.0)	(32.0, 2139134.0)	(33.0, 2717966.0)	(34.0, 3755587.0)	(35.0, 6533498.0)	(36.0, 12774531.0)	(37.0, 973127.0)	
SRR26064297_1	(7.0, 1.0)	(8.0, 0.0)	(9.0, 2.0)	(10.0, 3.0)	(11.0, 5.0)	(12.0, 27.0)	(13.0, 95.0)	(14.0, 319.0)	(15.0, 921.0)	(16.0, 2031.0)	(17.0, 3763.0)	(18.0, 6498.0)	(19.0, 11467.0)	(20.0, 20231.0)	(21.0, 34468.0)	(22.0, 55559.0)	(23.0, 84204.0)	(24.0, 124283.0)	(25.0, 181894.0)	(26.0, 263379.0)	(27.0, 376194.0)	(28.0, 536472.0)	(29.0, 758938.0)	(30.0, 1076646.0)	(31.0, 1527075.0)	(32.0, 2195557.0)	(33.0, 3207980.0)	(34.0, 5057194.0)	(35.0, 9357526.0)	(36.0, 18517118.0)	(37.0, 1100475.0)
SRR26064297_2	(8.0, 10.0)	(9.0, 74.0)	(10.0, 300.0)	(11.0, 1052.0)	(12.0, 3152.0)	(13.0, 7760.0)	(14.0, 16632.0)	(15.0, 31638.0)	(16.0, 55020.0)	(17.0, 91393.0)	(18.0, 142868.0)	(19.0, 208767.0)	(20.0, 284654.0)	(21.0, 364357.0)	(22.0, 449309.0)	(23.0, 536340.0)	(24.0, 628712.0)	(25.0, 725414.0)	(26.0, 832738.0)	(27.0, 950155.0)	(28.0, 1089777.0)	(29.0, 1264212.0)	(30.0, 1481081.0)	(31.0, 1776687.0)	(32.0, 2191450.0)	(33.0, 2831784.0)	(34.0, 4014429.0)	(35.0, 7357947.0)	(36.0, 15884031.0)	(37.0, 1278582.0)	
SRR26064298_1	(9.0, 2.0)	(10.0, 4.0)	(11.0, 5.0)	(12.0, 20.0)	(13.0, 102.0)	(14.0, 306.0)	(15.0, 921.0)	(16.0, 2010.0)	(17.0, 3899.0)	(18.0, 6793.0)	(19.0, 11525.0)	(20.0, 20020.0)	(21.0, 33290.0)	(22.0, 52124.0)	(23.0, 78894.0)	(24.0, 116917.0)	(25.0, 171346.0)	(26.0, 248207.0)	(27.0, 355696.0)	(28.0, 503339.0)	(29.0, 709083.0)	(30.0, 994704.0)	(31.0, 1398563.0)	(32.0, 1986928.0)	(33.0, 2868769.0)	(34.0, 4467389.0)	(35.0, 8201300.0)	(36.0, 15449342.0)	(37.0, 876697.0)		
SRR26064298_2	(8.0, 9.0)	(9.0, 60.0)	(10.0, 285.0)	(11.0, 1053.0)	(12.0, 2995.0)	(13.0, 7547.0)	(14.0, 15734.0)	(15.0, 29796.0)	(16.0, 52377.0)	(17.0, 86845.0)	(18.0, 135125.0)	(19.0, 194224.0)	(20.0, 260841.0)	(21.0, 330797.0)	(22.0, 405463.0)	(23.0, 483311.0)	(24.0, 565965.0)	(25.0, 652860.0)	(26.0, 749529.0)	(27.0, 858442.0)	(28.0, 981394.0)	(29.0, 1136534.0)	(30.0, 1332968.0)	(31.0, 1597796.0)	(32.0, 1961220.0)	(33.0, 2521253.0)	(34.0, 3535880.0)	(35.0, 6423396.0)	(36.0, 13180365.0)	(37.0, 1054131.0)	
SRR26064299_1	(8.0, 1.0)	(9.0, 0.0)	(10.0, 3.0)	(11.0, 14.0)	(12.0, 34.0)	(13.0, 137.0)	(14.0, 455.0)	(15.0, 1096.0)	(16.0, 2377.0)	(17.0, 4411.0)	(18.0, 7372.0)	(19.0, 12264.0)	(20.0, 20624.0)	(21.0, 34959.0)	(22.0, 55992.0)	(23.0, 85924.0)	(24.0, 128504.0)	(25.0, 189141.0)	(26.0, 277000.0)	(27.0, 401449.0)	(28.0, 570089.0)	(29.0, 803634.0)	(30.0, 1124366.0)	(31.0, 1559711.0)	(32.0, 2175570.0)	(33.0, 3051820.0)	(34.0, 4494891.0)	(35.0, 7332746.0)	(36.0, 11041436.0)	(37.0, 523232.0)	
SRR26064299_2	(8.0, 13.0)	(9.0, 65.0)	(10.0, 312.0)	(11.0, 1126.0)	(12.0, 3208.0)	(13.0, 7573.0)	(14.0, 15967.0)	(15.0, 30320.0)	(16.0, 51602.0)	(17.0, 83389.0)	(18.0, 126810.0)	(19.0, 179205.0)	(20.0, 240269.0)	(21.0, 305931.0)	(22.0, 379120.0)	(23.0, 456133.0)	(24.0, 536641.0)	(25.0, 622181.0)	(26.0, 714655.0)	(27.0, 817402.0)	(28.0, 935353.0)	(29.0, 1076399.0)	(30.0, 1254946.0)	(31.0, 1485689.0)	(32.0, 1800766.0)	(33.0, 2281987.0)	(34.0, 3138838.0)	(35.0, 5405505.0)	(36.0, 11091392.0)	(37.0, 856455.0)	
SRR26064300_1	(10.0, 1.0)	(11.0, 7.0)	(12.0, 26.0)	(13.0, 93.0)	(14.0, 299.0)	(15.0, 890.0)	(16.0, 2026.0)	(17.0, 3853.0)	(18.0, 6797.0)	(19.0, 11255.0)	(20.0, 18954.0)	(21.0, 31468.0)	(22.0, 49066.0)	(23.0, 74157.0)	(24.0, 108542.0)	(25.0, 158773.0)	(26.0, 231836.0)	(27.0, 332563.0)	(28.0, 474937.0)	(29.0, 674181.0)	(30.0, 949902.0)	(31.0, 1343247.0)	(32.0, 1917157.0)	(33.0, 2767379.0)	(34.0, 4266673.0)	(35.0, 7534166.0)	(36.0, 13386829.0)	(37.0, 759706.0)			
SRR26064300_2	(8.0, 6.0)	(9.0, 43.0)	(10.0, 226.0)	(11.0, 883.0)	(12.0, 2628.0)	(13.0, 6560.0)	(14.0, 13987.0)	(15.0, 26642.0)	(16.0, 46315.0)	(17.0, 75872.0)	(18.0, 118598.0)	(19.0, 171993.0)	(20.0, 232837.0)	(21.0, 295993.0)	(22.0, 363518.0)	(23.0, 433742.0)	(24.0, 507862.0)	(25.0, 586567.0)	(26.0, 670935.0)	(27.0, 766557.0)	(28.0, 878920.0)	(29.0, 1016435.0)	(30.0, 1195509.0)	(31.0, 1432693.0)	(32.0, 1764786.0)	(33.0, 2277256.0)	(34.0, 3224512.0)	(35.0, 5892993.0)	(36.0, 12160328.0)	(37.0, 939587.0)	
SRR26064301_1	(8.0, 1.0)	(9.0, 1.0)	(10.0, 3.0)	(11.0, 4.0)	(12.0, 29.0)	(13.0, 80.0)	(14.0, 319.0)	(15.0, 936.0)	(16.0, 2193.0)	(17.0, 4336.0)	(18.0, 7666.0)	(19.0, 13374.0)	(20.0, 23330.0)	(21.0, 40400.0)	(22.0, 64484.0)	(23.0, 99726.0)	(24.0, 148009.0)	(25.0, 215717.0)	(26.0, 310605.0)	(27.0, 439990.0)	(28.0, 617662.0)	(29.0, 858982.0)	(30.0, 1189062.0)	(31.0, 1645375.0)	(32.0, 2244870.0)	(33.0, 3166007.0)	(34.0, 4684070.0)	(35.0, 7802157.0)	(36.0, 12611520.0)	(37.0, 586740.0)	
SRR26064301_2	(8.0, 5.0)	(9.0, 55.0)	(10.0, 359.0)	(11.0, 1385.0)	(12.0, 4285.0)	(13.0, 11153.0)	(14.0, 23803.0)	(15.0, 46258.0)	(16.0, 81765.0)	(17.0, 132936.0)	(18.0, 204013.0)	(19.0, 290055.0)	(20.0, 381027.0)	(21.0, 473557.0)	(22.0, 566095.0)	(23.0, 658839.0)	(24.0, 750673.0)	(25.0, 846543.0)	(26.0, 948209.0)	(27.0, 1057654.0)	(28.0, 1185738.0)	(29.0, 1337039.0)	(30.0, 1530546.0)	(31.0, 1779227.0)	(32.0, 2123411.0)	(33.0, 2645523.0)	(34.0, 3573908.0)	(35.0, 5865876.0)	(36.0, 9708363.0)	(37.0, 549348.0)	
SRR26064302_1	(10.0, 3.0)	(11.0, 4.0)	(12.0, 24.0)	(13.0, 79.0)	(14.0, 295.0)	(15.0, 965.0)	(16.0, 2243.0)	(17.0, 4564.0)	(18.0, 7909.0)	(19.0, 14014.0)	(20.0, 24571.0)	(21.0, 42548.0)	(22.0, 68693.0)	(23.0, 104322.0)	(24.0, 155030.0)	(25.0, 226119.0)	(26.0, 321681.0)	(27.0, 455800.0)	(28.0, 634084.0)	(29.0, 873598.0)	(30.0, 1203242.0)	(31.0, 1660470.0)	(32.0, 2254222.0)	(33.0, 3184112.0)	(34.0, 4747044.0)	(35.0, 8108173.0)	(36.0, 13715875.0)	(37.0, 664254.0)			
SRR26064302_2	(8.0, 13.0)	(9.0, 70.0)	(10.0, 328.0)	(11.0, 1160.0)	(12.0, 3603.0)	(13.0, 9487.0)	(14.0, 20037.0)	(15.0, 38694.0)	(16.0, 68002.0)	(17.0, 112601.0)	(18.0, 174008.0)	(19.0, 250299.0)	(20.0, 330766.0)	(21.0, 414734.0)	(22.0, 499543.0)	(23.0, 587373.0)	(24.0, 678037.0)	(25.0, 770502.0)	(26.0, 871840.0)	(27.0, 986644.0)	(28.0, 1119280.0)	(29.0, 1277685.0)	(30.0, 1481381.0)	(31.0, 1748750.0)	(32.0, 2132142.0)	(33.0, 2715543.0)	(34.0, 3793275.0)	(35.0, 6610774.0)	(36.0, 11135419.0)	(37.0, 641948.0)	
SRR26064303_1	(10.0, 1.0)	(11.0, 2.0)	(12.0, 29.0)	(13.0, 80.0)	(14.0, 305.0)	(15.0, 937.0)	(16.0, 2261.0)	(17.0, 4358.0)	(18.0, 7263.0)	(19.0, 12202.0)	(20.0, 20892.0)	(21.0, 34744.0)	(22.0, 56315.0)	(23.0, 85539.0)	(24.0, 128949.0)	(25.0, 190826.0)	(26.0, 280761.0)	(27.0, 405441.0)	(28.0, 580068.0)	(29.0, 817870.0)	(30.0, 1144641.0)	(31.0, 1601819.0)	(32.0, 2204885.0)	(33.0, 3120220.0)	(34.0, 4617184.0)	(35.0, 7535324.0)	(36.0, 11383208.0)	(37.0, 473721.0)			
SRR26064303_2	(8.0, 10.0)	(9.0, 52.0)	(10.0, 333.0)	(11.0, 1300.0)	(12.0, 4127.0)	(13.0, 10746.0)	(14.0, 23535.0)	(15.0, 45358.0)	(16.0, 80552.0)	(17.0, 131257.0)	(18.0, 202772.0)	(19.0, 286348.0)	(20.0, 379736.0)	(21.0, 475854.0)	(22.0, 572975.0)	(23.0, 669823.0)	(24.0, 771648.0)	(25.0, 871906.0)	(26.0, 976738.0)	(27.0, 1090541.0)	(28.0, 1219659.0)	(29.0, 1374598.0)	(30.0, 1562247.0)	(31.0, 1806951.0)	(32.0, 2141246.0)	(33.0, 2632436.0)	(34.0, 3471385.0)	(35.0, 5376418.0)	(36.0, 8101136.0)	(37.0, 428158.0)	
SRR26064304_1	(10.0, 3.0)	(11.0, 3.0)	(12.0, 27.0)	(13.0, 68.0)	(14.0, 227.0)	(15.0, 677.0)	(16.0, 1666.0)	(17.0, 3447.0)	(18.0, 6052.0)	(19.0, 11526.0)	(20.0, 21625.0)	(21.0, 38433.0)	(22.0, 62704.0)	(23.0, 95925.0)	(24.0, 140124.0)	(25.0, 204461.0)	(26.0, 292530.0)	(27.0, 413239.0)	(28.0, 578421.0)	(29.0, 806714.0)	(30.0, 1123560.0)	(31.0, 1572559.0)	(32.0, 2172379.0)	(33.0, 3121206.0)	(34.0, 4765707.0)	(35.0, 8407288.0)	(36.0, 15152420.0)	(37.0, 737851.0)			
SRR26064304_2	(8.0, 4.0)	(9.0, 58.0)	(10.0, 245.0)	(11.0, 1009.0)	(12.0, 3135.0)	(13.0, 7808.0)	(14.0, 17295.0)	(15.0, 33225.0)	(16.0, 57501.0)	(17.0, 95101.0)	(18.0, 146629.0)	(19.0, 211470.0)	(20.0, 285247.0)	(21.0, 364144.0)	(22.0, 449037.0)	(23.0, 537128.0)	(24.0, 629413.0)	(25.0, 725712.0)	(26.0, 828249.0)	(27.0, 943624.0)	(28.0, 1077776.0)	(29.0, 1239878.0)	(30.0, 1447232.0)	(31.0, 1718655.0)	(32.0, 2104834.0)	(33.0, 2704764.0)	(34.0, 3837894.0)	(35.0, 6952575.0)	(36.0, 12567461.0)	(37.0, 743739.0)	
SRR26064305_1	(7.0, 1.0)	(8.0, 1.0)	(9.0, 2.0)	(10.0, 2.0)	(11.0, 5.0)	(12.0, 23.0)	(13.0, 61.0)	(14.0, 255.0)	(15.0, 772.0)	(16.0, 1771.0)	(17.0, 3660.0)	(18.0, 6354.0)	(19.0, 11276.0)	(20.0, 20716.0)	(21.0, 39550.0)	(22.0, 73509.0)	(23.0, 76425.0)	(24.0, 109328.0)	(25.0, 161945.0)	(26.0, 239498.0)	(27.0, 346233.0)	(28.0, 495027.0)	(29.0, 699349.0)	(30.0, 980764.0)	(31.0, 1380004.0)	(32.0, 1948872.0)	(33.0, 2797167.0)	(34.0, 4272140.0)	(35.0, 7401904.0)	(36.0, 13065493.0)	(37.0, 646030.0)
SRR26064305_2	(8.0, 8.0)	(9.0, 51.0)	(10.0, 271.0)	(11.0, 975.0)	(12.0, 2972.0)	(13.0, 7802.0)	(14.0, 16660.0)	(15.0, 32544.0)	(16.0, 56842.0)	(17.0, 94503.0)	(18.0, 147456.0)	(19.0, 214860.0)	(20.0, 288723.0)	(21.0, 368829.0)	(22.0, 452282.0)	(23.0, 537566.0)	(24.0, 625888.0)	(25.0, 718991.0)	(26.0, 818182.0)	(27.0, 927920.0)	(28.0, 1053659.0)	(29.0, 1190027.0)	(30.0, 1370621.0)	(31.0, 1584939.0)	(32.0, 1901758.0)	(33.0, 2387123.0)	(34.0, 3252147.0)	(35.0, 5511320.0)	(36.0, 10500558.0)	(37.0, 712660.0)	
SRR26064306_1	(7.0, 1.0)	(8.0, 2.0)	(9.0, 1.0)	(10.0, 3.0)	(11.0, 4.0)	(12.0, 18.0)	(13.0, 56.0)	(14.0, 222.0)	(15.0, 609.0)	(16.0, 1386.0)	(17.0, 2881.0)	(18.0, 5300.0)	(19.0, 9433.0)	(20.0, 18093.0)	(21.0, 34593.0)	(22.0, 64997.0)	(23.0, 66129.0)	(24.0, 91224.0)	(25.0, 135077.0)	(26.0, 198418.0)	(27.0, 287182.0)	(28.0, 409660.0)	(29.0, 580626.0)	(30.0, 817757.0)	(31.0, 1154389.0)	(32.0, 1634560.0)	(33.0, 2347499.0)	(34.0, 3592328.0)	(35.0, 6301311.0)	(36.0, 11464901.0)	(37.0, 555172.0)
SRR26064306_2	(8.0, 5.0)	(9.0, 39.0)	(10.0, 197.0)	(11.0, 830.0)	(12.0, 2304.0)	(13.0, 5711.0)	(14.0, 12566.0)	(15.0, 24038.0)	(16.0, 42801.0)	(17.0, 70893.0)	(18.0, 111185.0)	(19.0, 161986.0)	(20.0, 217850.0)	(21.0, 276886.0)	(22.0, 338782.0)	(23.0, 402352.0)	(24.0, 469166.0)	(25.0, 540195.0)	(26.0, 622481.0)	(27.0, 712184.0)	(28.0, 816429.0)	(29.0, 929376.0)	(30.0, 1080978.0)	(31.0, 1258868.0)	(32.0, 1538266.0)	(33.0, 1962487.0)	(34.0, 2747883.0)	(35.0, 4966035.0)	(36.0, 9789475.0)	(37.0, 671584.0)	
SRR26064307_1	(7.0, 2.0)	(8.0, 2.0)	(9.0, 0.0)	(10.0, 1.0)	(11.0, 7.0)	(12.0, 26.0)	(13.0, 113.0)	(14.0, 396.0)	(15.0, 1209.0)	(16.0, 2873.0)	(17.0, 5492.0)	(18.0, 9575.0)	(19.0, 16121.0)	(20.0, 29377.0)	(21.0, 53430.0)	(22.0, 92665.0)	(23.0, 110502.0)	(24.0, 162052.0)	(25.0, 240133.0)	(26.0, 347541.0)	(27.0, 491861.0)	(28.0, 682318.0)	(29.0, 934804.0)	(30.0, 1262630.0)	(31.0, 1701268.0)	(32.0, 2289966.0)	(33.0, 3110778.0)	(34.0, 4449374.0)	(35.0, 7028167.0)	(36.0, 10344621.0)	(37.0, 471747.0)
SRR26064307_2	(7.0, 1.0)	(8.0, 7.0)	(9.0, 51.0)	(10.0, 301.0)	(11.0, 1209.0)	(12.0, 3530.0)	(13.0, 8802.0)	(14.0, 18682.0)	(15.0, 35920.0)	(16.0, 63782.0)	(17.0, 106617.0)	(18.0, 166493.0)	(19.0, 238512.0)	(20.0, 316833.0)	(21.0, 395751.0)	(22.0, 475685.0)	(23.0, 557238.0)	(24.0, 640592.0)	(25.0, 728831.0)	(26.0, 823728.0)	(27.0, 928773.0)	(28.0, 1049982.0)	(29.0, 1185977.0)	(30.0, 1361618.0)	(31.0, 1574339.0)	(32.0, 1891755.0)	(33.0, 2359807.0)	(34.0, 3207797.0)	(35.0, 5443965.0)	(36.0, 9671310.0)	(37.0, 581163.0)
SRR26064308_1	(11.0, 4.0)	(12.0, 11.0)	(13.0, 37.0)	(14.0, 145.0)	(15.0, 513.0)	(16.0, 1194.0)	(17.0, 2424.0)	(18.0, 4020.0)	(19.0, 6831.0)	(20.0, 11612.0)	(21.0, 19896.0)	(22.0, 33393.0)	(23.0, 53665.0)	(24.0, 83490.0)	(25.0, 127202.0)	(26.0, 190154.0)	(27.0, 278979.0)	(28.0, 404331.0)	(29.0, 576523.0)	(30.0, 815614.0)	(31.0, 1142743.0)	(32.0, 1612920.0)	(33.0, 2319621.0)	(34.0, 3528256.0)	(35.0, 6137958.0)	(36.0, 11227906.0)	(37.0, 504254.0)				
SRR26064308_2	(8.0, 2.0)	(9.0, 34.0)	(10.0, 204.0)	(11.0, 773.0)	(12.0, 2311.0)	(13.0, 5779.0)	(14.0, 12760.0)	(15.0, 24355.0)	(16.0, 42209.0)	(17.0, 69108.0)	(18.0, 105734.0)	(19.0, 152350.0)	(20.0, 205220.0)	(21.0, 265282.0)	(22.0, 329068.0)	(23.0, 395771.0)	(24.0, 467081.0)	(25.0, 541255.0)	(26.0, 620712.0)	(27.0, 708482.0)	(28.0, 806195.0)	(29.0, 924368.0)	(30.0, 1070512.0)	(31.0, 1264244.0)	(32.0, 1530936.0)	(33.0, 1939052.0)	(34.0, 2691276.0)	(35.0, 4835264.0)	(36.0, 9455112.0)	(37.0, 618247.0)	
SRR26064309_1	(11.0, 3.0)	(12.0, 15.0)	(13.0, 84.0)	(14.0, 341.0)	(15.0, 1054.0)	(16.0, 2545.0)	(17.0, 5053.0)	(18.0, 8671.0)	(19.0, 14640.0)	(20.0, 24435.0)	(21.0, 40440.0)	(22.0, 64238.0)	(23.0, 98941.0)	(24.0, 149037.0)	(25.0, 220932.0)	(26.0, 320300.0)	(27.0, 457913.0)	(28.0, 642366.0)	(29.0, 890028.0)	(30.0, 1219675.0)	(31.0, 1662556.0)	(32.0, 2275875.0)	(33.0, 3170045.0)	(34.0, 4622713.0)	(35.0, 7519535.0)	(36.0, 11901434.0)	(37.0, 496147.0)				
SRR26064309_2	(8.0, 6.0)	(9.0, 45.0)	(10.0, 266.0)	(11.0, 1040.0)	(12.0, 3177.0)	(13.0, 7911.0)	(14.0, 17386.0)	(15.0, 33736.0)	(16.0, 61616.0)	(17.0, 103120.0)	(18.0, 161595.0)	(19.0, 232144.0)	(20.0, 311390.0)	(21.0, 391072.0)	(22.0, 473756.0)	(23.0, 560045.0)	(24.0, 651766.0)	(25.0, 744574.0)	(26.0, 845927.0)	(27.0, 952984.0)	(28.0, 1080782.0)	(29.0, 1230194.0)	(30.0, 1415444.0)	(31.0, 1662217.0)	(32.0, 1998635.0)	(33.0, 2496037.0)	(34.0, 3365848.0)	(35.0, 5649158.0)	(36.0, 10686698.0)	(37.0, 670447.0)	
SRR26064310_1	(9.0, 1.0)	(10.0, 0.0)	(11.0, 0.0)	(12.0, 14.0)	(13.0, 70.0)	(14.0, 267.0)	(15.0, 1012.0)	(16.0, 2489.0)	(17.0, 5162.0)	(18.0, 8931.0)	(19.0, 14226.0)	(20.0, 22591.0)	(21.0, 37106.0)	(22.0, 59124.0)	(23.0, 92890.0)	(24.0, 141773.0)	(25.0, 214316.0)	(26.0, 314820.0)	(27.0, 450959.0)	(28.0, 634066.0)	(29.0, 876889.0)	(30.0, 1199246.0)	(31.0, 1633853.0)	(32.0, 2241924.0)	(33.0, 3135248.0)	(34.0, 4649761.0)	(35.0, 7836625.0)	(36.0, 12809232.0)	(37.0, 525552.0)		
SRR26064310_2	(8.0, 14.0)	(9.0, 96.0)	(10.0, 326.0)	(11.0, 1195.0)	(12.0, 3637.0)	(13.0, 8915.0)	(14.0, 19341.0)	(15.0, 37748.0)	(16.0, 68863.0)	(17.0, 115785.0)	(18.0, 180973.0)	(19.0, 260489.0)	(20.0, 342730.0)	(21.0, 430554.0)	(22.0, 520118.0)	(23.0, 612325.0)	(24.0, 708726.0)	(25.0, 807898.0)	(26.0, 913340.0)	(27.0, 1027422.0)	(28.0, 1156620.0)	(29.0, 1315977.0)	(30.0, 1510407.0)	(31.0, 1764956.0)	(32.0, 2117574.0)	(33.0, 2638181.0)	(34.0, 3554813.0)	(35.0, 5929291.0)	(36.0, 10275142.0)	(37.0, 584691.0)	
SRR26064311_1	(11.0, 2.0)	(12.0, 9.0)	(13.0, 59.0)	(14.0, 276.0)	(15.0, 838.0)	(16.0, 2102.0)	(17.0, 4305.0)	(18.0, 7483.0)	(19.0, 12562.0)	(20.0, 21340.0)	(21.0, 35497.0)	(22.0, 57664.0)	(23.0, 89821.0)	(24.0, 136379.0)	(25.0, 205957.0)	(26.0, 302101.0)	(27.0, 437637.0)	(28.0, 624080.0)	(29.0, 881364.0)	(30.0, 1231908.0)	(31.0, 1714869.0)	(32.0, 2411646.0)	(33.0, 3467013.0)	(34.0, 5250753.0)	(35.0, 9019939.0)	(36.0, 15945591.0)	(37.0, 705284.0)				
SRR26064311_2	(7.0, 1.0)	(8.0, 13.0)	(9.0, 62.0)	(10.0, 334.0)	(11.0, 1160.0)	(12.0, 3457.0)	(13.0, 8829.0)	(14.0, 19404.0)	(15.0, 37354.0)	(16.0, 66774.0)	(17.0, 110521.0)	(18.0, 171457.0)	(19.0, 247759.0)	(20.0, 333851.0)	(21.0, 423476.0)	(22.0, 519734.0)	(23.0, 620189.0)	(24.0, 726898.0)	(25.0, 834080.0)	(26.0, 955495.0)	(27.0, 1085244.0)	(28.0, 1233572.0)	(29.0, 1410019.0)	(30.0, 1630829.0)	(31.0, 1920673.0)	(32.0, 2317678.0)	(33.0, 2915169.0)	(34.0, 3986210.0)	(35.0, 6876545.0)	(36.0, 13307253.0)	(37.0, 802439.0)
SRR26064312_1	(11.0, 5.0)	(12.0, 30.0)	(13.0, 84.0)	(14.0, 255.0)	(15.0, 895.0)	(16.0, 2180.0)	(17.0, 4400.0)	(18.0, 7670.0)	(19.0, 13083.0)	(20.0, 22760.0)	(21.0, 38618.0)	(22.0, 63033.0)	(23.0, 98865.0)	(24.0, 148355.0)	(25.0, 218147.0)	(26.0, 314548.0)	(27.0, 442761.0)	(28.0, 613075.0)	(29.0, 837115.0)	(30.0, 1130656.0)	(31.0, 1520362.0)	(32.0, 2051955.0)	(33.0, 2827170.0)	(34.0, 4110345.0)	(35.0, 6720737.0)	(36.0, 10119158.0)	(37.0, 347944.0)				
SRR26064312_2	(7.0, 1.0)	(8.0, 8.0)	(9.0, 60.0)	(10.0, 265.0)	(11.0, 1010.0)	(12.0, 2957.0)	(13.0, 7094.0)	(14.0, 15620.0)	(15.0, 30221.0)	(16.0, 54598.0)	(17.0, 92736.0)	(18.0, 145642.0)	(19.0, 208167.0)	(20.0, 275333.0)	(21.0, 343079.0)	(22.0, 411322.0)	(23.0, 481964.0)	(24.0, 555414.0)	(25.0, 633053.0)	(26.0, 716407.0)	(27.0, 806734.0)	(28.0, 913380.0)	(29.0, 1042640.0)	(30.0, 1205774.0)	(31.0, 1422100.0)	(32.0, 1716463.0)	(33.0, 2167882.0)	(34.0, 2974185.0)	(35.0, 5209414.0)	(36.0, 9641911.0)	(37.0, 578772.0)
SRR26064313_1	(7.0, 1.0)	(8.0, 0.0)	(9.0, 0.0)	(10.0, 4.0)	(11.0, 11.0)	(12.0, 16.0)	(13.0, 61.0)	(14.0, 240.0)	(15.0, 749.0)	(16.0, 1736.0)	(17.0, 3639.0)	(18.0, 6223.0)	(19.0, 10799.0)	(20.0, 18649.0)	(21.0, 32394.0)	(22.0, 52563.0)	(23.0, 82659.0)	(24.0, 126314.0)	(25.0, 190122.0)	(26.0, 284820.0)	(27.0, 419566.0)	(28.0, 562367.0)	(29.0, 748766.0)	(30.0, 1045644.0)	(31.0, 1467707.0)	(32.0, 2077300.0)	(33.0, 3021992.0)	(34.0, 4631396.0)	(35.0, 7981614.0)	(36.0, 12829652.0)	(37.0, 655548.0)
SRR26064313_2	(7.0, 1.0)	(8.0, 1.0)	(9.0, 64.0)	(10.0, 317.0)	(11.0, 1131.0)	(12.0, 3383.0)	(13.0, 8388.0)	(14.0, 18481.0)	(15.0, 35827.0)	(16.0, 64947.0)	(17.0, 107475.0)	(18.0, 167500.0)	(19.0, 240583.0)	(20.0, 321745.0)	(21.0, 408713.0)	(22.0, 496531.0)	(23.0, 591558.0)	(24.0, 687455.0)	(25.0, 792645.0)	(26.0, 899034.0)	(27.0, 1015370.0)	(28.0, 1148674.0)	(29.0, 1309639.0)	(30.0, 1503775.0)	(31.0, 1763838.0)	(32.0, 2119289.0)	(33.0, 2632254.0)	(34.0, 3506476.0)	(35.0, 5773206.0)	(36.0, 9994809.0)	(37.0, 639443.0)
SRR26064314_1	(8.0, 1.0)	(9.0, 2.0)	(10.0, 2.0)	(11.0, 8.0)	(12.0, 14.0)	(13.0, 59.0)	(14.0, 222.0)	(15.0, 596.0)	(16.0, 1444.0)	(17.0, 2857.0)	(18.0, 5268.0)	(19.0, 9500.0)	(20.0, 16648.0)	(21.0, 28336.0)	(22.0, 45428.0)	(23.0, 71045.0)	(24.0, 109793.0)	(25.0, 165721.0)	(26.0, 250866.0)	(27.0, 377548.0)	(28.0, 505977.0)	(29.0, 679061.0)	(30.0, 959596.0)	(31.0, 1359213.0)	(32.0, 1938417.0)	(33.0, 2837542.0)	(34.0, 4385965.0)	(35.0, 7687943.0)	(36.0, 12910337.0)	(37.0, 684360.0)	
SRR26064314_2	(7.0, 1.0)	(8.0, 20.0)	(9.0, 58.0)	(10.0, 256.0)	(11.0, 985.0)	(12.0, 3079.0)	(13.0, 7879.0)	(14.0, 17127.0)	(15.0, 32843.0)	(16.0, 57626.0)	(17.0, 96261.0)	(18.0, 149786.0)	(19.0, 217388.0)	(20.0, 293994.0)	(21.0, 373278.0)	(22.0, 454851.0)	(23.0, 538605.0)	(24.0, 626262.0)	(25.0, 716556.0)	(26.0, 811296.0)	(27.0, 920748.0)	(28.0, 1044543.0)	(29.0, 1193842.0)	(30.0, 1382204.0)	(31.0, 1631684.0)	(32.0, 1980795.0)	(33.0, 2473803.0)	(34.0, 3339625.0)	(35.0, 5653680.0)	(36.0, 10293030.0)	(37.0, 721664.0)
SRR26064315_1	(10.0, 5.0)	(11.0, 5.0)	(12.0, 16.0)	(13.0, 82.0)	(14.0, 238.0)	(15.0, 686.0)	(16.0, 1494.0)	(17.0, 3046.0)	(18.0, 5407.0)	(19.0, 9322.0)	(20.0, 17319.0)	(21.0, 30084.0)	(22.0, 48344.0)	(23.0, 75036.0)	(24.0, 114123.0)	(25.0, 171712.0)	(26.0, 254975.0)	(27.0, 373864.0)	(28.0, 504490.0)	(29.0, 681316.0)	(30.0, 955433.0)	(31.0, 1344851.0)	(32.0, 1891507.0)	(33.0, 2708996.0)	(34.0, 4046902.0)	(35.0, 6622618.0)	(36.0, 9633613.0)	(37.0, 424466.0)			
SRR26064315_2	(8.0, 17.0)	(9.0, 73.0)	(10.0, 348.0)	(11.0, 1334.0)	(12.0, 3979.0)	(13.0, 9819.0)	(14.0, 20885.0)	(15.0, 39682.0)	(16.0, 69573.0)	(17.0, 113401.0)	(18.0, 174176.0)	(19.0, 247593.0)	(20.0, 324914.0)	(21.0, 403284.0)	(22.0, 480373.0)	(23.0, 558103.0)	(24.0, 633951.0)	(25.0, 712059.0)	(26.0, 795496.0)	(27.0, 884090.0)	(28.0, 984809.0)	(29.0, 1106462.0)	(30.0, 1256130.0)	(31.0, 1456908.0)	(32.0, 1733960.0)	(33.0, 2132846.0)	(34.0, 2810158.0)	(35.0, 4567123.0)	(36.0, 7890864.0)	(37.0, 507540.0)	
SRR26064316_1	(8.0, 1.0)	(9.0, 0.0)	(10.0, 3.0)	(11.0, 23.0)	(12.0, 62.0)	(13.0, 202.0)	(14.0, 565.0)	(15.0, 1357.0)	(16.0, 2671.0)	(17.0, 4670.0)	(18.0, 8320.0)	(19.0, 14575.0)	(20.0, 25724.0)	(21.0, 43272.0)	(22.0, 68134.0)	(23.0, 103374.0)	(24.0, 152482.0)	(25.0, 223065.0)	(26.0, 322027.0)	(27.0, 459206.0)	(28.0, 647216.0)	(29.0, 908494.0)	(30.0, 1257357.0)	(31.0, 1736726.0)	(32.0, 2403768.0)	(33.0, 3320041.0)	(34.0, 4769029.0)	(35.0, 7347140.0)	(36.0, 9452819.0)	(37.0, 404043.0)	
SRR26064316_2	(8.0, 6.0)	(9.0, 73.0)	(10.0, 314.0)	(11.0, 1301.0)	(12.0, 4079.0)	(13.0, 9989.0)	(14.0, 21366.0)	(15.0, 41017.0)	(16.0, 70073.0)	(17.0, 111325.0)	(18.0, 167514.0)	(19.0, 235873.0)	(20.0, 312682.0)	(21.0, 396406.0)	(22.0, 484760.0)	(23.0, 577430.0)	(24.0, 673494.0)	(25.0, 774469.0)	(26.0, 881684.0)	(27.0, 992708.0)	(28.0, 1119418.0)	(29.0, 1269046.0)	(30.0, 1446151.0)	(31.0, 1673973.0)	(32.0, 1984089.0)	(33.0, 2443270.0)	(34.0, 3236059.0)	(35.0, 5124419.0)	(36.0, 8993388.0)	(37.0, 629990.0)	
SRR26064317_1	(8.0, 1.0)	(9.0, 1.0)	(10.0, 1.0)	(11.0, 11.0)	(12.0, 48.0)	(13.0, 126.0)	(14.0, 365.0)	(15.0, 1086.0)	(16.0, 2170.0)	(17.0, 3864.0)	(18.0, 6962.0)	(19.0, 12616.0)	(20.0, 21981.0)	(21.0, 37112.0)	(22.0, 57746.0)	(23.0, 85889.0)	(24.0, 125560.0)	(25.0, 180870.0)	(26.0, 259158.0)	(27.0, 369449.0)	(28.0, 523538.0)	(29.0, 737827.0)	(30.0, 1037359.0)	(31.0, 1462520.0)	(32.0, 2091058.0)	(33.0, 2992598.0)	(34.0, 4522494.0)	(35.0, 7616522.0)	(36.0, 11575867.0)	(37.0, 559971.0)	
SRR26064317_2	(8.0, 3.0)	(9.0, 70.0)	(10.0, 341.0)	(11.0, 1340.0)	(12.0, 4190.0)	(13.0, 10209.0)	(14.0, 21388.0)	(15.0, 40326.0)	(16.0, 68945.0)	(17.0, 111801.0)	(18.0, 170985.0)	(19.0, 243766.0)	(20.0, 326282.0)	(21.0, 411113.0)	(22.0, 499148.0)	(23.0, 587731.0)	(24.0, 680615.0)	(25.0, 773242.0)	(26.0, 875112.0)	(27.0, 984858.0)	(28.0, 1106686.0)	(29.0, 1250075.0)	(30.0, 1430578.0)	(31.0, 1662114.0)	(32.0, 1986788.0)	(33.0, 2459997.0)	(34.0, 3301279.0)	(35.0, 5359625.0)	(36.0, 9278880.0)	(37.0, 637283.0)	
SRR26064318_1	(10.0, 3.0)	(11.0, 20.0)	(12.0, 85.0)	(13.0, 223.0)	(14.0, 537.0)	(15.0, 1092.0)	(16.0, 2174.0)	(17.0, 3986.0)	(18.0, 7153.0)	(19.0, 13883.0)	(20.0, 27003.0)	(21.0, 47988.0)	(22.0, 74495.0)	(23.0, 107198.0)	(24.0, 148739.0)	(25.0, 205130.0)	(26.0, 280976.0)	(27.0, 381730.0)	(28.0, 519598.0)	(29.0, 704617.0)	(30.0, 962211.0)	(31.0, 1324403.0)	(32.0, 1867561.0)	(33.0, 2649562.0)	(34.0, 4068263.0)	(35.0, 7538376.0)	(36.0, 14331190.0)	(37.0, 744175.0)			
SRR26064318_2	(8.0, 2.0)	(9.0, 23.0)	(10.0, 146.0)	(11.0, 642.0)	(12.0, 1709.0)	(13.0, 4508.0)	(14.0, 9783.0)	(15.0, 18932.0)	(16.0, 33454.0)	(17.0, 56129.0)	(18.0, 90135.0)	(19.0, 132639.0)	(20.0, 180547.0)	(21.0, 231847.0)	(22.0, 285503.0)	(23.0, 342699.0)	(24.0, 404452.0)	(25.0, 472569.0)	(26.0, 547082.0)	(27.0, 632026.0)	(28.0, 733940.0)	(29.0, 859227.0)	(30.0, 1025861.0)	(31.0, 1251839.0)	(32.0, 1581535.0)	(33.0, 2103599.0)	(34.0, 3132318.0)	(35.0, 6421244.0)	(36.0, 14210185.0)	(37.0, 1247796.0)	
