Sample	fastqc-percent_duplicates	fastqc-percent_gc	fastqc-avg_sequence_length	fastqc-median_sequence_length	fastqc-percent_fails	fastqc-total_sequences
SRR26064247_1	75.98274145178962	53.0	100.0	100	30.0	32.174107
SRR26064247_2	68.53239227842728	53.0	100.0	100	30.0	32.174107
SRR26064248_1	71.72047387000529	53.0	100.0	100	30.0	37.547109999999996
SRR26064248_2	66.45233439022505	53.0	100.0	100	30.0	37.547109999999996
SRR26064249_1	70.82655205379595	53.0	100.0	100	30.0	33.664769
SRR26064249_2	67.11723698501763	53.0	100.0	100	30.0	33.664769
SRR26064250_1	78.00905605267994	53.0	100.0	100	40.0	35.413041
SRR26064250_2	70.64485825532434	53.0	100.0	100	30.0	35.413041
SRR26064251_1	70.91447581685455	52.0	100.0	100	30.0	34.946875
SRR26064251_2	64.55839153770992	52.0	100.0	100	30.0	34.946875
SRR26064252_1	65.67276294460947	51.0	100.0	100	40.0	32.120474
SRR26064252_2	59.999511609079335	51.0	100.0	100	40.0	32.120474
SRR26064253_1	67.59086903613823	53.0	100.0	100	20.0	30.914301
SRR26064253_2	60.45514631127942	53.0	100.0	100	20.0	30.914301
SRR26064254_1	74.47934708483561	53.0	100.0	100	30.0	32.554559
SRR26064254_2	68.04089288260334	53.0	100.0	100	20.0	32.554559
SRR26064255_1	74.4139086061783	53.0	100.0	100	30.0	34.827208
SRR26064255_2	67.71849040090336	53.0	100.0	100	30.0	34.827208
SRR26064256_1	78.70410630031776	54.0	100.0	100	30.0	35.127148
SRR26064256_2	70.68775775631255	54.0	100.0	100	20.0	35.127148
SRR26064257_1	81.13176748033555	54.0	100.0	100	40.0	34.769034
SRR26064257_2	76.64433335097628	54.0	100.0	100	30.0	34.769034
SRR26064258_1	78.37491940022593	53.0	100.0	100	40.0	33.634285
SRR26064258_2	72.60723733682508	53.0	100.0	100	30.0	33.634285
SRR26064259_1	81.56923590972822	55.0	100.0	100	40.0	39.171408
SRR26064259_2	75.83318940948416	55.0	100.0	100	30.0	39.171408
SRR26064260_1	77.32866811091566	53.0	100.0	100	40.0	33.933363
SRR26064260_2	72.01312178396643	53.0	100.0	100	40.0	33.933363
SRR26064261_1	80.85501157516201	55.0	100.0	100	40.0	43.090036
SRR26064261_2	76.1759928696326	55.0	100.0	100	30.0	43.090036
SRR26064262_1	64.28390623816611	51.0	100.0	100	30.0	40.897044
SRR26064262_2	61.29127440747045	51.0	100.0	100	30.0	40.897044
SRR26064263_1	70.27937078893999	53.0	100.0	100	30.0	37.709772
SRR26064263_2	63.55927647564647	54.0	100.0	100	20.0	37.709772
SRR26064264_1	57.40100924032847	50.0	100.0	100	30.0	42.909766
SRR26064264_2	51.81647131003059	50.0	100.0	100	30.0	42.909766
SRR26064265_1	70.22308598229591	53.0	100.0	100	20.0	42.95711
SRR26064265_2	65.1962860204944	53.0	100.0	100	20.0	42.95711
SRR26064266_1	65.39591969737656	52.0	100.0	100	40.0	35.03067
SRR26064266_2	58.94292504753878	52.0	100.0	100	40.0	35.03067
SRR26064267_1	75.65974410730932	55.0	100.0	100	40.0	34.138824
SRR26064267_2	68.11823098625175	55.0	100.0	100	40.0	34.138824
SRR26064268_1	66.1218440158436	52.0	100.0	100	40.0	30.877243999999997
SRR26064268_2	59.82646044186527	52.0	100.0	100	30.0	30.877243999999997
SRR26064269_1	83.44932998940028	54.0	100.0	100	30.0	33.665363
SRR26064269_2	77.4704048983749	54.0	100.0	100	30.0	33.665363
SRR26064270_1	65.16384962372436	53.0	100.0	100	30.0	36.257706999999996
SRR26064270_2	63.243284118802976	53.0	100.0	100	30.0	36.257706999999996
SRR26064271_1	76.62052703977739	54.0	100.0	100	30.0	41.281278
SRR26064271_2	73.10207795742375	54.0	100.0	100	30.0	41.281278
SRR26064272_1	72.86847181135704	50.0	100.0	100	30.0	34.621226
SRR26064272_2	66.41744436214495	50.0	100.0	100	30.0	34.621226
SRR26064273_1	60.65259474949102	50.0	100.0	100	30.0	28.975975
SRR26064273_2	55.14942307148984	50.0	100.0	100	30.0	28.975975
SRR26064274_1	61.58186818381061	48.0	100.0	100	30.0	33.77925
SRR26064274_2	57.65472744219314	48.0	100.0	100	30.0	33.77925
SRR26064275_1	65.29457153929482	52.0	100.0	100	20.0	31.729747999999997
SRR26064275_2	58.210968396456195	52.0	100.0	100	20.0	31.729747999999997
SRR26064276_1	66.63196654585315	51.0	100.0	100	20.0	31.86273
SRR26064276_2	62.03683518908544	51.0	100.0	100	20.0	31.86273
SRR26064277_1	66.0111667984061	51.0	100.0	100	20.0	33.875532
SRR26064277_2	60.03064590344804	51.0	100.0	100	20.0	33.875532
SRR26064278_1	66.55948436789171	53.0	100.0	100	20.0	31.802228999999997
SRR26064278_2	59.0382859590157	53.0	100.0	100	20.0	31.802228999999997
SRR26064279_1	79.91399111058101	55.0	100.0	100	30.0	32.358759
SRR26064279_2	72.18365055844207	55.0	100.0	100	30.0	32.358759
SRR26064280_1	61.86042760654348	50.0	100.0	100	30.0	30.631584
SRR26064280_2	57.26761513441696	50.0	100.0	100	30.0	30.631584
SRR26064281_1	57.760402179844895	48.0	100.0	100	20.0	34.006401
SRR26064281_2	54.26630375826493	48.0	100.0	100	30.0	34.006401
SRR26064282_1	69.52037340650976	53.0	100.0	100	20.0	31.7714
SRR26064282_2	62.7566226064712	53.0	100.0	100	20.0	31.7714
SRR26064283_1	60.46019494323108	49.0	100.0	100	20.0	34.792429999999996
SRR26064283_2	54.965004451728106	49.0	100.0	100	20.0	34.792429999999996
SRR26064284_1	63.10432479022817	50.0	100.0	100	30.0	31.959833999999997
SRR26064284_2	55.10528285496874	50.0	100.0	100	30.0	31.959833999999997
SRR26064285_1	77.38784374865315	53.0	100.0	100	40.0	39.421220999999996
SRR26064285_2	72.42038053037194	53.0	100.0	100	40.0	39.421220999999996
SRR26064286_1	61.800847783917135	51.0	100.0	100	40.0	34.25215
SRR26064286_2	56.2065680457369	51.0	100.0	100	40.0	34.25215
SRR26064287_1	70.69779389319177	53.0	100.0	100	40.0	36.057835
SRR26064287_2	65.09628915847048	53.0	100.0	100	40.0	36.057835
SRR26064288_1	71.84487494054304	54.0	100.0	100	30.0	34.061966999999996
SRR26064288_2	65.72691037811694	54.0	100.0	100	30.0	34.061966999999996
SRR26064289_1	65.26963341997555	53.0	100.0	100	30.0	35.393820999999996
SRR26064289_2	58.52853792482329	53.0	100.0	100	20.0	35.393820999999996
SRR26064290_1	63.20156216525207	52.0	100.0	100	30.0	39.023748999999995
SRR26064290_2	56.837738412945825	52.0	100.0	100	30.0	39.023748999999995
SRR26064291_1	71.15038006214627	54.0	100.0	100	40.0	32.923279
SRR26064291_2	65.9863704674172	54.0	100.0	100	40.0	32.923279
SRR26064292_1	66.35602442438824	53.0	100.0	100	40.0	34.010686
SRR26064292_2	59.72040720417099	53.0	100.0	100	30.0	34.010686
SRR26064293_1	69.81923562647961	54.0	100.0	100	40.0	38.204633
SRR26064293_2	63.76406170166898	54.0	100.0	100	30.0	38.204633
SRR26064294_1	52.13179483760144	48.0	100.0	100	20.0	30.944321
SRR26064294_2	48.91210629917978	48.0	100.0	100	10.0	30.944321
SRR26064295_1	82.25922404159608	55.0	100.0	100	30.0	28.643808999999997
SRR26064295_2	73.26683944525467	55.0	100.0	100	30.0	28.643808999999997
SRR26064296_1	70.37876955851547	52.0	100.0	100	30.0	40.320074999999996
SRR26064296_2	66.14483571380396	52.0	100.0	100	30.0	40.320074999999996
SRR26064297_1	60.66363971808711	49.0	100.0	100	30.0	44.500325
SRR26064297_2	56.94986312927847	49.0	100.0	100	30.0	44.500325
SRR26064298_1	59.64441803078885	50.0	100.0	100	40.0	38.558195
SRR26064298_2	56.210777114591046	50.0	100.0	100	40.0	38.558195
SRR26064299_1	59.0550181177847	50.0	100.0	100	40.0	33.899252
SRR26064299_2	56.83628393342823	50.0	100.0	100	40.0	33.899252
SRR26064300_1	58.96596026624817	50.0	100.0	100	20.0	35.104783
SRR26064300_2	55.79293499959254	50.0	100.0	100	20.0	35.104783
SRR26064301_1	71.40838067831923	52.0	100.0	100	20.0	36.777648
SRR26064301_2	63.19517865798845	52.0	100.0	100	20.0	36.777648
SRR26064302_1	73.88114129048749	53.0	100.0	100	20.0	38.473938
SRR26064302_2	67.36490439354536	53.0	100.0	100	20.0	38.473938
SRR26064303_1	76.2228058443134	53.0	100.0	100	30.0	34.709845
SRR26064303_2	67.4210544758117	53.0	100.0	100	30.0	34.709845
SRR26064304_1	66.39238329918294	51.0	100.0	100	20.0	39.730841999999996
SRR26064304_2	60.01927456373443	51.0	100.0	100	20.0	39.730841999999996
SRR26064305_1	64.35551508894572	50.0	100.0	100	30.0	34.778137
SRR26064305_2	58.69903245027273	51.0	100.0	100	30.0	34.778137
SRR26064306_1	60.42209598035196	50.0	100.0	100	20.0	29.773832
SRR26064306_2	56.4876158719556	50.0	100.0	100	20.0	29.773832
SRR26064307_1	72.99943490036495	54.0	100.0	100	30.0	33.839051
SRR26064307_2	68.49974992698623	54.0	100.0	100	20.0	33.839051
SRR26064308_1	63.4376888989586	51.0	100.0	100	30.0	29.083696
SRR26064308_2	58.741326092681796	51.0	100.0	100	30.0	29.083696
SRR26064309_1	65.03994047776884	51.0	100.0	100	30.0	35.809016
SRR26064309_2	60.37034621981678	51.0	100.0	100	30.0	35.809016
SRR26064310_1	80.93794373589785	56.0	100.0	100	40.0	36.908147
SRR26064310_2	74.6032703525219	56.0	100.0	100	40.0	36.908147
SRR26064311_1	65.96764407730967	52.0	100.0	100	20.0	42.566479
SRR26064311_2	60.59250737195595	52.0	100.0	100	20.0	42.566479
SRR26064312_1	73.73813341262644	55.0	100.0	100	40.0	31.654206
SRR26064312_2	69.2255923628426	55.0	100.0	100	40.0	31.654206
SRR26064313_1	70.87908022465638	51.0	100.0	100	30.0	36.252552
SRR26064313_2	65.39405013697964	51.0	100.0	100	30.0	36.252552
SRR26064314_1	59.729236294116525	50.0	100.0	100	20.0	35.033769
SRR26064314_2	54.5382160378425	50.0	100.0	100	20.0	35.033769
SRR26064315_1	61.64105745525079	50.0	100.0	100	30.0	29.91995
SRR26064315_2	55.71767452380592	51.0	100.0	100	20.0	29.91995
SRR26064316_1	70.05598104417713	50.0	100.0	100	30.0	33.676366
SRR26064316_2	65.80545569525779	50.0	100.0	100	30.0	33.676366
SRR26064317_1	58.9219428124755	50.0	100.0	100	20.0	34.28477
SRR26064317_2	52.66774058782873	50.0	100.0	100	20.0	34.28477
SRR26064318_1	57.42645041382723	46.0	100.0	100	40.0	36.012371
SRR26064318_2	56.000687936100555	46.0	100.0	100	40.0	36.012371
