.	Basic Statistics	Per Base Sequence Quality	Per Sequence Quality Scores	Per Base Sequence Content	Per Sequence GC Content	Per Base N Content	Sequence Length Distribution	Sequence Duplication Levels	Overrepresented Sequences	Adapter Content
SRR19077097_1	1	1	1	1	0.25	1	1	0.25	0.25	1
SRR19077097_2	1	1	1	0.5	0.5	1	1	0.25	0.5	1
SRR19077098_1	1	1	1	1	0.25	1	1	0.25	0.25	1
SRR19077098_2	1	1	1	0.5	0.5	1	1	0.25	0.5	1
SRR19077099_1	1	1	1	0.5	0.25	1	1	0.25	0.25	1
SRR19077099_2	1	1	1	0.5	0.25	1	1	0.25	0.25	1
SRR19077100_1	1	1	1	0.5	0.25	1	1	0.25	0.25	1
SRR19077100_2	1	1	1	0.5	0.25	1	1	0.25	0.25	1
SRR19077101_1	1	1	1	1	1	1	1	0.5	0.5	1
SRR19077101_2	1	1	1	0.5	0.5	1	1	0.5	0.5	1
SRR19077102_1	1	1	1	1	1	1	1	0.5	0.5	1
SRR19077102_2	1	1	1	0.5	0.5	1	1	0.5	0.5	1
SRR19077103_1	1	1	1	0.5	0.25	1	1	0.25	0.25	1
SRR19077103_2	1	1	1	0.25	0.25	1	1	0.25	0.5	1
SRR19077104_1	1	1	1	0.5	0.25	1	1	0.25	0.25	1
SRR19077104_2	1	1	1	0.25	0.25	1	1	0.25	0.5	1
SRR19077105_1	1	1	1	0.5	0.25	1	1	0.25	0.25	1
SRR19077105_2	1	1	1	0.25	0.25	1	1	0.25	0.25	1
SRR19077106_1	1	1	1	0.5	0.25	1	1	0.25	0.25	1
SRR19077106_2	1	1	1	0.25	0.25	1	1	0.25	0.25	1
SRR19077107_1	1	1	1	1	0.5	1	1	0.25	0.5	1
SRR19077107_2	1	1	1	0.5	0.5	1	1	0.25	0.5	1
SRR19077108_1	1	1	1	1	0.5	1	1	0.25	0.5	1
SRR19077108_2	1	1	1	0.5	0.5	1	1	0.25	0.5	1
SRR19077109_1	1	1	1	0.5	0.25	1	1	0.25	0.25	1
SRR19077109_2	1	1	1	0.25	0.5	1	1	0.25	0.25	1
SRR19077110_1	1	1	1	0.5	0.25	1	1	0.25	0.25	1
SRR19077110_2	1	1	1	0.25	0.5	1	1	0.25	0.25	1
SRR19077111_1	1	1	1	0.5	0.25	1	1	0.25	0.25	1
SRR19077111_2	1	1	1	0.25	0.25	1	1	0.25	0.25	1
SRR19077112_1	1	1	1	0.5	0.25	1	1	0.25	0.25	1
SRR19077112_2	1	1	1	0.25	0.25	1	1	0.25	0.25	1
SRR19077113_1	1	1	1	0.5	0.5	1	1	0.25	0.25	1
SRR19077113_2	1	1	1	0.25	0.5	1	1	0.25	0.5	1
SRR19077114_1	1	1	1	0.5	0.5	1	1	0.25	0.25	1
SRR19077114_2	1	1	1	0.25	0.5	1	1	0.25	0.5	1
SRR19077115_1	1	1	1	1	0.5	1	1	0.5	0.5	1
SRR19077115_2	1	1	1	0.5	0.5	1	1	0.5	0.5	1
SRR19077116_1	1	1	1	1	0.5	1	1	0.5	0.5	1
SRR19077116_2	1	1	1	0.5	0.5	1	1	0.5	0.5	1
SRR19077117_1	1	1	1	1	0.25	1	1	0.25	0.5	1
SRR19077117_2	1	1	1	0.5	0.5	1	1	0.25	0.5	1
SRR19077118_1	1	1	1	1	0.25	1	1	0.25	0.5	1
SRR19077118_2	1	1	1	0.5	0.5	1	1	0.25	0.5	1
SRR19077119_1	1	1	1	0.5	0.5	1	1	0.25	0.25	1
SRR19077119_2	1	1	1	0.25	0.5	1	1	0.25	0.25	1
SRR19077120_1	1	1	1	0.5	0.25	1	1	0.25	0.25	1
SRR19077120_2	1	1	1	0.25	0.5	1	1	0.25	0.25	1
SRR19077121_1	1	1	1	0.5	0.25	1	1	0.25	0.5	1
SRR19077121_2	1	1	1	0.5	0.5	1	1	0.25	0.5	1
SRR19077122_1	1	1	1	1	0.25	1	1	0.25	0.5	1
SRR19077122_2	1	1	1	0.5	0.5	1	1	0.25	0.5	1
SRR19077123_1	1	1	1	0.5	0.25	1	1	0.25	0.25	1
SRR19077123_2	1	1	1	0.25	0.25	1	1	0.25	0.5	1
SRR19077124_1	1	1	1	0.5	0.25	1	1	0.25	0.25	1
SRR19077124_2	1	1	1	0.25	0.25	1	1	0.25	0.5	1
SRR19077125_1	1	1	1	0.5	0.5	1	1	0.25	0.5	1
SRR19077125_2	1	1	1	0.5	0.5	1	1	0.25	0.5	1
SRR19077126_1	1	1	1	0.5	0.5	1	1	0.25	0.5	1
SRR19077126_2	1	1	1	0.5	0.5	1	1	0.25	0.5	1
SRR19077127_1	1	1	1	0.5	0.25	1	1	0.25	0.5	1
SRR19077127_2	1	1	1	0.5	0.5	1	1	0.25	0.5	1
SRR19077128_1	1	1	1	0.5	0.25	1	1	0.25	0.5	1
SRR19077128_2	1	1	1	0.5	0.5	1	1	0.25	0.5	1
SRR19077129_1	1	1	1	0.5	0.25	1	1	0.25	0.25	1
SRR19077129_2	1	1	1	0.25	0.25	1	1	0.25	0.25	1
SRR19077130_1	1	1	1	0.5	0.25	1	1	0.25	0.25	1
SRR19077130_2	1	1	1	0.25	0.25	1	1	0.25	0.25	1
SRR19077131_1	1	1	1	1	0.5	1	1	0.25	0.5	1
SRR19077131_2	1	1	1	0.5	0.5	1	1	0.25	0.5	1
SRR19077132_1	1	1	1	1	0.5	1	1	0.25	0.5	1
SRR19077132_2	1	1	1	0.5	0.5	1	1	0.25	0.5	1
SRR19077133_1	1	1	1	0.5	0.25	1	1	0.25	0.25	1
SRR19077133_2	1	1	1	0.25	0.5	1	1	0.25	0.25	1
SRR19077134_1	1	1	1	0.5	0.25	1	1	0.25	0.25	1
SRR19077134_2	1	1	1	0.25	0.5	1	1	0.25	0.25	1
SRR19077135_1	1	1	1	0.25	0.25	1	1	0.25	0.25	1
SRR19077135_2	1	1	1	0.25	0.25	1	1	0.25	0.25	1
SRR19077136_1	1	1	1	0.25	0.25	1	1	0.25	0.25	1
SRR19077136_2	1	1	1	0.25	0.25	1	1	0.25	0.25	1
SRR19077137_1	1	1	1	0.5	0.5	1	1	0.25	0.25	1
SRR19077137_2	1	1	1	0.25	0.5	1	1	0.25	0.25	1
SRR19077138_1	1	1	1	0.5	0.5	1	1	0.25	0.25	1
SRR19077138_2	1	1	1	0.25	0.5	1	1	0.25	0.25	1
SRR19077139_1	1	1	1	0.5	0.25	1	1	0.25	0.25	1
SRR19077139_2	1	1	1	0.25	0.25	1	1	0.25	0.25	1
SRR19077140_1	1	1	1	0.5	0.25	1	1	0.25	0.25	1
SRR19077140_2	1	1	1	0.25	0.25	1	1	0.25	0.25	1
SRR19077141_1	1	1	1	0.5	0.5	1	1	0.25	0.25	1
SRR19077141_2	1	1	1	0.25	0.5	1	1	0.25	0.5	1
SRR19077142_1	1	1	1	0.5	0.5	1	1	0.25	0.25	1
SRR19077142_2	1	1	1	0.25	0.5	1	1	0.25	0.5	1
SRR19077143_1	1	1	1	0.5	0.25	1	1	0.25	0.25	1
SRR19077143_2	1	1	1	0.25	0.5	1	1	0.25	0.25	1
SRR19077144_1	1	1	1	0.5	0.25	1	1	0.25	0.25	1
SRR19077144_2	1	1	1	0.25	0.5	1	1	0.25	0.25	1
SRR19077145_1	1	1	1	0.5	0.25	1	1	0.25	0.25	1
SRR19077145_2	1	1	1	0.25	0.5	1	1	0.25	0.5	1
SRR19077146_1	1	1	1	0.5	0.25	1	1	0.25	0.25	1
SRR19077146_2	1	1	1	0.25	0.5	1	1	0.25	0.5	1
SRR19077147_1	1	1	1	0.5	0.5	1	1	0.25	0.25	1
SRR19077147_2	1	1	1	0.25	0.5	1	1	0.25	0.25	1
SRR19077148_1	1	1	1	0.5	0.5	1	1	0.25	0.25	1
SRR19077148_2	1	1	1	0.25	0.5	1	1	0.25	0.25	1
SRR19077149_1	1	1	1	0.5	0.5	1	1	0.25	0.25	0.5
SRR19077149_2	1	1	1	0.25	0.5	1	1	0.25	0.5	0.5
SRR19077150_1	1	1	1	0.5	0.5	1	1	0.25	0.25	0.5
SRR19077150_2	1	1	1	0.25	0.5	1	1	0.25	0.5	0.5
SRR19077151_1	1	1	1	0.5	0.25	1	1	0.25	0.25	0.5
SRR19077151_2	1	1	1	0.25	0.5	1	1	0.25	0.25	0.5
SRR19077152_1	1	1	1	0.5	0.25	1	1	0.25	0.25	0.5
SRR19077152_2	1	1	1	0.25	0.5	1	1	0.25	0.25	0.5
SRR19077153_1	1	1	1	0.5	0.25	1	1	0.25	0.25	0.5
SRR19077153_2	1	1	1	0.25	0.5	1	1	0.25	0.25	0.5
SRR19077154_1	1	1	1	0.5	0.25	1	1	0.25	0.25	0.5
SRR19077154_2	1	1	1	0.25	0.5	1	1	0.25	0.25	0.5
SRR19077155_1	1	1	1	0.5	0.5	1	1	0.25	0.25	1
SRR19077155_2	1	1	1	0.25	0.25	1	1	0.25	0.25	1
SRR19077156_1	1	1	1	0.5	0.5	1	1	0.25	0.25	1
SRR19077156_2	1	1	1	0.25	0.25	1	1	0.25	0.25	1
SRR19077157_1	1	1	1	0.5	0.25	1	1	0.25	0.25	1
SRR19077157_2	1	1	1	0.25	0.25	1	1	0.25	0.25	1
SRR19077158_1	1	1	1	0.5	0.25	1	1	0.25	0.25	1
SRR19077158_2	1	1	1	0.25	0.25	1	1	0.25	0.25	1
SRR19077159_1	1	1	1	0.5	0.5	1	1	0.25	0.25	1
SRR19077159_2	1	1	1	0.25	0.5	1	1	0.25	0.5	1
SRR19077160_1	1	1	1	0.5	0.5	1	1	0.25	0.25	1
SRR19077160_2	1	1	1	0.25	0.5	1	1	0.25	0.5	1
SRR19077161_1	1	1	1	0.5	0.25	1	1	0.25	0.25	1
SRR19077161_2	1	1	1	0.25	0.5	1	1	0.25	0.25	1
SRR19077162_1	1	1	1	0.5	0.25	1	1	0.25	0.25	1
SRR19077162_2	1	1	1	0.25	0.5	1	1	0.25	0.25	1
SRR19077163_1	1	1	1	0.5	0.5	1	1	0.25	0.5	0.5
SRR19077163_2	1	1	1	0.25	0.5	1	1	0.25	0.5	0.5
SRR19077164_1	1	1	1	0.5	0.5	1	1	0.25	0.5	0.5
SRR19077164_2	1	1	1	0.25	0.5	1	1	0.25	0.5	0.5
SRR19077165_1	1	1	1	0.5	0.5	1	1	0.25	0.25	1
SRR19077165_2	1	1	1	0.25	0.5	1	1	0.25	0.25	1
SRR19077166_1	1	1	1	0.5	0.5	1	1	0.25	0.25	1
SRR19077166_2	1	1	1	0.25	0.5	1	1	0.25	0.25	1
SRR19077167_1	1	1	1	0.5	0.5	1	1	0.25	0.25	1
SRR19077167_2	1	1	1	0.25	0.5	1	1	0.25	0.5	1
SRR19077168_1	1	1	1	0.5	0.5	1	1	0.25	0.25	1
SRR19077168_2	1	1	1	0.25	0.5	1	1	0.25	0.5	1
SRR19077169_1	1	1	1	0.5	0.25	1	1	0.25	0.25	1
SRR19077169_2	1	1	1	0.25	0.5	1	1	0.25	0.5	1
SRR19077170_1	1	1	1	0.5	0.25	1	1	0.25	0.25	1
SRR19077170_2	1	1	1	0.25	0.5	1	1	0.25	0.5	1
