Sample	0	1	2	3	4	5	6	7	8	9	10	11	12	13	14	15	16	17	18	19	20	21	22	23	24	25	26	27	28	29	30	31	32	33
SRR19077097_1	(15.0, 5.0)	(16.0, 31.0)	(17.0, 101.0)	(18.0, 237.0)	(19.0, 564.0)	(20.0, 1159.0)	(21.0, 2547.0)	(22.0, 4752.0)	(23.0, 9183.0)	(24.0, 16806.0)	(25.0, 29616.0)	(26.0, 47319.0)	(27.0, 74760.0)	(28.0, 106901.0)	(29.0, 152035.0)	(30.0, 200424.0)	(31.0, 264717.0)	(32.0, 332663.0)	(33.0, 451373.0)	(34.0, 650317.0)	(35.0, 1368995.0)	(36.0, 10267660.0)	(37.0, 3967546.0)											
SRR19077097_2	(5.0, 1.0)	(6.0, 1.0)	(7.0, 5.0)	(8.0, 7.0)	(9.0, 9.0)	(10.0, 13.0)	(11.0, 40.0)	(12.0, 437.0)	(13.0, 2300.0)	(14.0, 4625.0)	(15.0, 4356.0)	(16.0, 3624.0)	(17.0, 3197.0)	(18.0, 3172.0)	(19.0, 4217.0)	(20.0, 6376.0)	(21.0, 10966.0)	(22.0, 16679.0)	(23.0, 24470.0)	(24.0, 33156.0)	(25.0, 46926.0)	(26.0, 61728.0)	(27.0, 75900.0)	(28.0, 80433.0)	(29.0, 95781.0)	(30.0, 122367.0)	(31.0, 166171.0)	(32.0, 224010.0)	(33.0, 336786.0)	(34.0, 554854.0)	(35.0, 1461233.0)	(36.0, 11316806.0)	(37.0, 3289065.0)	
SRR19077098_1	(14.0, 1.0)	(15.0, 4.0)	(16.0, 29.0)	(17.0, 89.0)	(18.0, 227.0)	(19.0, 579.0)	(20.0, 1152.0)	(21.0, 2673.0)	(22.0, 5004.0)	(23.0, 9504.0)	(24.0, 17645.0)	(25.0, 31477.0)	(26.0, 49852.0)	(27.0, 77038.0)	(28.0, 110611.0)	(29.0, 158507.0)	(30.0, 208668.0)	(31.0, 275760.0)	(32.0, 348324.0)	(33.0, 470850.0)	(34.0, 671580.0)	(35.0, 1383471.0)	(36.0, 10039866.0)	(37.0, 3877526.0)										
SRR19077098_2	(10.0, 4.0)	(11.0, 22.0)	(12.0, 405.0)	(13.0, 2202.0)	(14.0, 4453.0)	(15.0, 4497.0)	(16.0, 3632.0)	(17.0, 3105.0)	(18.0, 3181.0)	(19.0, 4142.0)	(20.0, 6422.0)	(21.0, 10918.0)	(22.0, 16929.0)	(23.0, 25206.0)	(24.0, 34821.0)	(25.0, 49013.0)	(26.0, 63195.0)	(27.0, 75281.0)	(28.0, 80309.0)	(29.0, 99812.0)	(30.0, 125899.0)	(31.0, 172468.0)	(32.0, 232674.0)	(33.0, 348277.0)	(34.0, 570459.0)	(35.0, 1474169.0)	(36.0, 11125484.0)	(37.0, 3203458.0)						
SRR19077099_1	(14.0, 1.0)	(15.0, 1.0)	(16.0, 5.0)	(17.0, 44.0)	(18.0, 135.0)	(19.0, 314.0)	(20.0, 672.0)	(21.0, 1596.0)	(22.0, 2861.0)	(23.0, 4802.0)	(24.0, 8124.0)	(25.0, 14164.0)	(26.0, 22802.0)	(27.0, 36618.0)	(28.0, 53948.0)	(29.0, 78243.0)	(30.0, 103611.0)	(31.0, 139709.0)	(32.0, 176857.0)	(33.0, 241732.0)	(34.0, 345013.0)	(35.0, 676895.0)	(36.0, 4372832.0)	(37.0, 1766573.0)										
SRR19077099_2	(6.0, 3.0)	(7.0, 1.0)	(8.0, 4.0)	(9.0, 6.0)	(10.0, 6.0)	(11.0, 32.0)	(12.0, 202.0)	(13.0, 953.0)	(14.0, 1806.0)	(15.0, 1829.0)	(16.0, 1447.0)	(17.0, 1345.0)	(18.0, 1366.0)	(19.0, 1918.0)	(20.0, 3119.0)	(21.0, 5363.0)	(22.0, 8569.0)	(23.0, 12601.0)	(24.0, 17800.0)	(25.0, 25136.0)	(26.0, 33292.0)	(27.0, 40995.0)	(28.0, 43666.0)	(29.0, 52260.0)	(30.0, 66468.0)	(31.0, 90717.0)	(32.0, 122866.0)	(33.0, 183276.0)	(34.0, 297787.0)	(35.0, 748715.0)	(36.0, 4954915.0)	(37.0, 1329089.0)		
SRR19077100_1	(14.0, 1.0)	(15.0, 2.0)	(16.0, 10.0)	(17.0, 43.0)	(18.0, 104.0)	(19.0, 297.0)	(20.0, 667.0)	(21.0, 1647.0)	(22.0, 3026.0)	(23.0, 5057.0)	(24.0, 8685.0)	(25.0, 15000.0)	(26.0, 23997.0)	(27.0, 37911.0)	(28.0, 55951.0)	(29.0, 81655.0)	(30.0, 107850.0)	(31.0, 145733.0)	(32.0, 185666.0)	(33.0, 253475.0)	(34.0, 359938.0)	(35.0, 701473.0)	(36.0, 4356488.0)	(37.0, 1666496.0)										
SRR19077100_2	(9.0, 1.0)	(10.0, 1.0)	(11.0, 22.0)	(12.0, 162.0)	(13.0, 933.0)	(14.0, 1738.0)	(15.0, 1811.0)	(16.0, 1505.0)	(17.0, 1330.0)	(18.0, 1333.0)	(19.0, 1899.0)	(20.0, 3074.0)	(21.0, 5448.0)	(22.0, 8627.0)	(23.0, 13152.0)	(24.0, 18365.0)	(25.0, 26434.0)	(26.0, 34053.0)	(27.0, 40395.0)	(28.0, 43141.0)	(29.0, 53617.0)	(30.0, 68687.0)	(31.0, 93910.0)	(32.0, 127134.0)	(33.0, 188212.0)	(34.0, 305969.0)	(35.0, 760066.0)	(36.0, 4905696.0)	(37.0, 1304457.0)					
SRR19077101_1	(15.0, 4.0)	(16.0, 24.0)	(17.0, 82.0)	(18.0, 241.0)	(19.0, 591.0)	(20.0, 1231.0)	(21.0, 2782.0)	(22.0, 5066.0)	(23.0, 8051.0)	(24.0, 12935.0)	(25.0, 21988.0)	(26.0, 34762.0)	(27.0, 54782.0)	(28.0, 80312.0)	(29.0, 117561.0)	(30.0, 156374.0)	(31.0, 207420.0)	(32.0, 259594.0)	(33.0, 349946.0)	(34.0, 500326.0)	(35.0, 1045549.0)	(36.0, 8187514.0)	(37.0, 3372722.0)											
SRR19077101_2	(5.0, 2.0)	(6.0, 0.0)	(7.0, 1.0)	(8.0, 5.0)	(9.0, 10.0)	(10.0, 8.0)	(11.0, 41.0)	(12.0, 417.0)	(13.0, 2071.0)	(14.0, 3971.0)	(15.0, 3862.0)	(16.0, 3306.0)	(17.0, 2904.0)	(18.0, 2994.0)	(19.0, 3733.0)	(20.0, 5689.0)	(21.0, 8893.0)	(22.0, 13702.0)	(23.0, 20169.0)	(24.0, 27391.0)	(25.0, 36382.0)	(26.0, 44559.0)	(27.0, 54849.0)	(28.0, 64651.0)	(29.0, 82225.0)	(30.0, 103644.0)	(31.0, 140842.0)	(32.0, 189260.0)	(33.0, 284872.0)	(34.0, 470696.0)	(35.0, 1221061.0)	(36.0, 9018907.0)	(37.0, 2608740.0)	
SRR19077102_1	(15.0, 8.0)	(16.0, 25.0)	(17.0, 94.0)	(18.0, 231.0)	(19.0, 593.0)	(20.0, 1268.0)	(21.0, 2870.0)	(22.0, 5300.0)	(23.0, 8504.0)	(24.0, 13576.0)	(25.0, 22814.0)	(26.0, 36079.0)	(27.0, 57314.0)	(28.0, 83548.0)	(29.0, 121673.0)	(30.0, 161645.0)	(31.0, 215029.0)	(32.0, 269400.0)	(33.0, 364094.0)	(34.0, 518122.0)	(35.0, 1058801.0)	(36.0, 8046990.0)	(37.0, 3313464.0)											
SRR19077102_2	(8.0, 2.0)	(9.0, 0.0)	(10.0, 2.0)	(11.0, 25.0)	(12.0, 388.0)	(13.0, 1993.0)	(14.0, 3816.0)	(15.0, 3882.0)	(16.0, 3244.0)	(17.0, 2839.0)	(18.0, 2901.0)	(19.0, 3754.0)	(20.0, 5467.0)	(21.0, 8847.0)	(22.0, 13751.0)	(23.0, 20358.0)	(24.0, 27649.0)	(25.0, 36822.0)	(26.0, 45423.0)	(27.0, 56457.0)	(28.0, 66814.0)	(29.0, 85070.0)	(30.0, 108092.0)	(31.0, 144611.0)	(32.0, 195753.0)	(33.0, 293336.0)	(34.0, 482718.0)	(35.0, 1235462.0)	(36.0, 8906143.0)	(37.0, 2545823.0)				
SRR19077103_1	(14.0, 2.0)	(15.0, 3.0)	(16.0, 47.0)	(17.0, 121.0)	(18.0, 348.0)	(19.0, 703.0)	(20.0, 1501.0)	(21.0, 3304.0)	(22.0, 6152.0)	(23.0, 11428.0)	(24.0, 20347.0)	(25.0, 36334.0)	(26.0, 59044.0)	(27.0, 93139.0)	(28.0, 136202.0)	(29.0, 196145.0)	(30.0, 257821.0)	(31.0, 344034.0)	(32.0, 435291.0)	(33.0, 596261.0)	(34.0, 874676.0)	(35.0, 1873617.0)	(36.0, 13220755.0)	(37.0, 5340869.0)										
SRR19077103_2	(7.0, 2.0)	(8.0, 10.0)	(9.0, 19.0)	(10.0, 15.0)	(11.0, 52.0)	(12.0, 608.0)	(13.0, 3290.0)	(14.0, 6174.0)	(15.0, 6205.0)	(16.0, 4915.0)	(17.0, 4287.0)	(18.0, 4393.0)	(19.0, 5615.0)	(20.0, 8668.0)	(21.0, 14407.0)	(22.0, 21778.0)	(23.0, 31631.0)	(24.0, 43013.0)	(25.0, 60903.0)	(26.0, 83749.0)	(27.0, 103787.0)	(28.0, 107142.0)	(29.0, 126290.0)	(30.0, 160082.0)	(31.0, 218330.0)	(32.0, 294001.0)	(33.0, 442509.0)	(34.0, 732943.0)	(35.0, 1954716.0)	(36.0, 14837609.0)	(37.0, 4231001.0)			
SRR19077104_1	(13.0, 1.0)	(14.0, 1.0)	(15.0, 9.0)	(16.0, 35.0)	(17.0, 125.0)	(18.0, 333.0)	(19.0, 742.0)	(20.0, 1558.0)	(21.0, 3316.0)	(22.0, 6498.0)	(23.0, 12170.0)	(24.0, 21795.0)	(25.0, 38516.0)	(26.0, 61492.0)	(27.0, 97621.0)	(28.0, 141632.0)	(29.0, 204087.0)	(30.0, 270096.0)	(31.0, 361367.0)	(32.0, 457538.0)	(33.0, 624132.0)	(34.0, 903218.0)	(35.0, 1896785.0)	(36.0, 12962328.0)	(37.0, 5214349.0)									
SRR19077104_2	(7.0, 1.0)	(8.0, 0.0)	(9.0, 0.0)	(10.0, 8.0)	(11.0, 24.0)	(12.0, 568.0)	(13.0, 3047.0)	(14.0, 6142.0)	(15.0, 6182.0)	(16.0, 4986.0)	(17.0, 4327.0)	(18.0, 4262.0)	(19.0, 5678.0)	(20.0, 8724.0)	(21.0, 14646.0)	(22.0, 22439.0)	(23.0, 32578.0)	(24.0, 44660.0)	(25.0, 63919.0)	(26.0, 85830.0)	(27.0, 101998.0)	(28.0, 107404.0)	(29.0, 131118.0)	(30.0, 166351.0)	(31.0, 227985.0)	(32.0, 306145.0)	(33.0, 460016.0)	(34.0, 756095.0)	(35.0, 1980661.0)	(36.0, 14615781.0)	(37.0, 4118169.0)			
SRR19077105_1	(14.0, 1.0)	(15.0, 7.0)	(16.0, 17.0)	(17.0, 83.0)	(18.0, 166.0)	(19.0, 356.0)	(20.0, 825.0)	(21.0, 1792.0)	(22.0, 3898.0)	(23.0, 7900.0)	(24.0, 15034.0)	(25.0, 26657.0)	(26.0, 42149.0)	(27.0, 63868.0)	(28.0, 90643.0)	(29.0, 126582.0)	(30.0, 163953.0)	(31.0, 216751.0)	(32.0, 276394.0)	(33.0, 385983.0)	(34.0, 575819.0)	(35.0, 1273322.0)	(36.0, 7901142.0)	(37.0, 2904611.0)										
SRR19077105_2	(6.0, 1.0)	(7.0, 2.0)	(8.0, 5.0)	(9.0, 12.0)	(10.0, 13.0)	(11.0, 47.0)	(12.0, 530.0)	(13.0, 2820.0)	(14.0, 5544.0)	(15.0, 5732.0)	(16.0, 4664.0)	(17.0, 4462.0)	(18.0, 4291.0)	(19.0, 5195.0)	(20.0, 7280.0)	(21.0, 10865.0)	(22.0, 14287.0)	(23.0, 19381.0)	(24.0, 25070.0)	(25.0, 35131.0)	(26.0, 48717.0)	(27.0, 61620.0)	(28.0, 61707.0)	(29.0, 67853.0)	(30.0, 83300.0)	(31.0, 115481.0)	(32.0, 159091.0)	(33.0, 243592.0)	(34.0, 406415.0)	(35.0, 1084670.0)	(36.0, 8849684.0)	(37.0, 2750491.0)		
SRR19077106_1	(14.0, 2.0)	(15.0, 3.0)	(16.0, 13.0)	(17.0, 63.0)	(18.0, 164.0)	(19.0, 411.0)	(20.0, 871.0)	(21.0, 1970.0)	(22.0, 4185.0)	(23.0, 8538.0)	(24.0, 16030.0)	(25.0, 28290.0)	(26.0, 44229.0)	(27.0, 66012.0)	(28.0, 92585.0)	(29.0, 129832.0)	(30.0, 168331.0)	(31.0, 224076.0)	(32.0, 285972.0)	(33.0, 396462.0)	(34.0, 590215.0)	(35.0, 1277008.0)	(36.0, 7701993.0)	(37.0, 2812185.0)										
SRR19077106_2	(10.0, 4.0)	(11.0, 30.0)	(12.0, 445.0)	(13.0, 2715.0)	(14.0, 5375.0)	(15.0, 5615.0)	(16.0, 4606.0)	(17.0, 4203.0)	(18.0, 4339.0)	(19.0, 5264.0)	(20.0, 7171.0)	(21.0, 10754.0)	(22.0, 14564.0)	(23.0, 19813.0)	(24.0, 26100.0)	(25.0, 37192.0)	(26.0, 50120.0)	(27.0, 59717.0)	(28.0, 60174.0)	(29.0, 68007.0)	(30.0, 85689.0)	(31.0, 119621.0)	(32.0, 163491.0)	(33.0, 250930.0)	(34.0, 416493.0)	(35.0, 1095567.0)	(36.0, 8675930.0)	(37.0, 2655511.0)						
SRR19077107_1	(15.0, 2.0)	(16.0, 8.0)	(17.0, 52.0)	(18.0, 114.0)	(19.0, 346.0)	(20.0, 755.0)	(21.0, 1585.0)	(22.0, 3079.0)	(23.0, 6025.0)	(24.0, 11041.0)	(25.0, 19473.0)	(26.0, 31448.0)	(27.0, 50804.0)	(28.0, 74708.0)	(29.0, 110161.0)	(30.0, 146847.0)	(31.0, 197826.0)	(32.0, 250638.0)	(33.0, 342431.0)	(34.0, 498690.0)	(35.0, 1065794.0)	(36.0, 8177281.0)	(37.0, 3095026.0)											
SRR19077107_2	(6.0, 1.0)	(7.0, 2.0)	(8.0, 3.0)	(9.0, 6.0)	(10.0, 9.0)	(11.0, 52.0)	(12.0, 529.0)	(13.0, 2772.0)	(14.0, 5401.0)	(15.0, 5540.0)	(16.0, 4659.0)	(17.0, 4048.0)	(18.0, 3947.0)	(19.0, 4736.0)	(20.0, 6457.0)	(21.0, 9689.0)	(22.0, 13188.0)	(23.0, 18351.0)	(24.0, 23209.0)	(25.0, 30480.0)	(26.0, 37893.0)	(27.0, 46778.0)	(28.0, 53635.0)	(29.0, 66844.0)	(30.0, 85380.0)	(31.0, 116852.0)	(32.0, 159472.0)	(33.0, 241803.0)	(34.0, 406708.0)	(35.0, 1119451.0)	(36.0, 8998354.0)	(37.0, 2617885.0)		
SRR19077108_1	(15.0, 3.0)	(16.0, 10.0)	(17.0, 45.0)	(18.0, 116.0)	(19.0, 353.0)	(20.0, 773.0)	(21.0, 1643.0)	(22.0, 3225.0)	(23.0, 6321.0)	(24.0, 11546.0)	(25.0, 20669.0)	(26.0, 32613.0)	(27.0, 52018.0)	(28.0, 76001.0)	(29.0, 112362.0)	(30.0, 151782.0)	(31.0, 204649.0)	(32.0, 260952.0)	(33.0, 356380.0)	(34.0, 514832.0)	(35.0, 1080098.0)	(36.0, 8010701.0)	(37.0, 3025215.0)											
SRR19077108_2	(11.0, 38.0)	(12.0, 463.0)	(13.0, 2714.0)	(14.0, 5162.0)	(15.0, 5431.0)	(16.0, 4614.0)	(17.0, 4045.0)	(18.0, 3860.0)	(19.0, 4598.0)	(20.0, 6224.0)	(21.0, 9422.0)	(22.0, 13339.0)	(23.0, 18554.0)	(24.0, 23759.0)	(25.0, 31268.0)	(26.0, 38893.0)	(27.0, 47141.0)	(28.0, 53951.0)	(29.0, 69401.0)	(30.0, 88086.0)	(31.0, 121811.0)	(32.0, 165086.0)	(33.0, 250175.0)	(34.0, 420051.0)	(35.0, 1129749.0)	(36.0, 8856383.0)	(37.0, 2548089.0)							
SRR19077109_1	(15.0, 8.0)	(16.0, 22.0)	(17.0, 87.0)	(18.0, 225.0)	(19.0, 477.0)	(20.0, 994.0)	(21.0, 2133.0)	(22.0, 3949.0)	(23.0, 7204.0)	(24.0, 12807.0)	(25.0, 22366.0)	(26.0, 36335.0)	(27.0, 58216.0)	(28.0, 86499.0)	(29.0, 126658.0)	(30.0, 168634.0)	(31.0, 228505.0)	(32.0, 293302.0)	(33.0, 405734.0)	(34.0, 610001.0)	(35.0, 1335336.0)	(36.0, 8860449.0)	(37.0, 3325492.0)											
SRR19077109_2	(7.0, 4.0)	(8.0, 6.0)	(9.0, 6.0)	(10.0, 13.0)	(11.0, 49.0)	(12.0, 384.0)	(13.0, 2089.0)	(14.0, 3991.0)	(15.0, 3799.0)	(16.0, 3335.0)	(17.0, 3006.0)	(18.0, 2944.0)	(19.0, 3884.0)	(20.0, 5929.0)	(21.0, 9387.0)	(22.0, 14100.0)	(23.0, 20355.0)	(24.0, 26766.0)	(25.0, 37994.0)	(26.0, 51753.0)	(27.0, 63922.0)	(28.0, 68817.0)	(29.0, 83794.0)	(30.0, 107079.0)	(31.0, 147976.0)	(32.0, 200040.0)	(33.0, 299925.0)	(34.0, 488920.0)	(35.0, 1283844.0)	(36.0, 9859986.0)	(37.0, 2791336.0)			
SRR19077110_1	(15.0, 6.0)	(16.0, 25.0)	(17.0, 69.0)	(18.0, 236.0)	(19.0, 537.0)	(20.0, 1029.0)	(21.0, 2207.0)	(22.0, 4154.0)	(23.0, 7515.0)	(24.0, 13423.0)	(25.0, 23520.0)	(26.0, 38160.0)	(27.0, 61144.0)	(28.0, 90561.0)	(29.0, 132068.0)	(30.0, 177330.0)	(31.0, 240154.0)	(32.0, 308663.0)	(33.0, 423906.0)	(34.0, 627659.0)	(35.0, 1351640.0)	(36.0, 8695175.0)	(37.0, 3250821.0)											
SRR19077110_2	(8.0, 1.0)	(9.0, 0.0)	(10.0, 1.0)	(11.0, 17.0)	(12.0, 344.0)	(13.0, 1930.0)	(14.0, 3912.0)	(15.0, 3850.0)	(16.0, 3234.0)	(17.0, 2829.0)	(18.0, 2973.0)	(19.0, 3871.0)	(20.0, 5967.0)	(21.0, 9601.0)	(22.0, 14472.0)	(23.0, 20912.0)	(24.0, 28181.0)	(25.0, 40079.0)	(26.0, 53159.0)	(27.0, 63337.0)	(28.0, 69460.0)	(29.0, 86932.0)	(30.0, 111757.0)	(31.0, 153998.0)	(32.0, 208011.0)	(33.0, 311795.0)	(34.0, 503672.0)	(35.0, 1301178.0)	(36.0, 9713216.0)	(37.0, 2731313.0)				
SRR19077111_1	(14.0, 3.0)	(15.0, 14.0)	(16.0, 99.0)	(17.0, 323.0)	(18.0, 667.0)	(19.0, 1449.0)	(20.0, 2397.0)	(21.0, 4008.0)	(22.0, 6347.0)	(23.0, 11223.0)	(24.0, 19223.0)	(25.0, 33228.0)	(26.0, 51943.0)	(27.0, 79904.0)	(28.0, 114981.0)	(29.0, 161426.0)	(30.0, 210490.0)	(31.0, 279238.0)	(32.0, 353714.0)	(33.0, 485299.0)	(34.0, 720636.0)	(35.0, 1639889.0)	(36.0, 9700000.0)	(37.0, 3538582.0)										
SRR19077111_2	(4.0, 1.0)	(5.0, 0.0)	(6.0, 1.0)	(7.0, 4.0)	(8.0, 7.0)	(9.0, 12.0)	(10.0, 10.0)	(11.0, 63.0)	(12.0, 470.0)	(13.0, 2459.0)	(14.0, 4734.0)	(15.0, 4596.0)	(16.0, 3422.0)	(17.0, 3040.0)	(18.0, 3247.0)	(19.0, 4562.0)	(20.0, 7606.0)	(21.0, 13149.0)	(22.0, 20061.0)	(23.0, 28609.0)	(24.0, 36689.0)	(25.0, 53002.0)	(26.0, 71652.0)	(27.0, 84453.0)	(28.0, 82082.0)	(29.0, 95632.0)	(30.0, 121572.0)	(31.0, 169044.0)	(32.0, 229077.0)	(33.0, 336081.0)	(34.0, 523380.0)	(35.0, 1280639.0)	(36.0, 10942263.0)	(37.0, 3293464.0)
SRR19077112_1	(14.0, 3.0)	(15.0, 24.0)	(16.0, 87.0)	(17.0, 301.0)	(18.0, 657.0)	(19.0, 1288.0)	(20.0, 2432.0)	(21.0, 4068.0)	(22.0, 6586.0)	(23.0, 11571.0)	(24.0, 20203.0)	(25.0, 34642.0)	(26.0, 53652.0)	(27.0, 82664.0)	(28.0, 117603.0)	(29.0, 166270.0)	(30.0, 216840.0)	(31.0, 287041.0)	(32.0, 364290.0)	(33.0, 499813.0)	(34.0, 740493.0)	(35.0, 1654838.0)	(36.0, 9518272.0)	(37.0, 3455005.0)										
SRR19077112_2	(9.0, 3.0)	(10.0, 4.0)	(11.0, 34.0)	(12.0, 363.0)	(13.0, 2449.0)	(14.0, 4600.0)	(15.0, 4515.0)	(16.0, 3416.0)	(17.0, 3092.0)	(18.0, 3239.0)	(19.0, 4564.0)	(20.0, 7639.0)	(21.0, 13414.0)	(22.0, 20727.0)	(23.0, 29172.0)	(24.0, 37995.0)	(25.0, 55705.0)	(26.0, 72711.0)	(27.0, 80845.0)	(28.0, 80970.0)	(29.0, 97317.0)	(30.0, 124868.0)	(31.0, 175009.0)	(32.0, 235500.0)	(33.0, 346459.0)	(34.0, 539313.0)	(35.0, 1301045.0)	(36.0, 10784980.0)	(37.0, 3208695.0)					
SRR19077113_1	(15.0, 4.0)	(16.0, 15.0)	(17.0, 45.0)	(18.0, 140.0)	(19.0, 309.0)	(20.0, 664.0)	(21.0, 1379.0)	(22.0, 2460.0)	(23.0, 4305.0)	(24.0, 7397.0)	(25.0, 13123.0)	(26.0, 20932.0)	(27.0, 33939.0)	(28.0, 50793.0)	(29.0, 75980.0)	(30.0, 101810.0)	(31.0, 139070.0)	(32.0, 178059.0)	(33.0, 243882.0)	(34.0, 347392.0)	(35.0, 702498.0)	(36.0, 5159722.0)	(37.0, 2086932.0)											
SRR19077113_2	(7.0, 2.0)	(8.0, 5.0)	(9.0, 5.0)	(10.0, 6.0)	(11.0, 25.0)	(12.0, 202.0)	(13.0, 1171.0)	(14.0, 2262.0)	(15.0, 2221.0)	(16.0, 1920.0)	(17.0, 1682.0)	(18.0, 1822.0)	(19.0, 2217.0)	(20.0, 3437.0)	(21.0, 5709.0)	(22.0, 8623.0)	(23.0, 12805.0)	(24.0, 17410.0)	(25.0, 24837.0)	(26.0, 34337.0)	(27.0, 43972.0)	(28.0, 47276.0)	(29.0, 56865.0)	(30.0, 71541.0)	(31.0, 98599.0)	(32.0, 131396.0)	(33.0, 195245.0)	(34.0, 313834.0)	(35.0, 772044.0)	(36.0, 5674367.0)	(37.0, 1645013.0)			
SRR19077114_1	(14.0, 2.0)	(15.0, 2.0)	(16.0, 18.0)	(17.0, 51.0)	(18.0, 119.0)	(19.0, 353.0)	(20.0, 709.0)	(21.0, 1454.0)	(22.0, 2613.0)	(23.0, 4568.0)	(24.0, 7751.0)	(25.0, 13617.0)	(26.0, 21583.0)	(27.0, 35173.0)	(28.0, 52526.0)	(29.0, 78290.0)	(30.0, 106009.0)	(31.0, 143539.0)	(32.0, 183918.0)	(33.0, 252186.0)	(34.0, 359844.0)	(35.0, 726240.0)	(36.0, 5123222.0)	(37.0, 1995946.0)										
SRR19077114_2	(9.0, 2.0)	(10.0, 0.0)	(11.0, 23.0)	(12.0, 168.0)	(13.0, 1110.0)	(14.0, 2138.0)	(15.0, 2306.0)	(16.0, 1856.0)	(17.0, 1698.0)	(18.0, 1718.0)	(19.0, 2233.0)	(20.0, 3384.0)	(21.0, 5735.0)	(22.0, 8564.0)	(23.0, 12924.0)	(24.0, 17965.0)	(25.0, 26256.0)	(26.0, 35140.0)	(27.0, 43195.0)	(28.0, 46761.0)	(29.0, 57431.0)	(30.0, 73551.0)	(31.0, 101627.0)	(32.0, 135589.0)	(33.0, 201162.0)	(34.0, 320990.0)	(35.0, 783698.0)	(36.0, 5615102.0)	(37.0, 1607407.0)					
SRR19077115_1	(14.0, 1.0)	(15.0, 8.0)	(16.0, 37.0)	(17.0, 99.0)	(18.0, 313.0)	(19.0, 652.0)	(20.0, 1399.0)	(21.0, 3046.0)	(22.0, 5278.0)	(23.0, 9368.0)	(24.0, 15823.0)	(25.0, 27118.0)	(26.0, 42109.0)	(27.0, 65246.0)	(28.0, 94062.0)	(29.0, 135363.0)	(30.0, 177528.0)	(31.0, 232812.0)	(32.0, 291599.0)	(33.0, 394754.0)	(34.0, 566354.0)	(35.0, 1193237.0)	(36.0, 9096728.0)	(37.0, 3563539.0)										
SRR19077115_2	(5.0, 1.0)	(6.0, 2.0)	(7.0, 0.0)	(8.0, 9.0)	(9.0, 13.0)	(10.0, 18.0)	(11.0, 39.0)	(12.0, 423.0)	(13.0, 2047.0)	(14.0, 3706.0)	(15.0, 3799.0)	(16.0, 3208.0)	(17.0, 2987.0)	(18.0, 3129.0)	(19.0, 4078.0)	(20.0, 6271.0)	(21.0, 10426.0)	(22.0, 16136.0)	(23.0, 24122.0)	(24.0, 33721.0)	(25.0, 47663.0)	(26.0, 63854.0)	(27.0, 78969.0)	(28.0, 83619.0)	(29.0, 98254.0)	(30.0, 123196.0)	(31.0, 166550.0)	(32.0, 222701.0)	(33.0, 335384.0)	(34.0, 553605.0)	(35.0, 1439868.0)	(36.0, 9923803.0)	(37.0, 2664872.0)	
SRR19077116_1	(15.0, 7.0)	(16.0, 20.0)	(17.0, 95.0)	(18.0, 306.0)	(19.0, 706.0)	(20.0, 1445.0)	(21.0, 2975.0)	(22.0, 5372.0)	(23.0, 9573.0)	(24.0, 16422.0)	(25.0, 28332.0)	(26.0, 43553.0)	(27.0, 67160.0)	(28.0, 97849.0)	(29.0, 140047.0)	(30.0, 183892.0)	(31.0, 242989.0)	(32.0, 304715.0)	(33.0, 411132.0)	(34.0, 588373.0)	(35.0, 1211071.0)	(36.0, 8952856.0)	(37.0, 3500393.0)											
SRR19077116_2	(10.0, 1.0)	(11.0, 41.0)	(12.0, 361.0)	(13.0, 1993.0)	(14.0, 3670.0)	(15.0, 3673.0)	(16.0, 3240.0)	(17.0, 2928.0)	(18.0, 3125.0)	(19.0, 4163.0)	(20.0, 6277.0)	(21.0, 10436.0)	(22.0, 16375.0)	(23.0, 25105.0)	(24.0, 35185.0)	(25.0, 49773.0)	(26.0, 65577.0)	(27.0, 77812.0)	(28.0, 83069.0)	(29.0, 100912.0)	(30.0, 126921.0)	(31.0, 171601.0)	(32.0, 228907.0)	(33.0, 343437.0)	(34.0, 564524.0)	(35.0, 1447773.0)	(36.0, 9813640.0)	(37.0, 2618764.0)						
SRR19077117_1	(14.0, 1.0)	(15.0, 1.0)	(16.0, 25.0)	(17.0, 67.0)	(18.0, 186.0)	(19.0, 433.0)	(20.0, 919.0)	(21.0, 1941.0)	(22.0, 3828.0)	(23.0, 6838.0)	(24.0, 11411.0)	(25.0, 20053.0)	(26.0, 31885.0)	(27.0, 51229.0)	(28.0, 75327.0)	(29.0, 109981.0)	(30.0, 146666.0)	(31.0, 194989.0)	(32.0, 244770.0)	(33.0, 333665.0)	(34.0, 487633.0)	(35.0, 1043100.0)	(36.0, 7726502.0)	(37.0, 3077959.0)										
SRR19077117_2	(6.0, 1.0)	(7.0, 1.0)	(8.0, 12.0)	(9.0, 12.0)	(10.0, 12.0)	(11.0, 38.0)	(12.0, 396.0)	(13.0, 2111.0)	(14.0, 3920.0)	(15.0, 3905.0)	(16.0, 3214.0)	(17.0, 2751.0)	(18.0, 2795.0)	(19.0, 3676.0)	(20.0, 5429.0)	(21.0, 8790.0)	(22.0, 13166.0)	(23.0, 19585.0)	(24.0, 26272.0)	(25.0, 37183.0)	(26.0, 49963.0)	(27.0, 62082.0)	(28.0, 66619.0)	(29.0, 79745.0)	(30.0, 99282.0)	(31.0, 135534.0)	(32.0, 182472.0)	(33.0, 275739.0)	(34.0, 462181.0)	(35.0, 1227435.0)	(36.0, 8535141.0)	(37.0, 2259947.0)		
SRR19077118_1	(13.0, 1.0)	(14.0, 0.0)	(15.0, 4.0)	(16.0, 17.0)	(17.0, 53.0)	(18.0, 167.0)	(19.0, 445.0)	(20.0, 911.0)	(21.0, 2051.0)	(22.0, 3988.0)	(23.0, 7285.0)	(24.0, 12247.0)	(25.0, 21117.0)	(26.0, 33466.0)	(27.0, 52740.0)	(28.0, 78404.0)	(29.0, 114349.0)	(30.0, 151874.0)	(31.0, 202659.0)	(32.0, 256577.0)	(33.0, 347066.0)	(34.0, 503252.0)	(35.0, 1055095.0)	(36.0, 7579925.0)	(37.0, 3015472.0)									
SRR19077118_2	(8.0, 1.0)	(9.0, 3.0)	(10.0, 3.0)	(11.0, 24.0)	(12.0, 348.0)	(13.0, 1975.0)	(14.0, 3900.0)	(15.0, 3850.0)	(16.0, 3045.0)	(17.0, 2741.0)	(18.0, 2851.0)	(19.0, 3524.0)	(20.0, 5329.0)	(21.0, 8736.0)	(22.0, 13296.0)	(23.0, 19920.0)	(24.0, 27320.0)	(25.0, 39019.0)	(26.0, 51578.0)	(27.0, 61519.0)	(28.0, 66149.0)	(29.0, 81325.0)	(30.0, 103232.0)	(31.0, 139566.0)	(32.0, 188467.0)	(33.0, 282539.0)	(34.0, 469643.0)	(35.0, 1229708.0)	(36.0, 8411868.0)	(37.0, 2217686.0)				
SRR19077119_1	(15.0, 7.0)	(16.0, 12.0)	(17.0, 66.0)	(18.0, 157.0)	(19.0, 417.0)	(20.0, 804.0)	(21.0, 1775.0)	(22.0, 3055.0)	(23.0, 5731.0)	(24.0, 10621.0)	(25.0, 18726.0)	(26.0, 31168.0)	(27.0, 49780.0)	(28.0, 74533.0)	(29.0, 108678.0)	(30.0, 144264.0)	(31.0, 194472.0)	(32.0, 248067.0)	(33.0, 340339.0)	(34.0, 501556.0)	(35.0, 1094108.0)	(36.0, 7950957.0)	(37.0, 3018051.0)											
SRR19077119_2	(4.0, 1.0)	(5.0, 0.0)	(6.0, 1.0)	(7.0, 5.0)	(8.0, 9.0)	(9.0, 11.0)	(10.0, 9.0)	(11.0, 38.0)	(12.0, 375.0)	(13.0, 1997.0)	(14.0, 3836.0)	(15.0, 3664.0)	(16.0, 3056.0)	(17.0, 2640.0)	(18.0, 2589.0)	(19.0, 3351.0)	(20.0, 4953.0)	(21.0, 7824.0)	(22.0, 11387.0)	(23.0, 16567.0)	(24.0, 22440.0)	(25.0, 31312.0)	(26.0, 43777.0)	(27.0, 55050.0)	(28.0, 58569.0)	(29.0, 70658.0)	(30.0, 89505.0)	(31.0, 122847.0)	(32.0, 165617.0)	(33.0, 252354.0)	(34.0, 421517.0)	(35.0, 1130743.0)	(36.0, 8776154.0)	(37.0, 2494488.0)
SRR19077120_1	(13.0, 1.0)	(14.0, 1.0)	(15.0, 5.0)	(16.0, 7.0)	(17.0, 71.0)	(18.0, 164.0)	(19.0, 382.0)	(20.0, 823.0)	(21.0, 1855.0)	(22.0, 3285.0)	(23.0, 6094.0)	(24.0, 11227.0)	(25.0, 20023.0)	(26.0, 32425.0)	(27.0, 51350.0)	(28.0, 76367.0)	(29.0, 112161.0)	(30.0, 149420.0)	(31.0, 202468.0)	(32.0, 258542.0)	(33.0, 355115.0)	(34.0, 515959.0)	(35.0, 1107191.0)	(36.0, 7786500.0)	(37.0, 2949218.0)									
SRR19077120_2	(9.0, 1.0)	(10.0, 4.0)	(11.0, 23.0)	(12.0, 306.0)	(13.0, 1789.0)	(14.0, 3688.0)	(15.0, 3758.0)	(16.0, 3030.0)	(17.0, 2552.0)	(18.0, 2592.0)	(19.0, 3301.0)	(20.0, 4936.0)	(21.0, 8050.0)	(22.0, 11613.0)	(23.0, 17019.0)	(24.0, 23136.0)	(25.0, 33348.0)	(26.0, 44401.0)	(27.0, 54093.0)	(28.0, 58800.0)	(29.0, 72331.0)	(30.0, 92408.0)	(31.0, 128124.0)	(32.0, 171711.0)	(33.0, 260236.0)	(34.0, 432137.0)	(35.0, 1144547.0)	(36.0, 8635207.0)	(37.0, 2427513.0)					
SRR19077121_1	(15.0, 6.0)	(16.0, 18.0)	(17.0, 66.0)	(18.0, 167.0)	(19.0, 404.0)	(20.0, 859.0)	(21.0, 1946.0)	(22.0, 3786.0)	(23.0, 7065.0)	(24.0, 12443.0)	(25.0, 22244.0)	(26.0, 35911.0)	(27.0, 56065.0)	(28.0, 81766.0)	(29.0, 117170.0)	(30.0, 153077.0)	(31.0, 202490.0)	(32.0, 252370.0)	(33.0, 341811.0)	(34.0, 497018.0)	(35.0, 1046556.0)	(36.0, 7605965.0)	(37.0, 2858183.0)											
SRR19077121_2	(6.0, 1.0)	(7.0, 2.0)	(8.0, 3.0)	(9.0, 14.0)	(10.0, 12.0)	(11.0, 34.0)	(12.0, 338.0)	(13.0, 1931.0)	(14.0, 3538.0)	(15.0, 3485.0)	(16.0, 2846.0)	(17.0, 2527.0)	(18.0, 2529.0)	(19.0, 3408.0)	(20.0, 5046.0)	(21.0, 8470.0)	(22.0, 13313.0)	(23.0, 19135.0)	(24.0, 25772.0)	(25.0, 36622.0)	(26.0, 48770.0)	(27.0, 60167.0)	(28.0, 63482.0)	(29.0, 74990.0)	(30.0, 92879.0)	(31.0, 127328.0)	(32.0, 170953.0)	(33.0, 256363.0)	(34.0, 422566.0)	(35.0, 1110353.0)	(36.0, 8342662.0)	(37.0, 2397847.0)		
SRR19077122_1	(14.0, 2.0)	(15.0, 3.0)	(16.0, 20.0)	(17.0, 64.0)	(18.0, 176.0)	(19.0, 402.0)	(20.0, 901.0)	(21.0, 2020.0)	(22.0, 3956.0)	(23.0, 7504.0)	(24.0, 13350.0)	(25.0, 23476.0)	(26.0, 37230.0)	(27.0, 58181.0)	(28.0, 83836.0)	(29.0, 121729.0)	(30.0, 157766.0)	(31.0, 210438.0)	(32.0, 262343.0)	(33.0, 356339.0)	(34.0, 510474.0)	(35.0, 1055161.0)	(36.0, 7436322.0)	(37.0, 2790379.0)										
SRR19077122_2	(10.0, 3.0)	(11.0, 21.0)	(12.0, 317.0)	(13.0, 1881.0)	(14.0, 3432.0)	(15.0, 3480.0)	(16.0, 2953.0)	(17.0, 2464.0)	(18.0, 2331.0)	(19.0, 3326.0)	(20.0, 5023.0)	(21.0, 8589.0)	(22.0, 13532.0)	(23.0, 19887.0)	(24.0, 26924.0)	(25.0, 38382.0)	(26.0, 50312.0)	(27.0, 59122.0)	(28.0, 63138.0)	(29.0, 76840.0)	(30.0, 97010.0)	(31.0, 131837.0)	(32.0, 177110.0)	(33.0, 263682.0)	(34.0, 432748.0)	(35.0, 1117242.0)	(36.0, 8196288.0)	(37.0, 2334198.0)						
SRR19077123_1	(15.0, 6.0)	(16.0, 20.0)	(17.0, 82.0)	(18.0, 226.0)	(19.0, 530.0)	(20.0, 1091.0)	(21.0, 2332.0)	(22.0, 4276.0)	(23.0, 8484.0)	(24.0, 15288.0)	(25.0, 27171.0)	(26.0, 43072.0)	(27.0, 66426.0)	(28.0, 96553.0)	(29.0, 137592.0)	(30.0, 180062.0)	(31.0, 238675.0)	(32.0, 301020.0)	(33.0, 408567.0)	(34.0, 592098.0)	(35.0, 1239019.0)	(36.0, 9044811.0)	(37.0, 3624246.0)											
SRR19077123_2	(6.0, 1.0)	(7.0, 1.0)	(8.0, 8.0)	(9.0, 8.0)	(10.0, 9.0)	(11.0, 43.0)	(12.0, 405.0)	(13.0, 2247.0)	(14.0, 4324.0)	(15.0, 4156.0)	(16.0, 3275.0)	(17.0, 2745.0)	(18.0, 2780.0)	(19.0, 3637.0)	(20.0, 5735.0)	(21.0, 9124.0)	(22.0, 13319.0)	(23.0, 18733.0)	(24.0, 25837.0)	(25.0, 38925.0)	(26.0, 56901.0)	(27.0, 70634.0)	(28.0, 66906.0)	(29.0, 74335.0)	(30.0, 94789.0)	(31.0, 132806.0)	(32.0, 181084.0)	(33.0, 272450.0)	(34.0, 443301.0)	(35.0, 1147665.0)	(36.0, 9997411.0)	(37.0, 3358053.0)		
SRR19077124_1	(15.0, 6.0)	(16.0, 25.0)	(17.0, 89.0)	(18.0, 241.0)	(19.0, 567.0)	(20.0, 1166.0)	(21.0, 2341.0)	(22.0, 4639.0)	(23.0, 9068.0)	(24.0, 16695.0)	(25.0, 28408.0)	(26.0, 44628.0)	(27.0, 68523.0)	(28.0, 99407.0)	(29.0, 142308.0)	(30.0, 187572.0)	(31.0, 248254.0)	(32.0, 315141.0)	(33.0, 425962.0)	(34.0, 612150.0)	(35.0, 1255347.0)	(36.0, 8857655.0)	(37.0, 3531664.0)											
SRR19077124_2	(9.0, 1.0)	(10.0, 0.0)	(11.0, 26.0)	(12.0, 350.0)	(13.0, 2135.0)	(14.0, 4264.0)	(15.0, 4112.0)	(16.0, 3186.0)	(17.0, 2783.0)	(18.0, 2617.0)	(19.0, 3538.0)	(20.0, 5571.0)	(21.0, 9207.0)	(22.0, 13727.0)	(23.0, 19554.0)	(24.0, 27120.0)	(25.0, 41503.0)	(26.0, 58602.0)	(27.0, 67779.0)	(28.0, 65067.0)	(29.0, 76306.0)	(30.0, 98567.0)	(31.0, 138966.0)	(32.0, 187953.0)	(33.0, 282726.0)	(34.0, 457308.0)	(35.0, 1162261.0)	(36.0, 9849940.0)	(37.0, 3266687.0)					
SRR19077125_1	(15.0, 6.0)	(16.0, 21.0)	(17.0, 76.0)	(18.0, 205.0)	(19.0, 401.0)	(20.0, 944.0)	(21.0, 2018.0)	(22.0, 3768.0)	(23.0, 7057.0)	(24.0, 12339.0)	(25.0, 21780.0)	(26.0, 35193.0)	(27.0, 56469.0)	(28.0, 83434.0)	(29.0, 122440.0)	(30.0, 162664.0)	(31.0, 216661.0)	(32.0, 273453.0)	(33.0, 373645.0)	(34.0, 545851.0)	(35.0, 1181000.0)	(36.0, 8682705.0)	(37.0, 3350686.0)											
SRR19077125_2	(7.0, 2.0)	(8.0, 7.0)	(9.0, 7.0)	(10.0, 12.0)	(11.0, 54.0)	(12.0, 399.0)	(13.0, 2117.0)	(14.0, 3886.0)	(15.0, 3902.0)	(16.0, 3196.0)	(17.0, 2822.0)	(18.0, 2828.0)	(19.0, 3592.0)	(20.0, 5519.0)	(21.0, 8954.0)	(22.0, 13421.0)	(23.0, 19798.0)	(24.0, 27457.0)	(25.0, 40158.0)	(26.0, 55279.0)	(27.0, 68673.0)	(28.0, 70577.0)	(29.0, 82360.0)	(30.0, 103139.0)	(31.0, 141389.0)	(32.0, 190451.0)	(33.0, 285990.0)	(34.0, 476497.0)	(35.0, 1281511.0)	(36.0, 9570165.0)	(37.0, 2668654.0)			
SRR19077126_1	(15.0, 4.0)	(16.0, 26.0)	(17.0, 60.0)	(18.0, 221.0)	(19.0, 500.0)	(20.0, 1023.0)	(21.0, 2150.0)	(22.0, 4156.0)	(23.0, 7426.0)	(24.0, 13110.0)	(25.0, 22901.0)	(26.0, 36606.0)	(27.0, 58405.0)	(28.0, 86068.0)	(29.0, 127321.0)	(30.0, 169096.0)	(31.0, 226931.0)	(32.0, 285381.0)	(33.0, 392484.0)	(34.0, 565204.0)	(35.0, 1195574.0)	(36.0, 8514559.0)	(37.0, 3283228.0)											
SRR19077126_2	(8.0, 1.0)	(9.0, 0.0)	(10.0, 2.0)	(11.0, 20.0)	(12.0, 346.0)	(13.0, 1979.0)	(14.0, 3812.0)	(15.0, 3898.0)	(16.0, 3152.0)	(17.0, 2824.0)	(18.0, 2828.0)	(19.0, 3601.0)	(20.0, 5250.0)	(21.0, 8966.0)	(22.0, 13500.0)	(23.0, 20239.0)	(24.0, 28581.0)	(25.0, 42256.0)	(26.0, 56996.0)	(27.0, 66855.0)	(28.0, 70593.0)	(29.0, 85300.0)	(30.0, 107382.0)	(31.0, 146815.0)	(32.0, 197470.0)	(33.0, 296307.0)	(34.0, 489691.0)	(35.0, 1292618.0)	(36.0, 9435270.0)	(37.0, 2605882.0)				
SRR19077127_1	(14.0, 1.0)	(15.0, 6.0)	(16.0, 26.0)	(17.0, 95.0)	(18.0, 241.0)	(19.0, 557.0)	(20.0, 1074.0)	(21.0, 2150.0)	(22.0, 3873.0)	(23.0, 7136.0)	(24.0, 12542.0)	(25.0, 22096.0)	(26.0, 35578.0)	(27.0, 55803.0)	(28.0, 82263.0)	(29.0, 119066.0)	(30.0, 156440.0)	(31.0, 207483.0)	(32.0, 261585.0)	(33.0, 354429.0)	(34.0, 514002.0)	(35.0, 1078639.0)	(36.0, 8215637.0)	(37.0, 3214650.0)										
SRR19077127_2	(7.0, 3.0)	(8.0, 7.0)	(9.0, 14.0)	(10.0, 5.0)	(11.0, 38.0)	(12.0, 359.0)	(13.0, 2022.0)	(14.0, 3637.0)	(15.0, 3820.0)	(16.0, 3081.0)	(17.0, 2672.0)	(18.0, 2709.0)	(19.0, 3461.0)	(20.0, 5105.0)	(21.0, 8530.0)	(22.0, 12670.0)	(23.0, 18534.0)	(24.0, 25510.0)	(25.0, 36870.0)	(26.0, 51453.0)	(27.0, 63277.0)	(28.0, 64571.0)	(29.0, 76078.0)	(30.0, 94588.0)	(31.0, 130153.0)	(32.0, 176085.0)	(33.0, 267833.0)	(34.0, 447620.0)	(35.0, 1205906.0)	(36.0, 9109196.0)	(37.0, 2529565.0)			
SRR19077128_1	(13.0, 1.0)	(14.0, 1.0)	(15.0, 9.0)	(16.0, 20.0)	(17.0, 99.0)	(18.0, 232.0)	(19.0, 547.0)	(20.0, 1111.0)	(21.0, 2233.0)	(22.0, 3987.0)	(23.0, 7485.0)	(24.0, 13232.0)	(25.0, 23503.0)	(26.0, 37160.0)	(27.0, 58005.0)	(28.0, 84828.0)	(29.0, 123086.0)	(30.0, 162212.0)	(31.0, 216976.0)	(32.0, 273334.0)	(33.0, 369300.0)	(34.0, 531752.0)	(35.0, 1090077.0)	(36.0, 8039442.0)	(37.0, 3143836.0)									
SRR19077128_2	(9.0, 1.0)	(10.0, 2.0)	(11.0, 19.0)	(12.0, 326.0)	(13.0, 1882.0)	(14.0, 3665.0)	(15.0, 3793.0)	(16.0, 2993.0)	(17.0, 2686.0)	(18.0, 2607.0)	(19.0, 3398.0)	(20.0, 5065.0)	(21.0, 8442.0)	(22.0, 12627.0)	(23.0, 18718.0)	(24.0, 26372.0)	(25.0, 38944.0)	(26.0, 52875.0)	(27.0, 62463.0)	(28.0, 64632.0)	(29.0, 77338.0)	(30.0, 98394.0)	(31.0, 135352.0)	(32.0, 182933.0)	(33.0, 275740.0)	(34.0, 458621.0)	(35.0, 1213825.0)	(36.0, 8955982.0)	(37.0, 2472773.0)					
SRR19077129_1	(13.0, 1.0)	(14.0, 4.0)	(15.0, 27.0)	(16.0, 97.0)	(17.0, 228.0)	(18.0, 588.0)	(19.0, 1144.0)	(20.0, 2006.0)	(21.0, 3474.0)	(22.0, 5488.0)	(23.0, 9628.0)	(24.0, 16954.0)	(25.0, 29957.0)	(26.0, 48520.0)	(27.0, 77175.0)	(28.0, 112161.0)	(29.0, 164690.0)	(30.0, 221835.0)	(31.0, 305683.0)	(32.0, 411510.0)	(33.0, 610609.0)	(34.0, 1023788.0)	(35.0, 2792242.0)	(36.0, 26354567.0)	(37.0, 9742001.0)									
SRR19077129_2	(11.0, 54.0)	(12.0, 1175.0)	(13.0, 6482.0)	(14.0, 12388.0)	(15.0, 14012.0)	(16.0, 14700.0)	(17.0, 14822.0)	(18.0, 14396.0)	(19.0, 16565.0)	(20.0, 21261.0)	(21.0, 30064.0)	(22.0, 41477.0)	(23.0, 53797.0)	(24.0, 62704.0)	(25.0, 74205.0)	(26.0, 84952.0)	(27.0, 101676.0)	(28.0, 124408.0)	(29.0, 164388.0)	(30.0, 218780.0)	(31.0, 318807.0)	(32.0, 474842.0)	(33.0, 808216.0)	(34.0, 1525783.0)	(35.0, 4568310.0)	(36.0, 27478760.0)	(37.0, 5687353.0)							
SRR19077130_1	(13.0, 1.0)	(14.0, 4.0)	(15.0, 25.0)	(16.0, 83.0)	(17.0, 247.0)	(18.0, 603.0)	(19.0, 1176.0)	(20.0, 2027.0)	(21.0, 3766.0)	(22.0, 6007.0)	(23.0, 10164.0)	(24.0, 17838.0)	(25.0, 32466.0)	(26.0, 52286.0)	(27.0, 83576.0)	(28.0, 123209.0)	(29.0, 180501.0)	(30.0, 242508.0)	(31.0, 332865.0)	(32.0, 444478.0)	(33.0, 651088.0)	(34.0, 1083436.0)	(35.0, 2947925.0)	(36.0, 26315293.0)	(37.0, 9223235.0)									
SRR19077130_2	(11.0, 58.0)	(12.0, 1033.0)	(13.0, 5785.0)	(14.0, 12009.0)	(15.0, 14385.0)	(16.0, 14953.0)	(17.0, 15627.0)	(18.0, 16154.0)	(19.0, 18945.0)	(20.0, 24331.0)	(21.0, 35464.0)	(22.0, 48195.0)	(23.0, 62609.0)	(24.0, 73504.0)	(25.0, 87094.0)	(26.0, 98469.0)	(27.0, 119670.0)	(28.0, 145964.0)	(29.0, 192585.0)	(30.0, 255132.0)	(31.0, 370335.0)	(32.0, 540153.0)	(33.0, 888097.0)	(34.0, 1650742.0)	(35.0, 4863707.0)	(36.0, 26979443.0)	(37.0, 5220364.0)							
SRR19077131_1	(14.0, 4.0)	(15.0, 21.0)	(16.0, 44.0)	(17.0, 165.0)	(18.0, 353.0)	(19.0, 760.0)	(20.0, 1378.0)	(21.0, 2537.0)	(22.0, 4428.0)	(23.0, 7844.0)	(24.0, 13645.0)	(25.0, 24305.0)	(26.0, 39468.0)	(27.0, 64555.0)	(28.0, 97041.0)	(29.0, 144452.0)	(30.0, 197966.0)	(31.0, 274181.0)	(32.0, 364942.0)	(33.0, 536501.0)	(34.0, 897521.0)	(35.0, 2498234.0)	(36.0, 24396586.0)	(37.0, 7716614.0)										
SRR19077131_2	(11.0, 63.0)	(12.0, 1178.0)	(13.0, 5874.0)	(14.0, 11616.0)	(15.0, 13043.0)	(16.0, 13032.0)	(17.0, 12768.0)	(18.0, 12177.0)	(19.0, 13688.0)	(20.0, 16983.0)	(21.0, 24873.0)	(22.0, 33455.0)	(23.0, 44840.0)	(24.0, 54934.0)	(25.0, 66678.0)	(26.0, 78176.0)	(27.0, 95493.0)	(28.0, 116695.0)	(29.0, 152970.0)	(30.0, 199585.0)	(31.0, 283334.0)	(32.0, 412591.0)	(33.0, 705551.0)	(34.0, 1422304.0)	(35.0, 4603818.0)	(36.0, 24656595.0)	(37.0, 4231231.0)							
SRR19077132_1	(13.0, 2.0)	(14.0, 5.0)	(15.0, 12.0)	(16.0, 56.0)	(17.0, 173.0)	(18.0, 401.0)	(19.0, 774.0)	(20.0, 1419.0)	(21.0, 2736.0)	(22.0, 4554.0)	(23.0, 8297.0)	(24.0, 14604.0)	(25.0, 26439.0)	(26.0, 43247.0)	(27.0, 70862.0)	(28.0, 106082.0)	(29.0, 158334.0)	(30.0, 216013.0)	(31.0, 298248.0)	(32.0, 393364.0)	(33.0, 574966.0)	(34.0, 952815.0)	(35.0, 2627007.0)	(36.0, 24365614.0)	(37.0, 7306694.0)									
SRR19077132_2	(11.0, 51.0)	(12.0, 995.0)	(13.0, 5349.0)	(14.0, 11113.0)	(15.0, 12855.0)	(16.0, 13094.0)	(17.0, 13004.0)	(18.0, 13132.0)	(19.0, 15366.0)	(20.0, 19808.0)	(21.0, 28635.0)	(22.0, 39484.0)	(23.0, 52876.0)	(24.0, 64801.0)	(25.0, 78808.0)	(26.0, 91237.0)	(27.0, 112449.0)	(28.0, 136491.0)	(29.0, 179420.0)	(30.0, 232741.0)	(31.0, 326622.0)	(32.0, 470377.0)	(33.0, 794308.0)	(34.0, 1567901.0)	(35.0, 4929580.0)	(36.0, 24083720.0)	(37.0, 3878501.0)							
SRR19077133_1	(13.0, 3.0)	(14.0, 9.0)	(15.0, 28.0)	(16.0, 109.0)	(17.0, 265.0)	(18.0, 716.0)	(19.0, 1301.0)	(20.0, 2215.0)	(21.0, 3625.0)	(22.0, 5509.0)	(23.0, 8560.0)	(24.0, 14284.0)	(25.0, 24291.0)	(26.0, 38742.0)	(27.0, 61685.0)	(28.0, 92113.0)	(29.0, 136849.0)	(30.0, 185343.0)	(31.0, 257317.0)	(32.0, 340792.0)	(33.0, 498517.0)	(34.0, 808730.0)	(35.0, 2132313.0)	(36.0, 22114220.0)	(37.0, 7514539.0)									
SRR19077133_2	(11.0, 62.0)	(12.0, 1566.0)	(13.0, 7683.0)	(14.0, 13383.0)	(15.0, 13869.0)	(16.0, 12134.0)	(17.0, 11527.0)	(18.0, 11609.0)	(19.0, 13407.0)	(20.0, 17176.0)	(21.0, 24741.0)	(22.0, 33734.0)	(23.0, 45179.0)	(24.0, 54703.0)	(25.0, 67391.0)	(26.0, 79072.0)	(27.0, 96356.0)	(28.0, 116867.0)	(29.0, 152600.0)	(30.0, 194361.0)	(31.0, 269871.0)	(32.0, 381117.0)	(33.0, 631361.0)	(34.0, 1246253.0)	(35.0, 4069624.0)	(36.0, 22775111.0)	(37.0, 3901318.0)							
SRR19077134_1	(13.0, 2.0)	(14.0, 8.0)	(15.0, 41.0)	(16.0, 128.0)	(17.0, 312.0)	(18.0, 683.0)	(19.0, 1316.0)	(20.0, 2299.0)	(21.0, 3739.0)	(22.0, 5706.0)	(23.0, 9399.0)	(24.0, 15494.0)	(25.0, 26480.0)	(26.0, 42174.0)	(27.0, 67646.0)	(28.0, 100694.0)	(29.0, 149074.0)	(30.0, 202066.0)	(31.0, 278121.0)	(32.0, 364876.0)	(33.0, 530362.0)	(34.0, 850915.0)	(35.0, 2234673.0)	(36.0, 22033799.0)	(37.0, 7092643.0)									
SRR19077134_2	(11.0, 67.0)	(12.0, 1415.0)	(13.0, 7079.0)	(14.0, 13217.0)	(15.0, 13544.0)	(16.0, 12704.0)	(17.0, 12086.0)	(18.0, 12370.0)	(19.0, 15207.0)	(20.0, 19692.0)	(21.0, 28826.0)	(22.0, 39279.0)	(23.0, 52034.0)	(24.0, 63476.0)	(25.0, 78730.0)	(26.0, 91311.0)	(27.0, 112526.0)	(28.0, 135009.0)	(29.0, 173693.0)	(30.0, 220338.0)	(31.0, 303977.0)	(32.0, 427302.0)	(33.0, 701559.0)	(34.0, 1372662.0)	(35.0, 4360593.0)	(36.0, 22179803.0)	(37.0, 3564151.0)							
SRR19077135_1	(14.0, 13.0)	(15.0, 54.0)	(16.0, 137.0)	(17.0, 375.0)	(18.0, 831.0)	(19.0, 1740.0)	(20.0, 2881.0)	(21.0, 4721.0)	(22.0, 7029.0)	(23.0, 10802.0)	(24.0, 17059.0)	(25.0, 28323.0)	(26.0, 44282.0)	(27.0, 70041.0)	(28.0, 101163.0)	(29.0, 144835.0)	(30.0, 193216.0)	(31.0, 264648.0)	(32.0, 352129.0)	(33.0, 520054.0)	(34.0, 850144.0)	(35.0, 2245875.0)	(36.0, 21123366.0)	(37.0, 7210226.0)										
SRR19077135_2	(11.0, 83.0)	(12.0, 1868.0)	(13.0, 8018.0)	(14.0, 12823.0)	(15.0, 12196.0)	(16.0, 11393.0)	(17.0, 11395.0)	(18.0, 11749.0)	(19.0, 14103.0)	(20.0, 17736.0)	(21.0, 25584.0)	(22.0, 34975.0)	(23.0, 45624.0)	(24.0, 53210.0)	(25.0, 63239.0)	(26.0, 72442.0)	(27.0, 89288.0)	(28.0, 109021.0)	(29.0, 143334.0)	(30.0, 183565.0)	(31.0, 254140.0)	(32.0, 357860.0)	(33.0, 579557.0)	(34.0, 1095695.0)	(35.0, 3480917.0)	(36.0, 22402818.0)	(37.0, 4101311.0)							
SRR19077136_1	(13.0, 1.0)	(14.0, 14.0)	(15.0, 43.0)	(16.0, 141.0)	(17.0, 366.0)	(18.0, 806.0)	(19.0, 1699.0)	(20.0, 2995.0)	(21.0, 4778.0)	(22.0, 7188.0)	(23.0, 11287.0)	(24.0, 18404.0)	(25.0, 30485.0)	(26.0, 48560.0)	(27.0, 75662.0)	(28.0, 109746.0)	(29.0, 159133.0)	(30.0, 208777.0)	(31.0, 284599.0)	(32.0, 374366.0)	(33.0, 546477.0)	(34.0, 884338.0)	(35.0, 2333348.0)	(36.0, 20894443.0)	(37.0, 6795519.0)									
SRR19077136_2	(11.0, 72.0)	(12.0, 1581.0)	(13.0, 7495.0)	(14.0, 12461.0)	(15.0, 12275.0)	(16.0, 11843.0)	(17.0, 12268.0)	(18.0, 12824.0)	(19.0, 15764.0)	(20.0, 20981.0)	(21.0, 30085.0)	(22.0, 40671.0)	(23.0, 52895.0)	(24.0, 61986.0)	(25.0, 73528.0)	(26.0, 83951.0)	(27.0, 102717.0)	(28.0, 124442.0)	(29.0, 161185.0)	(30.0, 205244.0)	(31.0, 283151.0)	(32.0, 392575.0)	(33.0, 632152.0)	(34.0, 1180433.0)	(35.0, 3706179.0)	(36.0, 21811884.0)	(37.0, 3742533.0)							
SRR19077137_1	(13.0, 1.0)	(14.0, 4.0)	(15.0, 23.0)	(16.0, 70.0)	(17.0, 198.0)	(18.0, 399.0)	(19.0, 866.0)	(20.0, 1516.0)	(21.0, 2600.0)	(22.0, 4187.0)	(23.0, 6879.0)	(24.0, 11480.0)	(25.0, 20599.0)	(26.0, 33731.0)	(27.0, 55721.0)	(28.0, 86175.0)	(29.0, 131143.0)	(30.0, 182891.0)	(31.0, 256912.0)	(32.0, 343674.0)	(33.0, 509111.0)	(34.0, 845869.0)	(35.0, 2345943.0)	(36.0, 24328942.0)	(37.0, 7608822.0)									
SRR19077137_2	(11.0, 58.0)	(12.0, 916.0)	(13.0, 5284.0)	(14.0, 10562.0)	(15.0, 12528.0)	(16.0, 12751.0)	(17.0, 12692.0)	(18.0, 12391.0)	(19.0, 14063.0)	(20.0, 18012.0)	(21.0, 25827.0)	(22.0, 36319.0)	(23.0, 49893.0)	(24.0, 60991.0)	(25.0, 75499.0)	(26.0, 87255.0)	(27.0, 106713.0)	(28.0, 128748.0)	(29.0, 164673.0)	(30.0, 210084.0)	(31.0, 288959.0)	(32.0, 407372.0)	(33.0, 677996.0)	(34.0, 1345241.0)	(35.0, 4368892.0)	(36.0, 24659646.0)	(37.0, 3984391.0)							
SRR19077138_1	(13.0, 1.0)	(14.0, 5.0)	(15.0, 27.0)	(16.0, 60.0)	(17.0, 173.0)	(18.0, 404.0)	(19.0, 881.0)	(20.0, 1493.0)	(21.0, 2661.0)	(22.0, 4290.0)	(23.0, 7234.0)	(24.0, 12725.0)	(25.0, 22195.0)	(26.0, 36961.0)	(27.0, 60985.0)	(28.0, 94333.0)	(29.0, 144431.0)	(30.0, 200368.0)	(31.0, 278851.0)	(32.0, 370425.0)	(33.0, 545661.0)	(34.0, 896603.0)	(35.0, 2469225.0)	(36.0, 24312964.0)	(37.0, 7218125.0)									
SRR19077138_2	(11.0, 56.0)	(12.0, 855.0)	(13.0, 4780.0)	(14.0, 10365.0)	(15.0, 12547.0)	(16.0, 12822.0)	(17.0, 13126.0)	(18.0, 13259.0)	(19.0, 15709.0)	(20.0, 20271.0)	(21.0, 29566.0)	(22.0, 41988.0)	(23.0, 57384.0)	(24.0, 70904.0)	(25.0, 86661.0)	(26.0, 100764.0)	(27.0, 122319.0)	(28.0, 147517.0)	(29.0, 188116.0)	(30.0, 238590.0)	(31.0, 326885.0)	(32.0, 460196.0)	(33.0, 760255.0)	(34.0, 1488762.0)	(35.0, 4709067.0)	(36.0, 24099760.0)	(37.0, 3648557.0)							
SRR19077139_1	(14.0, 14.0)	(15.0, 85.0)	(16.0, 164.0)	(17.0, 489.0)	(18.0, 1019.0)	(19.0, 2154.0)	(20.0, 3632.0)	(21.0, 5899.0)	(22.0, 8581.0)	(23.0, 13069.0)	(24.0, 19537.0)	(25.0, 30629.0)	(26.0, 46297.0)	(27.0, 71147.0)	(28.0, 103321.0)	(29.0, 151966.0)	(30.0, 205750.0)	(31.0, 286860.0)	(32.0, 384080.0)	(33.0, 571520.0)	(34.0, 920252.0)	(35.0, 2345024.0)	(36.0, 22815716.0)	(37.0, 7617822.0)										
SRR19077139_2	(11.0, 68.0)	(12.0, 1324.0)	(13.0, 6532.0)	(14.0, 11780.0)	(15.0, 13499.0)	(16.0, 13083.0)	(17.0, 12979.0)	(18.0, 13308.0)	(19.0, 15138.0)	(20.0, 19586.0)	(21.0, 28940.0)	(22.0, 39389.0)	(23.0, 52406.0)	(24.0, 62551.0)	(25.0, 75358.0)	(26.0, 87731.0)	(27.0, 106801.0)	(28.0, 128810.0)	(29.0, 165874.0)	(30.0, 212093.0)	(31.0, 291438.0)	(32.0, 403685.0)	(33.0, 651415.0)	(34.0, 1231580.0)	(35.0, 3807480.0)	(36.0, 23560072.0)	(37.0, 4592107.0)							
SRR19077140_1	(13.0, 4.0)	(14.0, 16.0)	(15.0, 67.0)	(16.0, 175.0)	(17.0, 484.0)	(18.0, 1003.0)	(19.0, 2206.0)	(20.0, 3744.0)	(21.0, 6117.0)	(22.0, 8912.0)	(23.0, 13810.0)	(24.0, 20811.0)	(25.0, 33115.0)	(26.0, 50239.0)	(27.0, 78093.0)	(28.0, 113839.0)	(29.0, 166908.0)	(30.0, 224530.0)	(31.0, 311620.0)	(32.0, 413114.0)	(33.0, 601311.0)	(34.0, 968622.0)	(35.0, 2455008.0)	(36.0, 22810794.0)	(37.0, 7219753.0)									
SRR19077140_2	(11.0, 67.0)	(12.0, 1107.0)	(13.0, 6053.0)	(14.0, 11520.0)	(15.0, 13315.0)	(16.0, 13498.0)	(17.0, 13715.0)	(18.0, 14337.0)	(19.0, 17269.0)	(20.0, 22456.0)	(21.0, 33077.0)	(22.0, 45531.0)	(23.0, 60483.0)	(24.0, 72227.0)	(25.0, 86700.0)	(26.0, 100742.0)	(27.0, 122302.0)	(28.0, 147577.0)	(29.0, 188921.0)	(30.0, 238730.0)	(31.0, 326637.0)	(32.0, 449740.0)	(33.0, 717840.0)	(34.0, 1342123.0)	(35.0, 4076816.0)	(36.0, 23150215.0)	(37.0, 4231297.0)							
SRR19077141_1	(14.0, 1.0)	(15.0, 22.0)	(16.0, 60.0)	(17.0, 165.0)	(18.0, 428.0)	(19.0, 908.0)	(20.0, 1536.0)	(21.0, 2819.0)	(22.0, 4866.0)	(23.0, 8594.0)	(24.0, 14750.0)	(25.0, 26323.0)	(26.0, 43093.0)	(27.0, 69825.0)	(28.0, 106903.0)	(29.0, 161355.0)	(30.0, 222283.0)	(31.0, 310067.0)	(32.0, 415433.0)	(33.0, 618880.0)	(34.0, 1044621.0)	(35.0, 2944651.0)	(36.0, 28968841.0)	(37.0, 9157373.0)										
SRR19077141_2	(11.0, 73.0)	(12.0, 1989.0)	(13.0, 8919.0)	(14.0, 15105.0)	(15.0, 15084.0)	(16.0, 13777.0)	(17.0, 13174.0)	(18.0, 13481.0)	(19.0, 15805.0)	(20.0, 20914.0)	(21.0, 30757.0)	(22.0, 42955.0)	(23.0, 58325.0)	(24.0, 71867.0)	(25.0, 90365.0)	(26.0, 106150.0)	(27.0, 131713.0)	(28.0, 162489.0)	(29.0, 214814.0)	(30.0, 278426.0)	(31.0, 396212.0)	(32.0, 573782.0)	(33.0, 983775.0)	(34.0, 1966816.0)	(35.0, 6041061.0)	(36.0, 28392769.0)	(37.0, 4463200.0)							
SRR19077142_1	(14.0, 3.0)	(15.0, 11.0)	(16.0, 59.0)	(17.0, 187.0)	(18.0, 472.0)	(19.0, 909.0)	(20.0, 1729.0)	(21.0, 3098.0)	(22.0, 5413.0)	(23.0, 9406.0)	(24.0, 16541.0)	(25.0, 29006.0)	(26.0, 48204.0)	(27.0, 78468.0)	(28.0, 118979.0)	(29.0, 179607.0)	(30.0, 246886.0)	(31.0, 342278.0)	(32.0, 452023.0)	(33.0, 668476.0)	(34.0, 1115557.0)	(35.0, 3125263.0)	(36.0, 29123551.0)	(37.0, 8728989.0)										
SRR19077142_2	(11.0, 79.0)	(12.0, 1780.0)	(13.0, 8356.0)	(14.0, 14756.0)	(15.0, 15367.0)	(16.0, 14656.0)	(17.0, 14455.0)	(18.0, 15538.0)	(19.0, 19117.0)	(20.0, 25412.0)	(21.0, 37606.0)	(22.0, 52735.0)	(23.0, 71495.0)	(24.0, 89191.0)	(25.0, 110376.0)	(26.0, 129010.0)	(27.0, 159554.0)	(28.0, 195358.0)	(29.0, 255279.0)	(30.0, 331078.0)	(31.0, 462728.0)	(32.0, 663524.0)	(33.0, 1117174.0)	(34.0, 2180385.0)	(35.0, 6454235.0)	(36.0, 27749621.0)	(37.0, 4106250.0)							
SRR19077143_1	(14.0, 8.0)	(15.0, 28.0)	(16.0, 82.0)	(17.0, 218.0)	(18.0, 518.0)	(19.0, 1012.0)	(20.0, 1734.0)	(21.0, 3031.0)	(22.0, 4990.0)	(23.0, 8703.0)	(24.0, 15151.0)	(25.0, 27196.0)	(26.0, 45442.0)	(27.0, 73681.0)	(28.0, 110472.0)	(29.0, 164281.0)	(30.0, 223092.0)	(31.0, 308816.0)	(32.0, 408956.0)	(33.0, 602591.0)	(34.0, 992261.0)	(35.0, 2702579.0)	(36.0, 28310038.0)	(37.0, 9551530.0)										
SRR19077143_2	(11.0, 104.0)	(12.0, 2126.0)	(13.0, 9449.0)	(14.0, 16604.0)	(15.0, 17282.0)	(16.0, 16370.0)	(17.0, 15551.0)	(18.0, 15217.0)	(19.0, 17340.0)	(20.0, 22029.0)	(21.0, 31157.0)	(22.0, 42430.0)	(23.0, 55803.0)	(24.0, 66358.0)	(25.0, 80707.0)	(26.0, 93463.0)	(27.0, 114860.0)	(28.0, 140416.0)	(29.0, 184087.0)	(30.0, 237241.0)	(31.0, 331351.0)	(32.0, 472701.0)	(33.0, 790561.0)	(34.0, 1582952.0)	(35.0, 5202408.0)	(36.0, 29121282.0)	(37.0, 4876561.0)							
SRR19077144_1	(13.0, 5.0)	(14.0, 14.0)	(15.0, 22.0)	(16.0, 70.0)	(17.0, 198.0)	(18.0, 466.0)	(19.0, 1091.0)	(20.0, 1852.0)	(21.0, 3192.0)	(22.0, 5189.0)	(23.0, 9248.0)	(24.0, 16531.0)	(25.0, 29959.0)	(26.0, 49838.0)	(27.0, 81388.0)	(28.0, 122226.0)	(29.0, 181388.0)	(30.0, 246725.0)	(31.0, 337460.0)	(32.0, 443276.0)	(33.0, 646958.0)	(34.0, 1058638.0)	(35.0, 2860617.0)	(36.0, 28417314.0)	(37.0, 9080978.0)									
SRR19077144_2	(11.0, 93.0)	(12.0, 1794.0)	(13.0, 9080.0)	(14.0, 16053.0)	(15.0, 17536.0)	(16.0, 16744.0)	(17.0, 16376.0)	(18.0, 16485.0)	(19.0, 19778.0)	(20.0, 25386.0)	(21.0, 36534.0)	(22.0, 49384.0)	(23.0, 65029.0)	(24.0, 78105.0)	(25.0, 94884.0)	(26.0, 109863.0)	(27.0, 134168.0)	(28.0, 163340.0)	(29.0, 212819.0)	(30.0, 272716.0)	(31.0, 379013.0)	(32.0, 536402.0)	(33.0, 891315.0)	(34.0, 1758240.0)	(35.0, 5618873.0)	(36.0, 28562727.0)	(37.0, 4491906.0)							
SRR19077145_1	(13.0, 1.0)	(14.0, 6.0)	(15.0, 15.0)	(16.0, 55.0)	(17.0, 185.0)	(18.0, 450.0)	(19.0, 919.0)	(20.0, 1603.0)	(21.0, 2695.0)	(22.0, 4451.0)	(23.0, 7468.0)	(24.0, 13105.0)	(25.0, 23274.0)	(26.0, 38088.0)	(27.0, 62069.0)	(28.0, 92352.0)	(29.0, 135806.0)	(30.0, 184620.0)	(31.0, 253157.0)	(32.0, 336696.0)	(33.0, 494771.0)	(34.0, 813753.0)	(35.0, 2204628.0)	(36.0, 22680181.0)	(37.0, 7830389.0)									
SRR19077145_2	(11.0, 81.0)	(12.0, 1790.0)	(13.0, 8155.0)	(14.0, 13871.0)	(15.0, 14696.0)	(16.0, 13476.0)	(17.0, 13083.0)	(18.0, 12738.0)	(19.0, 14672.0)	(20.0, 19172.0)	(21.0, 27565.0)	(22.0, 36884.0)	(23.0, 48834.0)	(24.0, 58106.0)	(25.0, 70634.0)	(26.0, 81349.0)	(27.0, 98971.0)	(28.0, 120258.0)	(29.0, 155315.0)	(30.0, 199572.0)	(31.0, 278586.0)	(32.0, 399580.0)	(33.0, 674967.0)	(34.0, 1349019.0)	(35.0, 4328852.0)	(36.0, 23105842.0)	(37.0, 4034669.0)							
SRR19077146_1	(13.0, 2.0)	(14.0, 2.0)	(15.0, 21.0)	(16.0, 69.0)	(17.0, 199.0)	(18.0, 480.0)	(19.0, 908.0)	(20.0, 1609.0)	(21.0, 2887.0)	(22.0, 4616.0)	(23.0, 8091.0)	(24.0, 14133.0)	(25.0, 25675.0)	(26.0, 41887.0)	(27.0, 68169.0)	(28.0, 101482.0)	(29.0, 148723.0)	(30.0, 201886.0)	(31.0, 276329.0)	(32.0, 363506.0)	(33.0, 529293.0)	(34.0, 860885.0)	(35.0, 2323722.0)	(36.0, 22692297.0)	(37.0, 7418950.0)									
SRR19077146_2	(11.0, 72.0)	(12.0, 1533.0)	(13.0, 7606.0)	(14.0, 13920.0)	(15.0, 14891.0)	(16.0, 13857.0)	(17.0, 13627.0)	(18.0, 13808.0)	(19.0, 16765.0)	(20.0, 21687.0)	(21.0, 31781.0)	(22.0, 42901.0)	(23.0, 57079.0)	(24.0, 68463.0)	(25.0, 82464.0)	(26.0, 94947.0)	(27.0, 115258.0)	(28.0, 140145.0)	(29.0, 180140.0)	(30.0, 229703.0)	(31.0, 318908.0)	(32.0, 453045.0)	(33.0, 755922.0)	(34.0, 1488257.0)	(35.0, 4632312.0)	(36.0, 22583661.0)	(37.0, 3693069.0)							
SRR19077147_1	(14.0, 4.0)	(15.0, 27.0)	(16.0, 74.0)	(17.0, 232.0)	(18.0, 510.0)	(19.0, 909.0)	(20.0, 1661.0)	(21.0, 2845.0)	(22.0, 4490.0)	(23.0, 7251.0)	(24.0, 11529.0)	(25.0, 19809.0)	(26.0, 30728.0)	(27.0, 50456.0)	(28.0, 75199.0)	(29.0, 112625.0)	(30.0, 155120.0)	(31.0, 216568.0)	(32.0, 288860.0)	(33.0, 423851.0)	(34.0, 688370.0)	(35.0, 1836868.0)	(36.0, 19185262.0)	(37.0, 6323928.0)										
SRR19077147_2	(11.0, 48.0)	(12.0, 632.0)	(13.0, 3519.0)	(14.0, 7282.0)	(15.0, 9027.0)	(16.0, 9482.0)	(17.0, 9260.0)	(18.0, 9445.0)	(19.0, 11094.0)	(20.0, 14202.0)	(21.0, 20974.0)	(22.0, 29423.0)	(23.0, 40528.0)	(24.0, 48790.0)	(25.0, 59493.0)	(26.0, 70076.0)	(27.0, 85776.0)	(28.0, 104498.0)	(29.0, 137857.0)	(30.0, 177843.0)	(31.0, 248362.0)	(32.0, 353579.0)	(33.0, 588459.0)	(34.0, 1164249.0)	(35.0, 3761349.0)	(36.0, 19511476.0)	(37.0, 2960453.0)							
SRR19077148_1	(13.0, 3.0)	(14.0, 2.0)	(15.0, 20.0)	(16.0, 84.0)	(17.0, 234.0)	(18.0, 490.0)	(19.0, 991.0)	(20.0, 1657.0)	(21.0, 3019.0)	(22.0, 4667.0)	(23.0, 7743.0)	(24.0, 12490.0)	(25.0, 21607.0)	(26.0, 34146.0)	(27.0, 55110.0)	(28.0, 83039.0)	(29.0, 124351.0)	(30.0, 170434.0)	(31.0, 235781.0)	(32.0, 312383.0)	(33.0, 454985.0)	(34.0, 737360.0)	(35.0, 1952619.0)	(36.0, 19306414.0)	(37.0, 6039867.0)									
SRR19077148_2	(11.0, 39.0)	(12.0, 590.0)	(13.0, 3213.0)	(14.0, 7134.0)	(15.0, 9264.0)	(16.0, 9771.0)	(17.0, 9796.0)	(18.0, 10379.0)	(19.0, 12603.0)	(20.0, 16917.0)	(21.0, 24757.0)	(22.0, 35210.0)	(23.0, 47459.0)	(24.0, 58196.0)	(25.0, 70724.0)	(26.0, 82990.0)	(27.0, 101691.0)	(28.0, 123284.0)	(29.0, 160946.0)	(30.0, 207241.0)	(31.0, 285898.0)	(32.0, 404628.0)	(33.0, 668885.0)	(34.0, 1306104.0)	(35.0, 4089385.0)	(36.0, 19122615.0)	(37.0, 2689777.0)							
SRR19077149_1	(14.0, 1.0)	(15.0, 4.0)	(16.0, 25.0)	(17.0, 98.0)	(18.0, 224.0)	(19.0, 436.0)	(20.0, 827.0)	(21.0, 1514.0)	(22.0, 2755.0)	(23.0, 5464.0)	(24.0, 10304.0)	(25.0, 19263.0)	(26.0, 33330.0)	(27.0, 55915.0)	(28.0, 85407.0)	(29.0, 130208.0)	(30.0, 179242.0)	(31.0, 250048.0)	(32.0, 332935.0)	(33.0, 492465.0)	(34.0, 817307.0)	(35.0, 2250973.0)	(36.0, 24387581.0)	(37.0, 8470221.0)										
SRR19077149_2	(11.0, 94.0)	(12.0, 1966.0)	(13.0, 9499.0)	(14.0, 15947.0)	(15.0, 16321.0)	(16.0, 14470.0)	(17.0, 13521.0)	(18.0, 13241.0)	(19.0, 14875.0)	(20.0, 19137.0)	(21.0, 26780.0)	(22.0, 36145.0)	(23.0, 48253.0)	(24.0, 58359.0)	(25.0, 71522.0)	(26.0, 83929.0)	(27.0, 103470.0)	(28.0, 126916.0)	(29.0, 166536.0)	(30.0, 216389.0)	(31.0, 306411.0)	(32.0, 445693.0)	(33.0, 777279.0)	(34.0, 1637098.0)	(35.0, 5507182.0)	(36.0, 24545373.0)	(37.0, 3250141.0)							
SRR19077150_1	(13.0, 1.0)	(14.0, 2.0)	(15.0, 3.0)	(16.0, 31.0)	(17.0, 99.0)	(18.0, 240.0)	(19.0, 441.0)	(20.0, 809.0)	(21.0, 1663.0)	(22.0, 3058.0)	(23.0, 5840.0)	(24.0, 11390.0)	(25.0, 21224.0)	(26.0, 36392.0)	(27.0, 61409.0)	(28.0, 94453.0)	(29.0, 143377.0)	(30.0, 196301.0)	(31.0, 272687.0)	(32.0, 361346.0)	(33.0, 530053.0)	(34.0, 872963.0)	(35.0, 2379855.0)	(36.0, 24407874.0)	(37.0, 8023302.0)									
SRR19077150_2	(11.0, 78.0)	(12.0, 1778.0)	(13.0, 8832.0)	(14.0, 15676.0)	(15.0, 16404.0)	(16.0, 14862.0)	(17.0, 14178.0)	(18.0, 14150.0)	(19.0, 16852.0)	(20.0, 22073.0)	(21.0, 31376.0)	(22.0, 42642.0)	(23.0, 56717.0)	(24.0, 69196.0)	(25.0, 84812.0)	(26.0, 99681.0)	(27.0, 121571.0)	(28.0, 148469.0)	(29.0, 194085.0)	(30.0, 250476.0)	(31.0, 352023.0)	(32.0, 510158.0)	(33.0, 879849.0)	(34.0, 1813325.0)	(35.0, 5862919.0)	(36.0, 23800322.0)	(37.0, 2982309.0)							
SRR19077151_1	(14.0, 4.0)	(15.0, 11.0)	(16.0, 49.0)	(17.0, 127.0)	(18.0, 284.0)	(19.0, 571.0)	(20.0, 983.0)	(21.0, 1865.0)	(22.0, 2969.0)	(23.0, 5208.0)	(24.0, 9590.0)	(25.0, 17736.0)	(26.0, 29556.0)	(27.0, 50332.0)	(28.0, 77911.0)	(29.0, 120454.0)	(30.0, 166122.0)	(31.0, 232232.0)	(32.0, 310706.0)	(33.0, 461132.0)	(34.0, 774076.0)	(35.0, 2203908.0)	(36.0, 22731857.0)	(37.0, 7499138.0)										
SRR19077151_2	(11.0, 58.0)	(12.0, 1116.0)	(13.0, 5787.0)	(14.0, 11364.0)	(15.0, 13364.0)	(16.0, 12917.0)	(17.0, 12478.0)	(18.0, 12229.0)	(19.0, 13729.0)	(20.0, 17583.0)	(21.0, 24758.0)	(22.0, 34485.0)	(23.0, 45043.0)	(24.0, 53864.0)	(25.0, 64799.0)	(26.0, 74766.0)	(27.0, 92183.0)	(28.0, 112317.0)	(29.0, 146396.0)	(30.0, 188431.0)	(31.0, 266401.0)	(32.0, 382675.0)	(33.0, 652397.0)	(34.0, 1340881.0)	(35.0, 4498984.0)	(36.0, 23184462.0)	(37.0, 3433354.0)							
SRR19077152_1	(14.0, 3.0)	(15.0, 12.0)	(16.0, 31.0)	(17.0, 119.0)	(18.0, 270.0)	(19.0, 580.0)	(20.0, 975.0)	(21.0, 1905.0)	(22.0, 3213.0)	(23.0, 5946.0)	(24.0, 10137.0)	(25.0, 19120.0)	(26.0, 33134.0)	(27.0, 55468.0)	(28.0, 86455.0)	(29.0, 131821.0)	(30.0, 181790.0)	(31.0, 253102.0)	(32.0, 335780.0)	(33.0, 493721.0)	(34.0, 822519.0)	(35.0, 2320438.0)	(36.0, 22738908.0)	(37.0, 7122433.0)										
SRR19077152_2	(11.0, 62.0)	(12.0, 910.0)	(13.0, 5358.0)	(14.0, 11030.0)	(15.0, 13072.0)	(16.0, 13291.0)	(17.0, 12889.0)	(18.0, 13216.0)	(19.0, 14904.0)	(20.0, 19750.0)	(21.0, 28790.0)	(22.0, 39463.0)	(23.0, 52214.0)	(24.0, 62509.0)	(25.0, 76374.0)	(26.0, 87630.0)	(27.0, 107561.0)	(28.0, 130627.0)	(29.0, 169047.0)	(30.0, 216443.0)	(31.0, 303809.0)	(32.0, 433541.0)	(33.0, 734249.0)	(34.0, 1484183.0)	(35.0, 4826785.0)	(36.0, 22627743.0)	(37.0, 3132430.0)							
SRR19077153_1	(14.0, 2.0)	(15.0, 17.0)	(16.0, 65.0)	(17.0, 156.0)	(18.0, 341.0)	(19.0, 720.0)	(20.0, 1235.0)	(21.0, 2175.0)	(22.0, 3729.0)	(23.0, 6756.0)	(24.0, 12437.0)	(25.0, 23033.0)	(26.0, 38166.0)	(27.0, 62208.0)	(28.0, 93750.0)	(29.0, 138187.0)	(30.0, 187469.0)	(31.0, 257911.0)	(32.0, 342791.0)	(33.0, 504993.0)	(34.0, 836237.0)	(35.0, 2323019.0)	(36.0, 24081254.0)	(37.0, 8198106.0)										
SRR19077153_2	(11.0, 73.0)	(12.0, 1250.0)	(13.0, 7039.0)	(14.0, 12894.0)	(15.0, 14013.0)	(16.0, 14211.0)	(17.0, 13379.0)	(18.0, 13270.0)	(19.0, 14607.0)	(20.0, 18569.0)	(21.0, 26434.0)	(22.0, 35729.0)	(23.0, 46451.0)	(24.0, 55296.0)	(25.0, 64836.0)	(26.0, 74255.0)	(27.0, 90228.0)	(28.0, 110261.0)	(29.0, 144066.0)	(30.0, 186095.0)	(31.0, 261680.0)	(32.0, 373804.0)	(33.0, 631336.0)	(34.0, 1277071.0)	(35.0, 4268889.0)	(36.0, 24960113.0)	(37.0, 4398908.0)							
SRR19077154_1	(14.0, 4.0)	(15.0, 13.0)	(16.0, 56.0)	(17.0, 143.0)	(18.0, 369.0)	(19.0, 744.0)	(20.0, 1336.0)	(21.0, 2269.0)	(22.0, 3956.0)	(23.0, 7192.0)	(24.0, 13519.0)	(25.0, 24925.0)	(26.0, 42305.0)	(27.0, 68769.0)	(28.0, 103117.0)	(29.0, 152346.0)	(30.0, 206197.0)	(31.0, 281755.0)	(32.0, 369116.0)	(33.0, 540967.0)	(34.0, 892103.0)	(35.0, 2452431.0)	(36.0, 24092519.0)	(37.0, 7773960.0)										
SRR19077154_2	(11.0, 53.0)	(12.0, 1144.0)	(13.0, 6216.0)	(14.0, 12376.0)	(15.0, 14363.0)	(16.0, 14017.0)	(17.0, 13913.0)	(18.0, 14066.0)	(19.0, 16061.0)	(20.0, 21042.0)	(21.0, 30314.0)	(22.0, 41762.0)	(23.0, 54019.0)	(24.0, 63880.0)	(25.0, 75929.0)	(26.0, 86345.0)	(27.0, 105103.0)	(28.0, 126699.0)	(29.0, 166151.0)	(30.0, 213701.0)	(31.0, 297924.0)	(32.0, 423370.0)	(33.0, 707163.0)	(34.0, 1409048.0)	(35.0, 4583245.0)	(36.0, 24494754.0)	(37.0, 4037453.0)							
SRR19077155_1	(13.0, 2.0)	(14.0, 3.0)	(15.0, 4.0)	(16.0, 19.0)	(17.0, 46.0)	(18.0, 119.0)	(19.0, 266.0)	(20.0, 505.0)	(21.0, 1051.0)	(22.0, 1905.0)	(23.0, 3468.0)	(24.0, 6301.0)	(25.0, 11720.0)	(26.0, 19920.0)	(27.0, 33443.0)	(28.0, 53447.0)	(29.0, 82203.0)	(30.0, 118446.0)	(31.0, 169921.0)	(32.0, 228353.0)	(33.0, 336669.0)	(34.0, 551057.0)	(35.0, 1496289.0)	(36.0, 16944718.0)	(37.0, 5478674.0)									
SRR19077155_2	(11.0, 45.0)	(12.0, 576.0)	(13.0, 3502.0)	(14.0, 8178.0)	(15.0, 10937.0)	(16.0, 11861.0)	(17.0, 11710.0)	(18.0, 11131.0)	(19.0, 11797.0)	(20.0, 13790.0)	(21.0, 19536.0)	(22.0, 26572.0)	(23.0, 35347.0)	(24.0, 42640.0)	(25.0, 52052.0)	(26.0, 60610.0)	(27.0, 72714.0)	(28.0, 86180.0)	(29.0, 109924.0)	(30.0, 140844.0)	(31.0, 196631.0)	(32.0, 281696.0)	(33.0, 475490.0)	(34.0, 971356.0)	(35.0, 3219026.0)	(36.0, 17093474.0)	(37.0, 2570930.0)							
SRR19077156_1	(14.0, 2.0)	(15.0, 3.0)	(16.0, 14.0)	(17.0, 57.0)	(18.0, 127.0)	(19.0, 271.0)	(20.0, 554.0)	(21.0, 1075.0)	(22.0, 2135.0)	(23.0, 3870.0)	(24.0, 7130.0)	(25.0, 13117.0)	(26.0, 22243.0)	(27.0, 37273.0)	(28.0, 58295.0)	(29.0, 92362.0)	(30.0, 130103.0)	(31.0, 184509.0)	(32.0, 247264.0)	(33.0, 360682.0)	(34.0, 586098.0)	(35.0, 1579294.0)	(36.0, 16927810.0)	(37.0, 5179434.0)										
SRR19077156_2	(11.0, 38.0)	(12.0, 518.0)	(13.0, 3297.0)	(14.0, 7867.0)	(15.0, 10872.0)	(16.0, 12058.0)	(17.0, 11925.0)	(18.0, 11781.0)	(19.0, 12878.0)	(20.0, 15685.0)	(21.0, 22281.0)	(22.0, 30067.0)	(23.0, 40740.0)	(24.0, 49641.0)	(25.0, 61003.0)	(26.0, 70611.0)	(27.0, 84848.0)	(28.0, 99727.0)	(29.0, 127704.0)	(30.0, 161299.0)	(31.0, 225031.0)	(32.0, 320926.0)	(33.0, 539719.0)	(34.0, 1081514.0)	(35.0, 3481140.0)	(36.0, 16628874.0)	(37.0, 2321678.0)							
SRR19077157_1	(13.0, 1.0)	(14.0, 4.0)	(15.0, 18.0)	(16.0, 64.0)	(17.0, 181.0)	(18.0, 376.0)	(19.0, 775.0)	(20.0, 1337.0)	(21.0, 2319.0)	(22.0, 3842.0)	(23.0, 6607.0)	(24.0, 11697.0)	(25.0, 21260.0)	(26.0, 36346.0)	(27.0, 60150.0)	(28.0, 91068.0)	(29.0, 137253.0)	(30.0, 185708.0)	(31.0, 257434.0)	(32.0, 344735.0)	(33.0, 510948.0)	(34.0, 847869.0)	(35.0, 2363013.0)	(36.0, 24519839.0)	(37.0, 8268293.0)									
SRR19077157_2	(11.0, 61.0)	(12.0, 1278.0)	(13.0, 6681.0)	(14.0, 11887.0)	(15.0, 13016.0)	(16.0, 12522.0)	(17.0, 12106.0)	(18.0, 11790.0)	(19.0, 13604.0)	(20.0, 17333.0)	(21.0, 25088.0)	(22.0, 34832.0)	(23.0, 46247.0)	(24.0, 55240.0)	(25.0, 66274.0)	(26.0, 77431.0)	(27.0, 95384.0)	(28.0, 116859.0)	(29.0, 152413.0)	(30.0, 196787.0)	(31.0, 272669.0)	(32.0, 387880.0)	(33.0, 650552.0)	(34.0, 1311123.0)	(35.0, 4362128.0)	(36.0, 25444940.0)	(37.0, 4275012.0)							
SRR19077158_1	(14.0, 4.0)	(15.0, 20.0)	(16.0, 57.0)	(17.0, 145.0)	(18.0, 368.0)	(19.0, 807.0)	(20.0, 1395.0)	(21.0, 2437.0)	(22.0, 4150.0)	(23.0, 7162.0)	(24.0, 12547.0)	(25.0, 23476.0)	(26.0, 39428.0)	(27.0, 66000.0)	(28.0, 101046.0)	(29.0, 150427.0)	(30.0, 205913.0)	(31.0, 281121.0)	(32.0, 372602.0)	(33.0, 545197.0)	(34.0, 901369.0)	(35.0, 2486177.0)	(36.0, 24488398.0)	(37.0, 7840434.0)										
SRR19077158_2	(11.0, 51.0)	(12.0, 1179.0)	(13.0, 6170.0)	(14.0, 11606.0)	(15.0, 13097.0)	(16.0, 12451.0)	(17.0, 12313.0)	(18.0, 12597.0)	(19.0, 14962.0)	(20.0, 19924.0)	(21.0, 29452.0)	(22.0, 40632.0)	(23.0, 53905.0)	(24.0, 64215.0)	(25.0, 78373.0)	(26.0, 90001.0)	(27.0, 111358.0)	(28.0, 135789.0)	(29.0, 176616.0)	(30.0, 225586.0)	(31.0, 312059.0)	(32.0, 440871.0)	(33.0, 731783.0)	(34.0, 1450257.0)	(35.0, 4695913.0)	(36.0, 24891415.0)	(37.0, 3898105.0)							
SRR19077159_1	(13.0, 1.0)	(14.0, 3.0)	(15.0, 16.0)	(16.0, 37.0)	(17.0, 137.0)	(18.0, 361.0)	(19.0, 779.0)	(20.0, 1350.0)	(21.0, 2664.0)	(22.0, 4563.0)	(23.0, 8123.0)	(24.0, 14463.0)	(25.0, 25745.0)	(26.0, 42419.0)	(27.0, 66749.0)	(28.0, 98247.0)	(29.0, 145166.0)	(30.0, 196877.0)	(31.0, 270370.0)	(32.0, 353095.0)	(33.0, 514137.0)	(34.0, 839144.0)	(35.0, 2245461.0)	(36.0, 23627155.0)	(37.0, 8282430.0)									
SRR19077159_2	(11.0, 96.0)	(12.0, 2278.0)	(13.0, 10796.0)	(14.0, 18860.0)	(15.0, 19053.0)	(16.0, 17154.0)	(17.0, 16040.0)	(18.0, 15195.0)	(19.0, 17150.0)	(20.0, 21150.0)	(21.0, 29666.0)	(22.0, 39173.0)	(23.0, 52586.0)	(24.0, 64404.0)	(25.0, 79228.0)	(26.0, 90824.0)	(27.0, 107477.0)	(28.0, 127557.0)	(29.0, 163471.0)	(30.0, 209942.0)	(31.0, 295080.0)	(32.0, 428798.0)	(33.0, 733284.0)	(34.0, 1495887.0)	(35.0, 4893667.0)	(36.0, 24025876.0)	(37.0, 3764800.0)							
SRR19077160_1	(13.0, 1.0)	(14.0, 3.0)	(15.0, 13.0)	(16.0, 50.0)	(17.0, 168.0)	(18.0, 382.0)	(19.0, 781.0)	(20.0, 1441.0)	(21.0, 2833.0)	(22.0, 4944.0)	(23.0, 8931.0)	(24.0, 15896.0)	(25.0, 28082.0)	(26.0, 45368.0)	(27.0, 72264.0)	(28.0, 106377.0)	(29.0, 156926.0)	(30.0, 212925.0)	(31.0, 290056.0)	(32.0, 379095.0)	(33.0, 547463.0)	(34.0, 888413.0)	(35.0, 2353003.0)	(36.0, 23511282.0)	(37.0, 7810830.0)									
SRR19077160_2	(11.0, 83.0)	(12.0, 1949.0)	(13.0, 9955.0)	(14.0, 18175.0)	(15.0, 18914.0)	(16.0, 17360.0)	(17.0, 16332.0)	(18.0, 16004.0)	(19.0, 18443.0)	(20.0, 23359.0)	(21.0, 33056.0)	(22.0, 45120.0)	(23.0, 60071.0)	(24.0, 73745.0)	(25.0, 90591.0)	(26.0, 103149.0)	(27.0, 122610.0)	(28.0, 145668.0)	(29.0, 186219.0)	(30.0, 237008.0)	(31.0, 334691.0)	(32.0, 480308.0)	(33.0, 814702.0)	(34.0, 1626961.0)	(35.0, 5188142.0)	(36.0, 23306407.0)	(37.0, 3448505.0)							
SRR19077161_1	(13.0, 1.0)	(14.0, 4.0)	(15.0, 16.0)	(16.0, 32.0)	(17.0, 116.0)	(18.0, 252.0)	(19.0, 507.0)	(20.0, 987.0)	(21.0, 1934.0)	(22.0, 3378.0)	(23.0, 6528.0)	(24.0, 12024.0)	(25.0, 22097.0)	(26.0, 37541.0)	(27.0, 60275.0)	(28.0, 90523.0)	(29.0, 133709.0)	(30.0, 183577.0)	(31.0, 253473.0)	(32.0, 336091.0)	(33.0, 492725.0)	(34.0, 817706.0)	(35.0, 2250803.0)	(36.0, 23206447.0)	(37.0, 7357667.0)									
SRR19077161_2	(11.0, 78.0)	(12.0, 1479.0)	(13.0, 7122.0)	(14.0, 12988.0)	(15.0, 13838.0)	(16.0, 12741.0)	(17.0, 12064.0)	(18.0, 11674.0)	(19.0, 13636.0)	(20.0, 17570.0)	(21.0, 25459.0)	(22.0, 35203.0)	(23.0, 46903.0)	(24.0, 57500.0)	(25.0, 71057.0)	(26.0, 81599.0)	(27.0, 98855.0)	(28.0, 118443.0)	(29.0, 154463.0)	(30.0, 199041.0)	(31.0, 281196.0)	(32.0, 406556.0)	(33.0, 701167.0)	(34.0, 1450389.0)	(35.0, 4774338.0)	(36.0, 23190833.0)	(37.0, 3472221.0)							
SRR19077162_1	(14.0, 4.0)	(15.0, 10.0)	(16.0, 28.0)	(17.0, 102.0)	(18.0, 252.0)	(19.0, 569.0)	(20.0, 1060.0)	(21.0, 2079.0)	(22.0, 3736.0)	(23.0, 7180.0)	(24.0, 13221.0)	(25.0, 24415.0)	(26.0, 41220.0)	(27.0, 66632.0)	(28.0, 98897.0)	(29.0, 148195.0)	(30.0, 200837.0)	(31.0, 276046.0)	(32.0, 363549.0)	(33.0, 528819.0)	(34.0, 868682.0)	(35.0, 2375800.0)	(36.0, 23151643.0)	(37.0, 6943270.0)										
SRR19077162_2	(11.0, 72.0)	(12.0, 1312.0)	(13.0, 6772.0)	(14.0, 12708.0)	(15.0, 13952.0)	(16.0, 12970.0)	(17.0, 12480.0)	(18.0, 12635.0)	(19.0, 15069.0)	(20.0, 20155.0)	(21.0, 29343.0)	(22.0, 40849.0)	(23.0, 55300.0)	(24.0, 68633.0)	(25.0, 83031.0)	(26.0, 96337.0)	(27.0, 115620.0)	(28.0, 138663.0)	(29.0, 179260.0)	(30.0, 229831.0)	(31.0, 323983.0)	(32.0, 464838.0)	(33.0, 792800.0)	(34.0, 1604594.0)	(35.0, 5102671.0)	(36.0, 22519313.0)	(37.0, 3163055.0)							
SRR19077163_1	(13.0, 1.0)	(14.0, 5.0)	(15.0, 18.0)	(16.0, 59.0)	(17.0, 178.0)	(18.0, 408.0)	(19.0, 828.0)	(20.0, 1520.0)	(21.0, 2852.0)	(22.0, 4912.0)	(23.0, 8296.0)	(24.0, 13739.0)	(25.0, 23265.0)	(26.0, 36502.0)	(27.0, 58133.0)	(28.0, 86936.0)	(29.0, 131027.0)	(30.0, 182730.0)	(31.0, 255710.0)	(32.0, 339737.0)	(33.0, 496949.0)	(34.0, 822840.0)	(35.0, 2243373.0)	(36.0, 21247711.0)	(37.0, 6346343.0)									
SRR19077163_2	(11.0, 82.0)	(12.0, 1366.0)	(13.0, 6956.0)	(14.0, 12955.0)	(15.0, 14361.0)	(16.0, 13454.0)	(17.0, 12857.0)	(18.0, 12675.0)	(19.0, 14589.0)	(20.0, 18600.0)	(21.0, 26755.0)	(22.0, 37461.0)	(23.0, 53294.0)	(24.0, 68745.0)	(25.0, 86894.0)	(26.0, 101343.0)	(27.0, 119567.0)	(28.0, 136389.0)	(29.0, 168058.0)	(30.0, 209811.0)	(31.0, 287590.0)	(32.0, 406841.0)	(33.0, 683634.0)	(34.0, 1363321.0)	(35.0, 4303481.0)	(36.0, 20980136.0)	(37.0, 3162857.0)							
SRR19077164_1	(13.0, 2.0)	(14.0, 4.0)	(15.0, 15.0)	(16.0, 64.0)	(17.0, 185.0)	(18.0, 396.0)	(19.0, 847.0)	(20.0, 1640.0)	(21.0, 3096.0)	(22.0, 5344.0)	(23.0, 9164.0)	(24.0, 15293.0)	(25.0, 25651.0)	(26.0, 39266.0)	(27.0, 62928.0)	(28.0, 93828.0)	(29.0, 142814.0)	(30.0, 198321.0)	(31.0, 275380.0)	(32.0, 363239.0)	(33.0, 530607.0)	(34.0, 872565.0)	(35.0, 2352628.0)	(36.0, 21140969.0)	(37.0, 5984382.0)									
SRR19077164_2	(11.0, 38.0)	(12.0, 1159.0)	(13.0, 6475.0)	(14.0, 12671.0)	(15.0, 14177.0)	(16.0, 13729.0)	(17.0, 13481.0)	(18.0, 13563.0)	(19.0, 15963.0)	(20.0, 20599.0)	(21.0, 29677.0)	(22.0, 42353.0)	(23.0, 60133.0)	(24.0, 76436.0)	(25.0, 96994.0)	(26.0, 113009.0)	(27.0, 133006.0)	(28.0, 151831.0)	(29.0, 188678.0)	(30.0, 233602.0)	(31.0, 320560.0)	(32.0, 452832.0)	(33.0, 755074.0)	(34.0, 1486552.0)	(35.0, 4564950.0)	(36.0, 20394584.0)	(37.0, 2906502.0)							
SRR19077165_1	(14.0, 1.0)	(15.0, 5.0)	(16.0, 37.0)	(17.0, 80.0)	(18.0, 207.0)	(19.0, 428.0)	(20.0, 843.0)	(21.0, 1657.0)	(22.0, 2985.0)	(23.0, 5843.0)	(24.0, 11069.0)	(25.0, 21640.0)	(26.0, 37116.0)	(27.0, 62650.0)	(28.0, 95297.0)	(29.0, 143132.0)	(30.0, 195646.0)	(31.0, 270701.0)	(32.0, 357668.0)	(33.0, 523764.0)	(34.0, 873365.0)	(35.0, 2467216.0)	(36.0, 26251476.0)	(37.0, 8572476.0)										
SRR19077165_2	(11.0, 106.0)	(12.0, 2128.0)	(13.0, 10089.0)	(14.0, 18412.0)	(15.0, 19741.0)	(16.0, 18604.0)	(17.0, 17047.0)	(18.0, 16545.0)	(19.0, 18350.0)	(20.0, 22153.0)	(21.0, 30387.0)	(22.0, 40149.0)	(23.0, 52558.0)	(24.0, 62164.0)	(25.0, 75001.0)	(26.0, 85877.0)	(27.0, 103859.0)	(28.0, 125224.0)	(29.0, 162196.0)	(30.0, 208475.0)	(31.0, 292125.0)	(32.0, 419384.0)	(33.0, 718291.0)	(34.0, 1492193.0)	(35.0, 5101000.0)	(36.0, 26687025.0)	(37.0, 4096219.0)							
SRR19077166_1	(14.0, 1.0)	(15.0, 4.0)	(16.0, 26.0)	(17.0, 110.0)	(18.0, 232.0)	(19.0, 451.0)	(20.0, 889.0)	(21.0, 1700.0)	(22.0, 3318.0)	(23.0, 6432.0)	(24.0, 12495.0)	(25.0, 23848.0)	(26.0, 41146.0)	(27.0, 69163.0)	(28.0, 104812.0)	(29.0, 157857.0)	(30.0, 215966.0)	(31.0, 296305.0)	(32.0, 386823.0)	(33.0, 563812.0)	(34.0, 931198.0)	(35.0, 2611512.0)	(36.0, 26295991.0)	(37.0, 8131094.0)										
SRR19077166_2	(11.0, 89.0)	(12.0, 1787.0)	(13.0, 9357.0)	(14.0, 18010.0)	(15.0, 20022.0)	(16.0, 19038.0)	(17.0, 18036.0)	(18.0, 17551.0)	(19.0, 19709.0)	(20.0, 24569.0)	(21.0, 34380.0)	(22.0, 46303.0)	(23.0, 60608.0)	(24.0, 72401.0)	(25.0, 86571.0)	(26.0, 100335.0)	(27.0, 120689.0)	(28.0, 145639.0)	(29.0, 187946.0)	(30.0, 240074.0)	(31.0, 335225.0)	(32.0, 481076.0)	(33.0, 814228.0)	(34.0, 1667382.0)	(35.0, 5512557.0)	(36.0, 26062313.0)	(37.0, 3739290.0)							
SRR19077167_1	(12.0, 1.0)	(13.0, 1.0)	(14.0, 4.0)	(15.0, 15.0)	(16.0, 48.0)	(17.0, 138.0)	(18.0, 338.0)	(19.0, 711.0)	(20.0, 1143.0)	(21.0, 2233.0)	(22.0, 3777.0)	(23.0, 6580.0)	(24.0, 11518.0)	(25.0, 20671.0)	(26.0, 34572.0)	(27.0, 57126.0)	(28.0, 87207.0)	(29.0, 131857.0)	(30.0, 182674.0)	(31.0, 257620.0)	(32.0, 342613.0)	(33.0, 507205.0)	(34.0, 841204.0)	(35.0, 2304545.0)	(36.0, 23786121.0)	(37.0, 7592835.0)								
SRR19077167_2	(11.0, 97.0)	(12.0, 1946.0)	(13.0, 8829.0)	(14.0, 15379.0)	(15.0, 15152.0)	(16.0, 13386.0)	(17.0, 12357.0)	(18.0, 12228.0)	(19.0, 14202.0)	(20.0, 17932.0)	(21.0, 25373.0)	(22.0, 34669.0)	(23.0, 46508.0)	(24.0, 56712.0)	(25.0, 71121.0)	(26.0, 83578.0)	(27.0, 101881.0)	(28.0, 123889.0)	(29.0, 161119.0)	(30.0, 207962.0)	(31.0, 293470.0)	(32.0, 424261.0)	(33.0, 733325.0)	(34.0, 1535947.0)	(35.0, 5197885.0)	(36.0, 23798920.0)	(37.0, 3164629.0)							
SRR19077168_1	(13.0, 1.0)	(14.0, 7.0)	(15.0, 13.0)	(16.0, 46.0)	(17.0, 146.0)	(18.0, 374.0)	(19.0, 721.0)	(20.0, 1330.0)	(21.0, 2307.0)	(22.0, 4058.0)	(23.0, 7009.0)	(24.0, 12438.0)	(25.0, 22522.0)	(26.0, 37528.0)	(27.0, 62155.0)	(28.0, 94785.0)	(29.0, 143376.0)	(30.0, 199213.0)	(31.0, 277625.0)	(32.0, 366543.0)	(33.0, 539557.0)	(34.0, 890213.0)	(35.0, 2417235.0)	(36.0, 23677383.0)	(37.0, 7174630.0)									
SRR19077168_2	(11.0, 78.0)	(12.0, 1710.0)	(13.0, 8121.0)	(14.0, 14923.0)	(15.0, 15498.0)	(16.0, 13792.0)	(17.0, 13048.0)	(18.0, 13065.0)	(19.0, 15500.0)	(20.0, 20335.0)	(21.0, 28920.0)	(22.0, 39888.0)	(23.0, 53458.0)	(24.0, 66586.0)	(25.0, 82758.0)	(26.0, 96123.0)	(27.0, 117623.0)	(28.0, 142194.0)	(29.0, 184395.0)	(30.0, 237152.0)	(31.0, 333235.0)	(32.0, 477812.0)	(33.0, 822296.0)	(34.0, 1692244.0)	(35.0, 5533368.0)	(36.0, 23013042.0)	(37.0, 2894051.0)							
SRR19077169_1	(14.0, 1.0)	(15.0, 10.0)	(16.0, 21.0)	(17.0, 75.0)	(18.0, 202.0)	(19.0, 422.0)	(20.0, 768.0)	(21.0, 1682.0)	(22.0, 3113.0)	(23.0, 6032.0)	(24.0, 11117.0)	(25.0, 21205.0)	(26.0, 35458.0)	(27.0, 59302.0)	(28.0, 91029.0)	(29.0, 137103.0)	(30.0, 187783.0)	(31.0, 258671.0)	(32.0, 341825.0)	(33.0, 501774.0)	(34.0, 825071.0)	(35.0, 2257606.0)	(36.0, 24327319.0)	(37.0, 8078436.0)										
SRR19077169_2	(11.0, 90.0)	(12.0, 1918.0)	(13.0, 9429.0)	(14.0, 16232.0)	(15.0, 16673.0)	(16.0, 14782.0)	(17.0, 13838.0)	(18.0, 13465.0)	(19.0, 15909.0)	(20.0, 20172.0)	(21.0, 28837.0)	(22.0, 38358.0)	(23.0, 51123.0)	(24.0, 62266.0)	(25.0, 75865.0)	(26.0, 87628.0)	(27.0, 106455.0)	(28.0, 128003.0)	(29.0, 166982.0)	(30.0, 214391.0)	(31.0, 303440.0)	(32.0, 441811.0)	(33.0, 765278.0)	(34.0, 1584441.0)	(35.0, 5188222.0)	(36.0, 24258023.0)	(37.0, 3522394.0)							
SRR19077170_1	(14.0, 2.0)	(15.0, 16.0)	(16.0, 21.0)	(17.0, 67.0)	(18.0, 205.0)	(19.0, 434.0)	(20.0, 896.0)	(21.0, 1926.0)	(22.0, 3620.0)	(23.0, 6718.0)	(24.0, 12542.0)	(25.0, 23437.0)	(26.0, 39289.0)	(27.0, 65652.0)	(28.0, 99975.0)	(29.0, 150679.0)	(30.0, 206611.0)	(31.0, 282824.0)	(32.0, 370329.0)	(33.0, 538524.0)	(34.0, 880044.0)	(35.0, 2383964.0)	(36.0, 24316322.0)	(37.0, 7635772.0)										
SRR19077170_2	(11.0, 86.0)	(12.0, 1657.0)	(13.0, 8723.0)	(14.0, 15722.0)	(15.0, 16656.0)	(16.0, 15135.0)	(17.0, 14536.0)	(18.0, 14427.0)	(19.0, 17297.0)	(20.0, 23181.0)	(21.0, 33222.0)	(22.0, 44710.0)	(23.0, 60273.0)	(24.0, 73060.0)	(25.0, 89357.0)	(26.0, 103470.0)	(27.0, 124808.0)	(28.0, 150778.0)	(29.0, 194891.0)	(30.0, 249459.0)	(31.0, 350619.0)	(32.0, 503577.0)	(33.0, 864151.0)	(34.0, 1749293.0)	(35.0, 5534712.0)	(36.0, 23553495.0)	(37.0, 3212574.0)							
