Sample	0	1	2	3	4	5	6	7	8	9	10	11	12	13	14	15
SRR19077097_1	(1.0, 26.708035406605003)	(2.0, 4.408571657432528)	(3.0, 1.3299208658923092)	(4.0, 0.6760945752162395)	(5.0, 0.46857119374068246)	(6.0, 0.3497801205445041)	(7.0, 0.303635288959452)	(8.0, 0.24453605988622604)	(9.0, 0.2072086931393608)	('>10', 3.151361374183427)	('>50', 1.5024370160398217)	('>100', 6.853110616170363)	('>500', 7.089498240759904)	('>1k', 25.36916254044262)	('>5k', 8.128731931799255)	('>10k+', 13.209344419188282)
SRR19077097_2	(1.0, 26.231338255492386)	(2.0, 4.360831398835063)	(3.0, 1.3771891648224186)	(4.0, 0.7150350002620678)	(5.0, 0.511787567651324)	(6.0, 0.39735050456417625)	(7.0, 0.33913323370750403)	(8.0, 0.28766697398745134)	(9.0, 0.24577750763434153)	('>10', 3.7301170048109364)	('>50', 1.7786056888019302)	('>100', 7.332588870007043)	('>500', 6.069617788629532)	('>1k', 18.104411951501355)	('>5k', 8.829734938409993)	('>10k+', 19.688814150882546)
SRR19077098_1	(1.0, 27.59004179843308)	(2.0, 4.400779009553903)	(3.0, 1.3229165244808179)	(4.0, 0.7133239252630543)	(5.0, 0.461660536430785)	(6.0, 0.3990798933688567)	(7.0, 0.29815579581892754)	(8.0, 0.24440424001291283)	(9.0, 0.1921920402768444)	('>10', 3.0786588128276384)	('>50', 1.5292584312949224)	('>100', 6.8836405603417665)	('>500', 7.028930536582463)	('>1k', 25.081957572662134)	('>5k', 7.8907157756493564)	('>10k+', 12.884284547002556)
SRR19077098_2	(1.0, 27.047651173536337)	(2.0, 4.378810576159128)	(3.0, 1.3833673028931661)	(4.0, 0.6975559973731799)	(5.0, 0.5339236079511295)	(6.0, 0.40697380339056544)	(7.0, 0.3520773641598562)	(8.0, 0.2842221588037821)	(9.0, 0.248717626844258)	('>10', 3.718205112870917)	('>50', 1.7130809444128414)	('>100', 7.241832999410773)	('>500', 6.064979434690691)	('>1k', 17.828505266058826)	('>5k', 8.854930709369983)	('>10k+', 19.245165922074555)
SRR19077099_1	(1.0, 21.34709509863031)	(2.0, 2.514203412833707)	(3.0, 0.9289722917747959)	(4.0, 0.5401846072216584)	(5.0, 0.41436619280604814)	(6.0, 0.29665681725163046)	(7.0, 0.2553806801226686)	(8.0, 0.2135083990750059)	(9.0, 0.18655417986326134)	('>10', 4.0585954948316445)	('>50', 2.9850812607180246)	('>100', 14.182930651832567)	('>500', 10.623470994680781)	('>1k', 25.24246955723039)	('>5k', 6.429108508751804)	('>10k+', 9.781421852375734)
SRR19077099_2	(1.0, 21.352588561805735)	(2.0, 2.6044468142157315)	(3.0, 0.9668418891274804)	(4.0, 0.634202194203999)	(5.0, 0.47260276805163604)	(6.0, 0.35550164329103234)	(7.0, 0.32007079280432915)	(8.0, 0.30111794333393177)	(9.0, 0.27161646367526515)	('>10', 4.877449512050538)	('>50', 3.1301016426929813)	('>100', 13.139560663188266)	('>500', 8.267430911392902)	('>1k', 20.204961138040602)	('>5k', 9.592390119186364)	('>10k+', 13.509116942939169)
SRR19077100_1	(1.0, 21.723123603466895)	(2.0, 2.5459866681996175)	(3.0, 0.921704680843495)	(4.0, 0.5620387454570934)	(5.0, 0.4136785833721495)	(6.0, 0.3133325448737772)	(7.0, 0.25029559913408744)	(8.0, 0.22230352464726624)	(9.0, 0.17670679861591296)	('>10', 4.045697390846579)	('>50', 3.0841351169564684)	('>100', 14.046521161424238)	('>500', 10.734078794735511)	('>1k', 24.794925514593935)	('>5k', 6.389919307600139)	('>10k+', 9.775551965232832)
SRR19077100_2	(1.0, 21.759565527023533)	(2.0, 2.5641214370173047)	(3.0, 0.9992105578381563)	(4.0, 0.6225066827076763)	(5.0, 0.4928611833715792)	(6.0, 0.3883360305792762)	(7.0, 0.3089715841941956)	(8.0, 0.2856137731047752)	(9.0, 0.2636364412309444)	('>10', 4.8478731336550895)	('>50', 3.1509013754623822)	('>100', 13.163510488786015)	('>500', 8.148821326659196)	('>1k', 20.156549350130433)	('>5k', 9.473797648702359)	('>10k+', 13.373723459537032)
SRR19077101_1	(1.0, 52.82887777793852)	(2.0, 10.004081660954768)	(3.0, 2.810925183518463)	(4.0, 1.1907633183780364)	(5.0, 0.7309047625765271)	(6.0, 0.5009553030257624)	(7.0, 0.3616481891319765)	(8.0, 0.29092397211842774)	(9.0, 0.2479543133991927)	('>10', 4.3282211901846575)	('>50', 2.9161827352271454)	('>100', 10.883386025894042)	('>500', 4.575276895134489)	('>1k', 5.286581339729011)	('>5k', 1.11609651016017)	('>10k+', 1.927220822628884)
SRR19077101_2	(1.0, 50.733570575308754)	(2.0, 9.88711121138655)	(3.0, 3.0197733094566)	(4.0, 1.4504128133942384)	(5.0, 0.9019018361724412)	(6.0, 0.6685163960950649)	(7.0, 0.5127862518367031)	(8.0, 0.45784515308362517)	(9.0, 0.39500946555628863)	('>10', 5.36855459402696)	('>50', 2.549032923819899)	('>100', 8.333996152364335)	('>500', 3.956433868653702)	('>1k', 7.365557480765103)	('>5k', 1.469335548462372)	('>10k+', 2.9301624196173144)
SRR19077102_1	(1.0, 53.70350781193447)	(2.0, 9.824802150277511)	(3.0, 2.738300338316988)	(4.0, 1.1931386574392635)	(5.0, 0.7190336918621675)	(6.0, 0.48725301663388915)	(7.0, 0.3414935301976035)	(8.0, 0.2737241338692658)	(9.0, 0.24474727111041028)	('>10', 4.181070519763164)	('>50', 2.8640720204594934)	('>100', 10.803162185856745)	('>500', 4.497013262370742)	('>1k', 5.186331398470347)	('>5k', 1.0336305829356063)	('>10k+', 1.9087194285022515)
SRR19077102_2	(1.0, 51.72581025311362)	(2.0, 9.842774199187154)	(3.0, 2.7873326359375823)	(4.0, 1.460007563965662)	(5.0, 0.9050428104920927)	(6.0, 0.6616723521338919)	(7.0, 0.4954030017927446)	(8.0, 0.41960200162813294)	(9.0, 0.3546605006172824)	('>10', 5.237058092834752)	('>50', 2.431837475032197)	('>100', 8.197122934370194)	('>500', 3.8291625814840504)	('>1k', 7.339616792889869)	('>5k', 1.421640343093387)	('>10k+', 2.891256461427401)
SRR19077103_1	(1.0, 16.849145786563067)	(2.0, 3.4301429845764777)	(3.0, 1.2395868162331283)	(4.0, 0.7057490213156674)	(5.0, 0.5057743031628746)	(6.0, 0.4053354962999609)	(7.0, 0.32594566074310777)	(8.0, 0.2625657637928394)	(9.0, 0.23377725367183097)	('>10', 3.2544847999936053)	('>50', 1.5975162977164767)	('>100', 5.650758412080469)	('>500', 5.133589511405987)	('>1k', 26.330313153746467)	('>5k', 11.078779851102547)	('>10k+', 22.996534887595487)
SRR19077103_2	(1.0, 16.77453655040668)	(2.0, 3.298169338740041)	(3.0, 1.220985161543252)	(4.0, 0.7281154503806426)	(5.0, 0.4913120355901487)	(6.0, 0.38258604893432935)	(7.0, 0.3575490921308364)	(8.0, 0.30135237940647475)	(9.0, 0.24437540864339366)	('>10', 3.9860362102297877)	('>50', 1.8044313964701715)	('>100', 6.583363332689453)	('>500', 4.9518412689088365)	('>1k', 19.20993885177561)	('>5k', 8.864378227807189)	('>10k+', 30.801029246343187)
SRR19077104_1	(1.0, 17.453208115692526)	(2.0, 3.4837854840919196)	(3.0, 1.2245650274434754)	(4.0, 0.7162820980688586)	(5.0, 0.5088828953687605)	(6.0, 0.3925916554737432)	(7.0, 0.32528271403028)	(8.0, 0.2805208291061999)	(9.0, 0.22946955520637677)	('>10', 3.2788763189560832)	('>50', 1.5471732051560882)	('>100', 5.697893388975941)	('>500', 5.135459766148893)	('>1k', 26.066616578517017)	('>5k', 11.017651527085892)	('>10k+', 22.64174084067788)
SRR19077104_2	(1.0, 17.49699829218291)	(2.0, 3.2975552488390583)	(3.0, 1.238091020435999)	(4.0, 0.7143266954637333)	(5.0, 0.5329139113479211)	(6.0, 0.42702261342811265)	(7.0, 0.3395712304346658)	(8.0, 0.2784050842765761)	(9.0, 0.23006525938610572)	('>10', 3.9335107920632795)	('>50', 1.815956843330618)	('>100', 6.519466144866285)	('>500', 4.964273738486226)	('>1k', 19.178868442221265)	('>5k', 8.83707210296886)	('>10k+', 30.195902580268413)
SRR19077105_1	(1.0, 7.635382945366355)	(2.0, 2.3441181457647287)	(3.0, 0.9993159736891485)	(4.0, 0.5645531703397967)	(5.0, 0.42141634336879924)	(6.0, 0.3532707994621597)	(7.0, 0.30725387133406)	(8.0, 0.26951702928541765)	(9.0, 0.26539696770912075)	('>10', 3.9944899411222567)	('>50', 1.881643295389189)	('>100', 6.3393689949875345)	('>500', 5.344565919356089)	('>1k', 21.413108751715676)	('>5k', 12.25674595466258)	('>10k+', 35.609851896447076)
SRR19077105_2	(1.0, 8.610266742835755)	(2.0, 2.4065196672135127)	(3.0, 1.0205158826890732)	(4.0, 0.5745013509928499)	(5.0, 0.43206290125009833)	(6.0, 0.3558016205852631)	(7.0, 0.31444137917723974)	(8.0, 0.2759545653705677)	(9.0, 0.235920852870121)	('>10', 4.408793047104591)	('>50', 2.235391842327961)	('>100', 7.397641051821724)	('>500', 4.583028748794445)	('>1k', 17.81531369388542)	('>5k', 11.487198015402786)	('>10k+', 37.846648637678584)
SRR19077106_1	(1.0, 7.913190335367033)	(2.0, 2.3836746468286303)	(3.0, 0.9708184733655647)	(4.0, 0.5858689068760937)	(5.0, 0.44969622351575206)	(6.0, 0.35166065272389957)	(7.0, 0.3180548528914016)	(8.0, 0.2768019017607947)	(9.0, 0.2540767623003899)	('>10', 4.051709202142041)	('>50', 1.9110904992140483)	('>100', 6.37042802092769)	('>500', 5.42414187013565)	('>1k', 21.267117237519376)	('>5k', 12.080414264528176)	('>10k+', 35.39125614990343)
SRR19077106_2	(1.0, 8.851874069564635)	(2.0, 2.433138312087978)	(3.0, 0.9674725832980109)	(4.0, 0.5529001297739508)	(5.0, 0.42224812455017646)	(6.0, 0.35680793644628067)	(7.0, 0.325001397185447)	(8.0, 0.265266571527535)	(9.0, 0.2584755421675951)	('>10', 4.451245883656441)	('>50', 2.2592367695122406)	('>100', 7.442774348289653)	('>500', 4.595812187921901)	('>1k', 17.720003113074746)	('>5k', 11.664920081291745)	('>10k+', 37.43282294965166)
SRR19077107_1	(1.0, 25.5723850352016)	(2.0, 11.563631906332397)	(3.0, 4.44134787320243)	(4.0, 1.6038636824093697)	(5.0, 0.767188765263163)	(6.0, 0.4255571001811407)	(7.0, 0.3087170055712726)	(8.0, 0.2823424077497536)	(9.0, 0.20840732298440073)	('>10', 3.2183491610778194)	('>50', 1.757232991875576)	('>100', 8.549170951388708)	('>500', 9.690452636559872)	('>1k', 23.434867977900243)	('>5k', 3.630124540527325)	('>10k+', 4.546360641774996)
SRR19077107_2	(1.0, 25.14695374446243)	(2.0, 11.140316925915911)	(3.0, 4.271632000773487)	(4.0, 1.669940738884067)	(5.0, 0.7765777162855689)	(6.0, 0.5045811723862166)	(7.0, 0.3443795603709325)	(8.0, 0.2866048507535977)	(9.0, 0.27565228340175174)	('>10', 4.076747857853741)	('>50', 2.0646715622398473)	('>100', 9.43020585378482)	('>500', 6.637343100038096)	('>1k', 16.230616879010494)	('>5k', 6.270247252427762)	('>10k+', 10.873528501411332)
SRR19077108_1	(1.0, 26.366423442101034)	(2.0, 11.59337908473869)	(3.0, 4.386245148631366)	(4.0, 1.5939387942203034)	(5.0, 0.7291876647360713)	(6.0, 0.43676607036787096)	(7.0, 0.3223265636983484)	(8.0, 0.2639924636200879)	(9.0, 0.20656897040542058)	('>10', 3.1938538494782747)	('>50', 1.77516046196255)	('>100', 8.501912649979754)	('>500', 9.678803784838395)	('>1k', 22.889091237257773)	('>5k', 3.5602248183802634)	('>10k+', 4.502124995583802)
SRR19077108_2	(1.0, 25.911512783129588)	(2.0, 11.197869587690725)	(3.0, 4.289434703712434)	(4.0, 1.6058453339657985)	(5.0, 0.7752130160960179)	(6.0, 0.46914924027271704)	(7.0, 0.3491894384297283)	(8.0, 0.2895615451894793)	(9.0, 0.2671119074219863)	('>10', 4.0392650695137915)	('>50', 1.9623383692973495)	('>100', 9.367555491673496)	('>500', 6.54485571641071)	('>1k', 16.257702815865528)	('>5k', 5.991872993373514)	('>10k+', 10.681521987957112)
SRR19077109_1	(1.0, 20.878738921976574)	(2.0, 3.0127803554053463)	(3.0, 0.9085876695721892)	(4.0, 0.5015000954959011)	(5.0, 0.3992988391749712)	(6.0, 0.2956841598526963)	(7.0, 0.2605512906172427)	(8.0, 0.21979367998937385)	(9.0, 0.18702171930470357)	('>10', 3.162895985931203)	('>50', 1.5170463893258046)	('>100', 7.213215263618762)	('>500', 7.581259217582679)	('>1k', 27.51818449721958)	('>5k', 9.5023016591889)	('>10k+', 16.841140255744037)
SRR19077109_2	(1.0, 20.717669234371407)	(2.0, 3.076502648954289)	(3.0, 0.9561971750923848)	(4.0, 0.5528957816071745)	(5.0, 0.4263494299057981)	(6.0, 0.3369962073901144)	(7.0, 0.28347588469551654)	(8.0, 0.2679291714161365)	(9.0, 0.23071417494490873)	('>10', 3.6598708932443706)	('>50', 1.7651407872105336)	('>100', 8.307322223819193)	('>500', 6.393338591594697)	('>1k', 19.520379264363296)	('>5k', 9.872528285747022)	('>10k+', 23.632690245643182)
SRR19077110_1	(1.0, 21.695475202659892)	(2.0, 2.988679802337807)	(3.0, 0.9348489040484154)	(4.0, 0.5509423003564724)	(5.0, 0.39190589735203596)	(6.0, 0.3111237420482938)	(7.0, 0.2579093181146269)	(8.0, 0.22985383261281667)	(9.0, 0.1914408542544277)	('>10', 3.157930218636883)	('>50', 1.5033927292980442)	('>100', 7.152521345653434)	('>500', 7.620139806305636)	('>1k', 27.330336663550188)	('>5k', 9.092460291356966)	('>10k+', 16.59103909141407)
SRR19077110_2	(1.0, 21.565379627120876)	(2.0, 3.0492963297211504)	(3.0, 0.960288949769854)	(4.0, 0.5619188739055425)	(5.0, 0.41311620715374153)	(6.0, 0.36551373758325545)	(7.0, 0.27334825306976546)	(8.0, 0.2671021948301007)	(9.0, 0.20071498531145643)	('>10', 3.62743948615325)	('>50', 1.7959845481920453)	('>100', 8.207428253864348)	('>500', 6.417907225306978)	('>1k', 19.160927739793234)	('>5k', 9.865895210607015)	('>10k+', 23.267738377617327)
SRR19077111_1	(1.0, 10.513710397507458)	(2.0, 1.8155436802216114)	(3.0, 0.6890593704475798)	(4.0, 0.4213986265824546)	(5.0, 0.35493409489052025)	(6.0, 0.3166572062150353)	(7.0, 0.2635936365936381)	(8.0, 0.23502620026744936)	(9.0, 0.21752810841044382)	('>10', 3.223347024999596)	('>50', 1.4482687608753986)	('>100', 5.72975302198452)	('>500', 4.37506913975588)	('>1k', 20.020714700376168)	('>5k', 11.175404033632518)	('>10k+', 39.19999199723973)
SRR19077111_2	(1.0, 10.863433245695093)	(2.0, 1.8374557216997374)	(3.0, 0.6729650244809251)	(4.0, 0.44061170354000617)	(5.0, 0.337279495911036)	(6.0, 0.2804307742152712)	(7.0, 0.2462514463579757)	(8.0, 0.20794209821619747)	(9.0, 0.20247206219142153)	('>10', 3.5296027656510987)	('>50', 1.8889063161789545)	('>100', 6.2325770720475155)	('>500', 4.5834662822656815)	('>1k', 16.652122962607077)	('>5k', 8.269233905155579)	('>10k+', 43.75524912378641)
SRR19077112_1	(1.0, 11.007445708785255)	(2.0, 1.7896262849264089)	(3.0, 0.6903105787676204)	(4.0, 0.4560711734828425)	(5.0, 0.3640306384617631)	(6.0, 0.28475822458072164)	(7.0, 0.2598105243738798)	(8.0, 0.2357895107968082)	(9.0, 0.2129795423533308)	('>10', 3.261443243179513)	('>50', 1.5030545736931733)	('>100', 5.771345251681245)	('>500', 4.306339970270794)	('>1k', 19.92637657630975)	('>5k', 11.271626664766417)	('>10k+', 38.658991533570465)
SRR19077112_2	(1.0, 11.377759725728012)	(2.0, 1.7802255805731915)	(3.0, 0.6781684176134167)	(4.0, 0.44490276634537396)	(5.0, 0.34442358021479286)	(6.0, 0.28693353492941137)	(7.0, 0.23349775469245718)	(8.0, 0.2320511511845335)	(9.0, 0.19786638192988396)	('>10', 3.55743244984177)	('>50', 1.9056577704301156)	('>100', 6.286345861758756)	('>500', 4.563847095913813)	('>1k', 16.648707453513982)	('>5k', 8.303952980029315)	('>10k+', 43.15822749530117)
SRR19077113_1	(1.0, 38.59340589204367)	(2.0, 5.638334889673026)	(3.0, 1.4286292297913699)	(4.0, 0.657014864926925)	(5.0, 0.453849791853049)	(6.0, 0.31233640415026587)	(7.0, 0.2670604433111907)	(8.0, 0.2432192437026687)	(9.0, 0.20281081391590625)	('>10', 3.5190390988029883)	('>50', 2.2196897011708887)	('>100', 11.037314024704594)	('>500', 7.864151618871769)	('>1k', 17.75948419019258)	('>5k', 3.7640108911283137)	('>10k+', 6.039648901760812)
SRR19077113_2	(1.0, 36.92883664987323)	(2.0, 5.863235058677003)	(3.0, 1.6673391986555015)	(4.0, 0.8936954622408035)	(5.0, 0.5709005915811397)	(6.0, 0.4708705409788456)	(7.0, 0.3658483487154663)	(8.0, 0.3272823280121805)	(9.0, 0.2736799742547967)	('>10', 4.27355739652516)	('>50', 2.4584477103631373)	('>100', 9.332241393574968)	('>500', 5.307303838192954)	('>1k', 14.008211022614747)	('>5k', 5.225900383526711)	('>10k+', 12.032650102213397)
SRR19077114_1	(1.0, 39.0610112955964)	(2.0, 5.67146186864602)	(3.0, 1.3946120624050442)	(4.0, 0.658851644114634)	(5.0, 0.43630207812121446)	(6.0, 0.3549566090709432)	(7.0, 0.2719429285429607)	(8.0, 0.2389598868790126)	(9.0, 0.18368296206644122)	('>10', 3.625189868100483)	('>50', 2.2171483948602426)	('>100', 11.00860581623649)	('>500', 7.711598926704087)	('>1k', 17.53047534393414)	('>5k', 3.6395112332043746)	('>10k+', 5.995689081517534)
SRR19077114_2	(1.0, 37.49106976724892)	(2.0, 5.925036160511854)	(3.0, 1.6060068550124293)	(4.0, 0.8343947745045457)	(5.0, 0.5503459000988384)	(6.0, 0.4775116869925006)	(7.0, 0.36740988536042635)	(8.0, 0.3041800505258434)	(9.0, 0.30240406788363944)	('>10', 4.277102712634614)	('>50', 2.4741842158912006)	('>100', 9.271725304351184)	('>500', 5.224587091415945)	('>1k', 14.018340994847517)	('>5k', 5.066956982370939)	('>10k+', 11.80874355034959)
SRR19077115_1	(1.0, 46.47784191920862)	(2.0, 8.958435158625736)	(3.0, 2.381083815940439)	(4.0, 1.0447218592291858)	(5.0, 0.6301194412407601)	(6.0, 0.47999416551012686)	(7.0, 0.3947694733612248)	(8.0, 0.2758347042365215)	(9.0, 0.2520936636856502)	('>10', 3.9003394065093864)	('>50', 2.1304118459657766)	('>100', 8.038810639340833)	('>500', 6.000054285687809)	('>1k', 12.556992402823417)	('>5k', 2.8785886042961475)	('>10k+', 3.599908614338243)
SRR19077115_2	(1.0, 45.19567748190029)	(2.0, 8.740738586244122)	(3.0, 2.6309772436550647)	(4.0, 1.2646486545011355)	(5.0, 0.8191706753157139)	(6.0, 0.6085215796103194)	(7.0, 0.4698932673916441)	(8.0, 0.38898981017399376)	(9.0, 0.3051425126607628)	('>10', 4.738460194086834)	('>50', 2.029774825836692)	('>100', 7.556619668613583)	('>500', 5.339081658662208)	('>1k', 11.005676075560222)	('>5k', 3.0696555599583717)	('>10k+', 5.836972205829022)
SRR19077116_1	(1.0, 47.26018726424568)	(2.0, 8.728599637132172)	(3.0, 2.3815331799606336)	(4.0, 1.054828125967611)	(5.0, 0.6245804711324823)	(6.0, 0.5099500821597627)	(7.0, 0.36275485233798643)	(8.0, 0.2870960255514446)	(9.0, 0.262507955172682)	('>10', 3.8558695983151487)	('>50', 2.0669475426839017)	('>100', 7.927499791253187)	('>500', 5.9305628581362315)	('>1k', 12.353305060053893)	('>5k', 2.821865807574018)	('>10k+', 3.5719117483230716)
SRR19077116_2	(1.0, 45.941419234905965)	(2.0, 8.581009867429582)	(3.0, 2.546001060738661)	(4.0, 1.2209564665240324)	(5.0, 0.8013144198226354)	(6.0, 0.6200350541760261)	(7.0, 0.4669552669809311)	(8.0, 0.40687043340520734)	(9.0, 0.3160900737533478)	('>10', 4.483171438639682)	('>50', 2.093037288138053)	('>100', 7.566773115907945)	('>500', 5.367779553741279)	('>1k', 10.769497642567421)	('>5k', 3.0403298414353177)	('>10k+', 5.778759241833913)
SRR19077117_1	(1.0, 34.66909719357652)	(2.0, 5.44015189415421)	(3.0, 1.5844349174319625)	(4.0, 0.7805586257119299)	(5.0, 0.4872302544209961)	(6.0, 0.36513285816627544)	(7.0, 0.2837905168213805)	(8.0, 0.24575802038524436)	(9.0, 0.21165108582219475)	('>10', 3.426298778583531)	('>50', 2.0317373855171437)	('>100', 11.2374617768908)	('>500', 8.504786569227702)	('>1k', 19.917110451674425)	('>5k', 4.666516259339707)	('>10k+', 6.148283412275969)
SRR19077117_2	(1.0, 34.017041517988304)	(2.0, 5.314992985918167)	(3.0, 1.694833980589037)	(4.0, 0.845070129997706)	(5.0, 0.5777273676356419)	(6.0, 0.47269520736201337)	(7.0, 0.38878147344896763)	(8.0, 0.34870004711727126)	(9.0, 0.30074811157030445)	('>10', 4.1577186888611966)	('>50', 2.2923793014464615)	('>100', 9.84012457835043)	('>500', 6.527306658146744)	('>1k', 16.648885586069404)	('>5k', 6.120014500743174)	('>10k+', 10.452979864755143)
SRR19077118_1	(1.0, 35.71156794482465)	(2.0, 5.23706339947887)	(3.0, 1.5043849861827174)	(4.0, 0.7388823328459985)	(5.0, 0.4778614199277171)	(6.0, 0.35743974879693713)	(7.0, 0.27554387098337396)	(8.0, 0.25776795270440633)	(9.0, 0.20005550654737203)	('>10', 3.4154520901770713)	('>50', 2.0015543478256457)	('>100', 11.132845853031503)	('>500', 8.56240110487642)	('>1k', 19.527060535303853)	('>5k', 4.660784003724603)	('>10k+', 5.939334902768918)
SRR19077118_2	(1.0, 34.89219006771568)	(2.0, 5.303999010626728)	(3.0, 1.5324063231513425)	(4.0, 0.8698566885273212)	(5.0, 0.5953677173402198)	(6.0, 0.4529832766665664)	(7.0, 0.38794908484556295)	(8.0, 0.34393192552886387)	(9.0, 0.28510711480509254)	('>10', 4.050565100426954)	('>50', 2.3181254307020773)	('>100', 9.795491401075465)	('>500', 6.545650791747598)	('>1k', 16.27149771571367)	('>5k', 6.092302450664828)	('>10k+', 10.262575900462037)
SRR19077119_1	(1.0, 27.02342814256792)	(2.0, 3.769461408824537)	(3.0, 1.1677777819048631)	(4.0, 0.6886400798430365)	(5.0, 0.4992993714530686)	(6.0, 0.38252511954161994)	(7.0, 0.30751126217552044)	(8.0, 0.2461636584787292)	(9.0, 0.2101663532956788)	('>10', 3.0099193189698976)	('>50', 1.421812676633735)	('>100', 7.621407561341595)	('>500', 6.687240521445926)	('>1k', 25.653878698063014)	('>5k', 7.486866694022207)	('>10k+', 13.823901351438728)
SRR19077119_2	(1.0, 26.338391893009096)	(2.0, 3.772530144888936)	(3.0, 1.2888722806500812)	(4.0, 0.7668499728609867)	(5.0, 0.5117303839072835)	(6.0, 0.4307625018759178)	(7.0, 0.36598800433841067)	(8.0, 0.29914270033550794)	(9.0, 0.2635795393426575)	('>10', 3.7874644377922912)	('>50', 1.9386061381809296)	('>100', 7.560115524057139)	('>500', 6.0068325951743935)	('>1k', 17.333238860177676)	('>5k', 9.520955233917903)	('>10k+', 19.814939789490733)
SRR19077120_1	(1.0, 27.75717251317122)	(2.0, 3.712426633231874)	(3.0, 1.2154155132096172)	(4.0, 0.6611609186134418)	(5.0, 0.48326109509919574)	(6.0, 0.3748346216034847)	(7.0, 0.2935120801244734)	(8.0, 0.2474990858460314)	(9.0, 0.24041305453427506)	('>10', 3.028662276981895)	('>50', 1.4519423149902917)	('>100', 7.571240641623668)	('>500', 6.789524940118817)	('>1k', 25.4531221270267)	('>5k', 7.069099004106566)	('>10k+', 13.650713179718347)
SRR19077120_2	(1.0, 26.94357493569795)	(2.0, 3.766252442531343)	(3.0, 1.2645412752979501)	(4.0, 0.7468980194184962)	(5.0, 0.5560125230240462)	(6.0, 0.44154832820350876)	(7.0, 0.34427335080673716)	(8.0, 0.300912258236091)	(9.0, 0.2487294537659257)	('>10', 3.781148213238097)	('>50', 2.0045683958493554)	('>100', 7.554511942832242)	('>500', 5.965319565091431)	('>1k', 17.28213863540148)	('>5k', 9.355975630524899)	('>10k+', 19.443595030080463)
SRR19077121_1	(1.0, 34.4078296753153)	(2.0, 4.6693827552909895)	(3.0, 1.180375120044615)	(4.0, 0.5908628639750444)	(5.0, 0.4074162053088276)	(6.0, 0.31790535421990396)	(7.0, 0.27313736809010025)	(8.0, 0.21657356657761892)	(9.0, 0.1958569725640948)	('>10', 3.135177574500689)	('>50', 1.7991034859491262)	('>100', 10.128129023080778)	('>500', 8.360311435922485)	('>1k', 21.59875835985372)	('>5k', 5.857731522436223)	('>10k+', 6.861448716870496)
SRR19077121_2	(1.0, 33.702776940274795)	(2.0, 4.658414511392302)	(3.0, 1.3813128950835418)	(4.0, 0.6902539561822547)	(5.0, 0.4993074754993497)	(6.0, 0.40111486472930324)	(7.0, 0.353563819350947)	(8.0, 0.2856215586499303)	(9.0, 0.24818847612925302)	('>10', 3.7211102465308494)	('>50', 2.1575769154219397)	('>100', 9.533986512654078)	('>500', 6.623512217714948)	('>1k', 17.04349555989633)	('>5k', 7.031449109790112)	('>10k+', 11.668314940700098)
SRR19077122_1	(1.0, 35.3407262985709)	(2.0, 4.440144673736806)	(3.0, 1.195211546056439)	(4.0, 0.5992811349536745)	(5.0, 0.4069082110181329)	(6.0, 0.3297776135592412)	(7.0, 0.2551759228163835)	(8.0, 0.23084720224924213)	(9.0, 0.20181777937295164)	('>10', 3.026242926085711)	('>50', 1.868454053961539)	('>100', 10.066493068814541)	('>500', 8.50638533187705)	('>1k', 21.02169775434777)	('>5k', 5.711376207208599)	('>10k+', 6.799460275371033)
SRR19077122_2	(1.0, 34.527519188547664)	(2.0, 4.581863609470501)	(3.0, 1.2451351150056233)	(4.0, 0.7461290907276531)	(5.0, 0.5311657546634022)	(6.0, 0.4142235275160922)	(7.0, 0.3211402356911188)	(8.0, 0.2723949061085707)	(9.0, 0.24459350354664045)	('>10', 3.766292825506744)	('>50', 2.1514852944130984)	('>100', 9.590345697946296)	('>500', 6.477525192774489)	('>1k', 17.03981602645722)	('>5k', 6.640156478043489)	('>10k+', 11.450213553581417)
SRR19077123_1	(1.0, 17.342832257586956)	(2.0, 4.094287372609939)	(3.0, 1.4424877944050325)	(4.0, 0.7922913175720987)	(5.0, 0.5693364537621285)	(6.0, 0.437885069769432)	(7.0, 0.34422204677811713)	(8.0, 0.29492894334247177)	(9.0, 0.25519362127497797)	('>10', 3.2517258643509432)	('>50', 1.5135083228795927)	('>100', 6.91498758302934)	('>500', 6.910575677726939)	('>1k', 29.722125129088788)	('>5k', 10.79662539758977)	('>10k+', 15.316987148233455)
SRR19077123_2	(1.0, 16.941020954936644)	(2.0, 3.885710606432845)	(3.0, 1.4564186611488967)	(4.0, 0.8025969763803181)	(5.0, 0.5599966267539016)	(6.0, 0.41695059161787185)	(7.0, 0.3621834165696921)	(8.0, 0.32690132287257845)	(9.0, 0.2655798077392082)	('>10', 4.2329370156898705)	('>50', 2.0256927627537746)	('>100', 7.926288700576024)	('>500', 6.038603850424139)	('>1k', 19.430844798952464)	('>5k', 10.762438999223864)	('>10k+', 24.56583490792789)
SRR19077124_1	(1.0, 17.851803876070143)	(2.0, 4.157163685279684)	(3.0, 1.473796950127153)	(4.0, 0.796504293291922)	(5.0, 0.5770321895749017)	(6.0, 0.4331499454129585)	(7.0, 0.35114525197495616)	(8.0, 0.31395542790000974)	(9.0, 0.24540706324765516)	('>10', 3.2227684441977633)	('>50', 1.4829816855953935)	('>100', 6.910501114690723)	('>500', 6.856252264793743)	('>1k', 29.741952237371706)	('>5k', 10.441721563303915)	('>10k+', 15.14386400716743)
SRR19077124_2	(1.0, 17.330080864202206)	(2.0, 3.94567668083904)	(3.0, 1.427124246291722)	(4.0, 0.790482849832359)	(5.0, 0.5644126503618371)	(6.0, 0.4539241306328513)	(7.0, 0.3754209717148971)	(8.0, 0.31417849130678727)	(9.0, 0.27706081319241926)	('>10', 4.230760691691001)	('>50', 2.07828446546869)	('>100', 7.915859558200398)	('>500', 6.006357137866939)	('>1k', 19.399585218174416)	('>5k', 10.8596555345092)	('>10k+', 24.03113569571527)
SRR19077125_1	(1.0, 32.24582855596227)	(2.0, 4.0874086690044695)	(3.0, 1.1336702108217438)	(4.0, 0.5498779358909918)	(5.0, 0.3819003911293175)	(6.0, 0.2919942449077413)	(7.0, 0.2633054651782034)	(8.0, 0.22729967547547705)	(9.0, 0.18531330408759986)	('>10', 2.955374334021554)	('>50', 1.686756251042352)	('>100', 8.353295357443422)	('>500', 8.019009238096269)	('>1k', 24.13053504684248)	('>5k', 5.930790505526882)	('>10k+', 9.557640814569195)
SRR19077125_2	(1.0, 31.796380953650054)	(2.0, 4.251685535996624)	(3.0, 1.18619636839142)	(4.0, 0.6558749449172679)	(5.0, 0.4568157798628028)	(6.0, 0.3762071627620323)	(7.0, 0.32770436982330897)	(8.0, 0.25799808429709614)	(9.0, 0.24771543814929944)	('>10', 3.63449170051974)	('>50', 1.9175591727872052)	('>100', 8.593191056347207)	('>500', 6.577810549815867)	('>1k', 17.825727472310678)	('>5k', 7.9883954781256445)	('>10k+', 13.90624593224371)
SRR19077126_1	(1.0, 33.082235219941595)	(2.0, 3.979151754741974)	(3.0, 1.0801973191198198)	(4.0, 0.5602148701061225)	(5.0, 0.38591004454237826)	(6.0, 0.3245160198926529)	(7.0, 0.24187014310129268)	(8.0, 0.22856263044873826)	(9.0, 0.18080559783054592)	('>10', 3.0427485179856757)	('>50', 1.672080295901537)	('>100', 8.30435711289121)	('>500', 8.01503458885911)	('>1k', 23.657522272287533)	('>5k', 5.927672248342163)	('>10k+', 9.31712136400768)
SRR19077126_2	(1.0, 32.537961632819886)	(2.0, 4.1349186530574285)	(3.0, 1.177669636144603)	(4.0, 0.6668254768526505)	(5.0, 0.4681498547205773)	(6.0, 0.3770266800322192)	(7.0, 0.29567019477398365)	(8.0, 0.26278194618567013)	(9.0, 0.23349868977851018)	('>10', 3.624646360381482)	('>50', 1.90918314239835)	('>100', 8.562339081630782)	('>500', 6.575277907073136)	('>1k', 17.76010613757644)	('>5k', 7.7619410653562175)	('>10k+', 13.65200354121813)
SRR19077127_1	(1.0, 27.687445207583316)	(2.0, 4.249885631822506)	(3.0, 1.176408584111907)	(4.0, 0.6769714404188505)	(5.0, 0.44523116237261856)	(6.0, 0.35670861912848095)	(7.0, 0.29944481476269963)	(8.0, 0.23940710276319377)	(9.0, 0.19050411618010626)	('>10', 2.986475292414929)	('>50', 1.5419791060053618)	('>100', 8.420937823970851)	('>500', 8.554234257798424)	('>1k', 26.9448273924625)	('>5k', 6.850834457880535)	('>10k+', 9.37870499032375)
SRR19077127_2	(1.0, 27.08618502286857)	(2.0, 4.274545249791852)	(3.0, 1.25165708141177)	(4.0, 0.6837891986451308)	(5.0, 0.4974483513807057)	(6.0, 0.4094167484681548)	(7.0, 0.32747598922546506)	(8.0, 0.26666673338013447)	(9.0, 0.24570038629573485)	('>10', 3.7171525108604877)	('>50', 1.8674072695637676)	('>100', 8.714788194902159)	('>500', 6.924298475331272)	('>1k', 18.86934447499204)	('>5k', 7.902664605275861)	('>10k+', 16.961459707606902)
SRR19077128_1	(1.0, 28.621751268321997)	(2.0, 4.122406357948849)	(3.0, 1.1677264306001007)	(4.0, 0.6562655596993799)	(5.0, 0.44689555178982976)	(6.0, 0.38032951095183043)	(7.0, 0.2810500273753902)	(8.0, 0.24150967987142782)	(9.0, 0.18249773600149002)	('>10', 2.9285952641641457)	('>50', 1.545908240794169)	('>100', 8.549949274428812)	('>500', 8.448167277258872)	('>1k', 26.606915140701563)	('>5k', 6.5181306580858385)	('>10k+', 9.301902022006308)
SRR19077128_2	(1.0, 28.030368721606852)	(2.0, 4.049904008667928)	(3.0, 1.229455562856657)	(4.0, 0.6917411394318919)	(5.0, 0.5070350003797353)	(6.0, 0.38744091612918785)	(7.0, 0.3336867913125276)	(8.0, 0.28820512303042284)	(9.0, 0.26185185973099767)	('>10', 3.750082192588091)	('>50', 1.9013336272336323)	('>100', 8.751648574316109)	('>500', 6.83220361062512)	('>1k', 18.4837965161422)	('>5k', 8.012234614134496)	('>10k+', 16.489011741814142)
SRR19077129_1	(1.0, 4.598118696503858)	(2.0, 2.4594813290669797)	(3.0, 1.3455025029582357)	(4.0, 0.7330932867131706)	(5.0, 0.4330833427450248)	(6.0, 0.30595578655382466)	(7.0, 0.24977182326090816)	(8.0, 0.2075810090627551)	(9.0, 0.187358139193555)	('>10', 3.0922397332919616)	('>50', 1.525135581022106)	('>100', 4.349700348064879)	('>500', 2.616023868857261)	('>1k', 12.930435243370688)	('>5k', 9.700853693440413)	('>10k+', 55.26566561589436)
SRR19077129_2	(1.0, 5.752075973399762)	(2.0, 2.643807001190044)	(3.0, 1.4284379005193466)	(4.0, 0.7641395093851324)	(5.0, 0.46615163173508156)	(6.0, 0.3197078857683164)	(7.0, 0.25306031620161024)	(8.0, 0.22167354166963896)	(9.0, 0.19537538107351266)	('>10', 3.3416925495229433)	('>50', 1.7542833308345)	('>100', 5.421745099241352)	('>500', 3.1166073274753456)	('>1k', 11.555952554113606)	('>5k', 7.744874617661584)	('>10k+', 55.02041538020822)
SRR19077130_1	(1.0, 4.595924614539671)	(2.0, 2.449729400305174)	(3.0, 1.32942821671433)	(4.0, 0.7184347589403476)	(5.0, 0.4410057197030923)	(6.0, 0.3308314545194278)	(7.0, 0.2547971428943372)	(8.0, 0.2081282734309899)	(9.0, 0.18657177226772007)	('>10', 3.113829933364981)	('>50', 1.5230361331213464)	('>100', 4.312024851687086)	('>500', 2.6115137476710246)	('>1k', 13.029778618278648)	('>5k', 9.713798957555197)	('>10k+', 55.18116640500661)
SRR19077130_2	(1.0, 5.827817614366628)	(2.0, 2.605519115271293)	(3.0, 1.4257584980322424)	(4.0, 0.7552062916921678)	(5.0, 0.4465286493308911)	(6.0, 0.3127266051575523)	(7.0, 0.2549823258160709)	(8.0, 0.20526361314097585)	(9.0, 0.19007459602315346)	('>10', 3.35589646725223)	('>50', 1.7717689179108702)	('>100', 5.458659428382607)	('>500', 3.169656284024484)	('>1k', 11.490716718153097)	('>5k', 7.845294477677904)	('>10k+', 54.88413039776787)
SRR19077131_1	(1.0, 13.71463998159027)	(2.0, 10.896403200335586)	(3.0, 7.567361905534193)	(4.0, 4.360409892211234)	(5.0, 2.3754680322266917)	(6.0, 1.2956722421159026)	(7.0, 0.7766302021045971)	(8.0, 0.5138677336236114)	(9.0, 0.34453682073521646)	('>10', 3.0615312908851644)	('>50', 1.2876263378765156)	('>100', 4.536808422782955)	('>500', 3.9020518689677757)	('>1k', 24.884736480954274)	('>5k', 9.810605152216253)	('>10k+', 10.671650435839766)
SRR19077131_2	(1.0, 14.081738601782314)	(2.0, 10.60270145347038)	(3.0, 7.300090452449851)	(4.0, 4.21215840092104)	(5.0, 2.2864376579445223)	(6.0, 1.2576202371850003)	(7.0, 0.7813242945273647)	(8.0, 0.4941182093804305)	(9.0, 0.3857930392530293)	('>10', 3.855660639983791)	('>50', 1.6226884874620868)	('>100', 5.1310173298683415)	('>500', 4.734489744634309)	('>1k', 15.953541531888066)	('>5k', 6.609195756658864)	('>10k+', 20.6914241625906)
SRR19077132_1	(1.0, 13.738254954764336)	(2.0, 10.973541527856039)	(3.0, 7.571548123911173)	(4.0, 4.3299232283544935)	(5.0, 2.4116409774443115)	(6.0, 1.3351791935439432)	(7.0, 0.7527247714095479)	(8.0, 0.5084138776216186)	(9.0, 0.3463573698412888)	('>10', 3.0949269843024036)	('>50', 1.3045550555698358)	('>100', 4.5473905395825485)	('>500', 3.9259378777526894)	('>1k', 24.84999631363811)	('>5k', 9.74485130940143)	('>10k+', 10.564757895006133)
SRR19077132_2	(1.0, 14.312466587537564)	(2.0, 10.664912413549144)	(3.0, 7.34221382601163)	(4.0, 4.180585967906595)	(5.0, 2.3458206810615616)	(6.0, 1.2508736088506156)	(7.0, 0.7551497276828949)	(8.0, 0.4938918891925632)	(9.0, 0.3634898255368901)	('>10', 3.845174928397035)	('>50', 1.6599188026043166)	('>100', 5.107996446197145)	('>500', 4.730329638219429)	('>1k', 15.954662720741112)	('>5k', 6.454885604243482)	('>10k+', 20.537627332267906)
SRR19077133_1	(1.0, 9.258757009053664)	(2.0, 6.762318999141373)	(3.0, 4.333071707005479)	(4.0, 2.362334569009638)	(5.0, 1.2514497775840543)	(6.0, 0.7223133576550322)	(7.0, 0.44596455307736654)	(8.0, 0.35502693315389666)	(9.0, 0.24788178149208825)	('>10', 3.2239333988552996)	('>50', 1.2746579132536877)	('>100', 4.101588962160793)	('>500', 3.429069941636751)	('>1k', 20.50420854891389)	('>5k', 11.819125253359907)	('>10k+', 29.908297294647085)
SRR19077133_2	(1.0, 9.91415575358338)	(2.0, 6.584149334768169)	(3.0, 4.1854549792499345)	(4.0, 2.3491386887161343)	(5.0, 1.247141732236524)	(6.0, 0.6856781252374107)	(7.0, 0.44999915812096847)	(8.0, 0.3384307379133382)	(9.0, 0.2541242092977237)	('>10', 3.60047262620909)	('>50', 1.6167937382395037)	('>100', 5.122281941526355)	('>500', 4.075718366393031)	('>1k', 13.202642220361868)	('>5k', 7.856056627667058)	('>10k+', 38.5177617604795)
SRR19077134_1	(1.0, 9.207783115258843)	(2.0, 6.816423149439036)	(3.0, 4.3349050067329395)	(4.0, 2.3549531033864457)	(5.0, 1.2660834901834792)	(6.0, 0.7215839699399054)	(7.0, 0.4635689121022619)	(8.0, 0.3322210567010061)	(9.0, 0.2396853580380155)	('>10', 3.200420366476673)	('>50', 1.3024273343069575)	('>100', 4.167355083731956)	('>500', 3.4632258931719737)	('>1k', 20.615958681938125)	('>5k', 11.720602186128062)	('>10k+', 29.79280329246428)
SRR19077134_2	(1.0, 10.072840963083273)	(2.0, 6.5403647528728905)	(3.0, 4.198532202481495)	(4.0, 2.2910750262573596)	(5.0, 1.2507654478916368)	(6.0, 0.7189973103666882)	(7.0, 0.42886875430741317)	(8.0, 0.33361243906308663)	(9.0, 0.25589427435320805)	('>10', 3.5405686236662715)	('>50', 1.644291086382887)	('>100', 5.145926305672145)	('>500', 4.157236007107098)	('>1k', 13.272957848420166)	('>5k', 7.858911039338931)	('>10k+', 38.2891579187355)
SRR19077135_1	(1.0, 5.843900285280788)	(2.0, 2.5803786666507147)	(3.0, 1.101601837086185)	(4.0, 0.5111089770876008)	(5.0, 0.3245670337081915)	(6.0, 0.25547883199880217)	(7.0, 0.21310272828947435)	(8.0, 0.18132907800397885)	(9.0, 0.17338465514478316)	('>10', 3.0651272493556996)	('>50', 1.3526258375880027)	('>100', 4.577016140168113)	('>500', 2.9726868967232987)	('>1k', 11.981930268075601)	('>5k', 8.901021502272174)	('>10k+', 55.96474001256658)
SRR19077135_2	(1.0, 6.729328299087461)	(2.0, 2.574500101907962)	(3.0, 1.130027262576669)	(4.0, 0.5576541821753801)	(5.0, 0.3316396467013748)	(6.0, 0.24253675394225283)	(7.0, 0.21959906669743084)	(8.0, 0.1819459765654675)	(9.0, 0.17545719259255516)	('>10', 3.06993787316451)	('>50', 1.630375997631164)	('>100', 5.125592520210552)	('>500', 2.976959920822068)	('>1k', 11.921157170821264)	('>5k', 6.773531877888442)	('>10k+', 56.35975615721544)
SRR19077136_1	(1.0, 5.883295754896674)	(2.0, 2.544013268580576)	(3.0, 1.0736763580582869)	(4.0, 0.5372931206787978)	(5.0, 0.31091109180346455)	(6.0, 0.2569976119868157)	(7.0, 0.21414162652859267)	(8.0, 0.19254639369507182)	(9.0, 0.1624425334034904)	('>10', 3.020490531919883)	('>50', 1.3673742775631939)	('>100', 4.611779500109845)	('>500', 3.014876334450176)	('>1k', 12.087745904115659)	('>5k', 8.894235927640407)	('>10k+', 55.82817976456907)
SRR19077136_2	(1.0, 6.8123726517028516)	(2.0, 2.5906904982797077)	(3.0, 1.109993586348668)	(4.0, 0.5465665652218527)	(5.0, 0.354971123140132)	(6.0, 0.25994288450895675)	(7.0, 0.20556511391835036)	(8.0, 0.19966699952022343)	(9.0, 0.16795265924035674)	('>10', 3.0973332589649525)	('>50', 1.6834075845273373)	('>100', 5.1708621371775365)	('>500', 2.966248570605409)	('>1k', 12.039383753569952)	('>5k', 6.709346226114271)	('>10k+', 56.08569638715943)
SRR19077137_1	(1.0, 14.98818322286006)	(2.0, 9.761507013404984)	(3.0, 5.149882558040794)	(4.0, 2.5328014729184676)	(5.0, 1.2352184908624613)	(6.0, 0.7599110890888381)	(7.0, 0.4860816768528304)	(8.0, 0.36113212525845495)	(9.0, 0.3012956316147009)	('>10', 3.5185210890348686)	('>50', 1.2215976309291963)	('>100', 3.664660887875046)	('>500', 2.986582057057269)	('>1k', 15.972745125782536)	('>5k', 9.956852440418887)	('>10k+', 27.103027488000503)
SRR19077137_2	(1.0, 15.439800697576613)	(2.0, 9.299601266852898)	(3.0, 4.875416423760672)	(4.0, 2.4293718222644136)	(5.0, 1.2365910306564305)	(6.0, 0.7416015663527643)	(7.0, 0.486520675453173)	(8.0, 0.37583739475372613)	(9.0, 0.2956455430099262)	('>10', 3.8238461283337735)	('>50', 1.5634344396228448)	('>100', 4.700921969750747)	('>500', 3.1384968618581905)	('>1k', 10.908196880507205)	('>5k', 6.586444897538278)	('>10k+', 34.098272401708456)
SRR19077138_1	(1.0, 15.26382745500172)	(2.0, 9.843416161229957)	(3.0, 5.221516295729084)	(4.0, 2.424853471209274)	(5.0, 1.2621093941835058)	(6.0, 0.6975777819339128)	(7.0, 0.49593579208578425)	(8.0, 0.37031372870234247)	(9.0, 0.285821685736385)	('>10', 3.477898709440979)	('>50', 1.194229712541759)	('>100', 3.644190816783991)	('>500', 3.01556689815437)	('>1k', 15.916493874909998)	('>5k', 9.865889626198268)	('>10k+', 27.020358596158587)
SRR19077138_2	(1.0, 15.753549872775583)	(2.0, 9.252376460157606)	(3.0, 4.936375465742096)	(4.0, 2.391572615985581)	(5.0, 1.2823519959692222)	(6.0, 0.7273900457064192)	(7.0, 0.4841780519315574)	(8.0, 0.3625637964083057)	(9.0, 0.30399056145870973)	('>10', 3.856528828368794)	('>50', 1.5895903989701248)	('>100', 4.685100619492053)	('>500', 3.125073638652974)	('>1k', 10.905642599020574)	('>5k', 6.640156666457145)	('>10k+', 33.70355838290328)
SRR19077139_1	(1.0, 11.112489232489482)	(2.0, 7.047600824172176)	(3.0, 3.9822492512372567)	(4.0, 2.0303425094293)	(5.0, 1.0781102830211249)	(6.0, 0.6204118404401062)	(7.0, 0.46189708032323773)	(8.0, 0.3327034497172233)	(9.0, 0.284706392678061)	('>10', 3.5101092116357355)	('>50', 1.270820993178735)	('>100', 3.93979122070627)	('>500', 3.650293840289425)	('>1k', 18.220363286304043)	('>5k', 10.161248408563814)	('>10k+', 32.296862175814056)
SRR19077139_2	(1.0, 11.472329815885251)	(2.0, 6.786622772924715)	(3.0, 3.8175075972014896)	(4.0, 1.936314835621447)	(5.0, 1.071434290348096)	(6.0, 0.654029603617548)	(7.0, 0.41909632494239857)	(8.0, 0.3405490870200372)	(9.0, 0.30437391748959985)	('>10', 3.8825032641107198)	('>50', 1.60583451737722)	('>100', 5.078376668594664)	('>500', 3.8707611138537876)	('>1k', 12.077040755881166)	('>5k', 7.606965059433564)	('>10k+', 39.07626037569828)
SRR19077140_1	(1.0, 11.072696244851443)	(2.0, 7.175239791151185)	(3.0, 3.9743561550236888)	(4.0, 2.0552311807177897)	(5.0, 1.0670984384111373)	(6.0, 0.6150138554794382)	(7.0, 0.4196324386136206)	(8.0, 0.32502672560293644)	(9.0, 0.284446275712108)	('>10', 3.5135835218334783)	('>50', 1.2819108866571247)	('>100', 3.975880893406345)	('>500', 3.6260321876071138)	('>1k', 18.214277708480857)	('>5k', 10.18301862956518)	('>10k+', 32.2165550668866)
SRR19077140_2	(1.0, 11.57088164390638)	(2.0, 6.792352514652844)	(3.0, 3.8025362876051254)	(4.0, 1.974234309136353)	(5.0, 1.0703686499828218)	(6.0, 0.6606187448849734)	(7.0, 0.44813156271055465)	(8.0, 0.3307795419741486)	(9.0, 0.2928418606821119)	('>10', 3.9215801374589714)	('>50', 1.6713228352091543)	('>100', 5.083413266246704)	('>500', 3.887369780069691)	('>1k', 12.020674394605411)	('>5k', 7.539089526377636)	('>10k+', 38.93380494449704)
SRR19077141_1	(1.0, 11.242480509539936)	(2.0, 9.177196024750367)	(3.0, 6.688586291548688)	(4.0, 4.070945255962612)	(5.0, 2.322595030477926)	(6.0, 1.3364430380380228)	(7.0, 0.8064904871689969)	(8.0, 0.5425894864071483)	(9.0, 0.37417235270535826)	('>10', 3.620282101144148)	('>50', 1.35289572198079)	('>100', 3.847571808004771)	('>500', 2.9775907289876162)	('>1k', 16.2050921627433)	('>5k', 9.723581376241569)	('>10k+', 25.711487624298794)
SRR19077141_2	(1.0, 12.036907834296413)	(2.0, 8.688943865530492)	(3.0, 6.263347048395386)	(4.0, 3.8686992841683874)	(5.0, 2.2579387238024684)	(6.0, 1.3554976282286988)	(7.0, 0.8546046107700519)	(8.0, 0.5523766277429281)	(9.0, 0.4128198481713187)	('>10', 4.19863044497461)	('>50', 1.6442951886082504)	('>100', 4.75014793970017)	('>500', 3.2847232815535907)	('>1k', 10.740086387023485)	('>5k', 6.278733185090125)	('>10k+', 32.81224810194355)
SRR19077142_1	(1.0, 11.109723597989351)	(2.0, 9.111893707263274)	(3.0, 6.847984625442669)	(4.0, 4.128005310110368)	(5.0, 2.3684292738491526)	(6.0, 1.3531251554890356)	(7.0, 0.8287486239367904)	(8.0, 0.5393804138899145)	(9.0, 0.39862990857691327)	('>10', 3.616650103483917)	('>50', 1.373978084473767)	('>100', 3.802617005084616)	('>500', 3.0129354119920477)	('>1k', 16.139103252375037)	('>5k', 9.705353250497243)	('>10k+', 25.66344227554587)
SRR19077142_2	(1.0, 12.09280370972204)	(2.0, 8.744860863609683)	(3.0, 6.407904032369927)	(4.0, 3.901168750941196)	(5.0, 2.276526058688873)	(6.0, 1.3484079439462544)	(7.0, 0.8313950802871993)	(8.0, 0.5707265540706665)	(9.0, 0.4124884053506658)	('>10', 4.205696130446766)	('>50', 1.6282058380255582)	('>100', 4.787092288719029)	('>500', 3.304915373213644)	('>1k', 10.690170928914073)	('>5k', 6.261128881238745)	('>10k+', 32.53650916045582)
SRR19077143_1	(1.0, 8.526377472990166)	(2.0, 7.092074106329911)	(3.0, 5.3718950965727075)	(4.0, 3.451835624892764)	(5.0, 1.967983007261917)	(6.0, 1.1770236855760647)	(7.0, 0.7575754745889279)	(8.0, 0.4746870560246322)	(9.0, 0.36209285115468476)	('>10', 3.5481072302907264)	('>50', 1.1812115200346684)	('>100', 3.3988394405369147)	('>500', 2.912384991323254)	('>1k', 16.530818984106315)	('>5k', 10.09146204127908)	('>10k+', 33.15563141703723)
SRR19077143_2	(1.0, 9.280546342910773)	(2.0, 6.805371882733772)	(3.0, 5.142630328662738)	(4.0, 3.2905600718035304)	(5.0, 1.8960526687075614)	(6.0, 1.1688146922178995)	(7.0, 0.7516699434327396)	(8.0, 0.4830697737021398)	(9.0, 0.3918751118483508)	('>10', 3.8779354053235937)	('>50', 1.5757554201352935)	('>100', 4.672972002782474)	('>500', 3.1984749102012113)	('>1k', 11.41853676398827)	('>5k', 6.926946257688139)	('>10k+', 39.11878842386158)
SRR19077144_1	(1.0, 8.614606779750758)	(2.0, 7.1122554941770915)	(3.0, 5.4268800016594625)	(4.0, 3.4565521878680423)	(5.0, 2.04282626533628)	(6.0, 1.2294405668593082)	(7.0, 0.7210938969071061)	(8.0, 0.49461238799993384)	(9.0, 0.33550615328827166)	('>10', 3.522809807636597)	('>50', 1.1842724870627117)	('>100', 3.4301564427478946)	('>500', 2.9097728788017725)	('>1k', 16.48483724002289)	('>5k', 10.190820191608092)	('>10k+', 32.84355721827376)
SRR19077144_2	(1.0, 9.464258815119749)	(2.0, 6.876510117649312)	(3.0, 5.108948755147519)	(4.0, 3.291230652521552)	(5.0, 1.9820824699137787)	(6.0, 1.1447322295020035)	(7.0, 0.7113034458876961)	(8.0, 0.49336134253734526)	(9.0, 0.352680525901274)	('>10', 3.8332615311862335)	('>50', 1.5617432753881828)	('>100', 4.74600441154217)	('>500', 3.2696182466241335)	('>1k', 11.362625086716262)	('>5k', 6.895368318871495)	('>10k+', 38.906270775491244)
SRR19077145_1	(1.0, 7.2196161862369115)	(2.0, 6.009177852145441)	(3.0, 4.92882318896544)	(4.0, 3.3891117869209335)	(5.0, 2.133342732491908)	(6.0, 1.3184932206430104)	(7.0, 0.857736145452611)	(8.0, 0.6226543451488901)	(9.0, 0.44388399336307033)	('>10', 4.060480299220341)	('>50', 1.3483334547325807)	('>100', 4.0845220739514785)	('>500', 3.5871195112994303)	('>1k', 23.579829677188112)	('>5k', 11.804497526353467)	('>10k+', 24.612378005886438)
SRR19077145_2	(1.0, 8.176164722309009)	(2.0, 5.701391856228435)	(3.0, 4.629806699196073)	(4.0, 3.1248225094267146)	(5.0, 1.9721287513755286)	(6.0, 1.2584397792528543)	(7.0, 0.8223938042629898)	(8.0, 0.593592855233161)	(9.0, 0.4317321380279979)	('>10', 4.611324395753434)	('>50', 1.7834627897742195)	('>100', 5.366835892356886)	('>500', 4.121824674295174)	('>1k', 15.403255441581049)	('>5k', 7.820337552439757)	('>10k+', 34.1824861384867)
SRR19077146_1	(1.0, 7.298718743450258)	(2.0, 6.117724339539483)	(3.0, 4.850359527925684)	(4.0, 3.379302643450419)	(5.0, 2.1636432298023442)	(6.0, 1.3293304973672273)	(7.0, 0.8578436390658145)	(8.0, 0.5985540598659882)	(9.0, 0.46100022629785326)	('>10', 3.938915082220341)	('>50', 1.3660065687061371)	('>100', 4.047527661059692)	('>500', 3.647642126015483)	('>1k', 23.72286137958755)	('>5k', 11.678309446977233)	('>10k+', 24.54226082866852)
SRR19077146_2	(1.0, 8.19860966672894)	(2.0, 5.775992443234614)	(3.0, 4.575659115653407)	(4.0, 3.1153359539879477)	(5.0, 2.0055904797628035)	(6.0, 1.277153057682646)	(7.0, 0.8317399247827953)	(8.0, 0.5953800629186878)	(9.0, 0.4532983266066488)	('>10', 4.696953128878832)	('>50', 1.7522480244009333)	('>100', 5.337532174772386)	('>500', 4.144045999801405)	('>1k', 15.22459629136458)	('>5k', 7.951103965504341)	('>10k+', 34.064761383919006)
SRR19077147_1	(1.0, 8.41010912479638)	(2.0, 7.685026290898662)	(3.0, 7.107175433826204)	(4.0, 5.502154144324167)	(5.0, 3.6207671739521228)	(6.0, 2.2835420362300787)	(7.0, 1.4011371207144157)	(8.0, 0.8999083632269665)	(9.0, 0.6169339373285695)	('>10', 3.813922753037264)	('>50', 1.361658111615637)	('>100', 4.572452176614923)	('>500', 4.408887990126499)	('>1k', 20.302433623156123)	('>5k', 9.120890454968354)	('>10k+', 18.89300126518359)
SRR19077147_2	(1.0, 9.29604432556326)	(2.0, 7.157663091828577)	(3.0, 6.7656328835227875)	(4.0, 5.249573237722201)	(5.0, 3.4627029342704585)	(6.0, 2.1652850653109863)	(7.0, 1.4072788990102694)	(8.0, 0.9237392866587634)	(9.0, 0.6484208713542831)	('>10', 4.585151969168826)	('>50', 1.6651138563130707)	('>100', 5.571382491185739)	('>500', 4.106495464232926)	('>1k', 12.723003668388566)	('>5k', 6.978400296709183)	('>10k+', 27.294111658760123)
SRR19077148_1	(1.0, 8.41042372142186)	(2.0, 7.553525940239814)	(3.0, 7.233743780926809)	(4.0, 5.647605277400568)	(5.0, 3.7234125028627734)	(6.0, 2.355432031746013)	(7.0, 1.4424299797957956)	(8.0, 0.8911692218833986)	(9.0, 0.6031608393797652)	('>10', 3.773783218686324)	('>50', 1.3396068800317187)	('>100', 4.474853531025839)	('>500', 4.405879615910478)	('>1k', 20.267479743655255)	('>5k', 8.934727964637592)	('>10k+', 18.942765750395974)
SRR19077148_2	(1.0, 9.349348501770033)	(2.0, 7.176695598904301)	(3.0, 6.8016803955889396)	(4.0, 5.291534933636724)	(5.0, 3.538476593349142)	(6.0, 2.3382562609594117)	(7.0, 1.3959968888732592)	(8.0, 0.9474394700235376)	(9.0, 0.5898643106210126)	('>10', 4.625853336938536)	('>50', 1.7024799668048418)	('>100', 5.5775702693206926)	('>500', 4.093218462974125)	('>1k', 12.5325995748258)	('>5k', 7.019119586619303)	('>10k+', 27.0198658487904)
SRR19077149_1	(1.0, 6.726848603322918)	(2.0, 5.602306734299725)	(3.0, 4.949678797382986)	(4.0, 3.6630457225545983)	(5.0, 2.5561272114317206)	(6.0, 1.6206285747282156)	(7.0, 1.026288745132774)	(8.0, 0.7590441959909483)	(9.0, 0.5415110462281137)	('>10', 4.37137081632085)	('>50', 1.334840844510158)	('>100', 4.017428224395042)	('>500', 3.502356538621778)	('>1k', 20.2400270722459)	('>5k', 11.65652112632676)	('>10k+', 27.431975746507486)
SRR19077149_2	(1.0, 7.826948848821057)	(2.0, 5.233925663510364)	(3.0, 4.594897675027599)	(4.0, 3.3896167226359615)	(5.0, 2.3504480026342236)	(6.0, 1.5326885049384686)	(7.0, 1.020377316086735)	(8.0, 0.7568969526217795)	(9.0, 0.5597846765108052)	('>10', 4.884452246519917)	('>50', 1.8553204749918073)	('>100', 5.361732718303065)	('>500', 3.929676297133607)	('>1k', 13.376143487965022)	('>5k', 8.087443046595077)	('>10k+', 35.23964736570447)
SRR19077150_1	(1.0, 6.801408172980114)	(2.0, 5.680561338746195)	(3.0, 5.032539973834832)	(4.0, 3.704986301840727)	(5.0, 2.55079979832997)	(6.0, 1.6246057831795626)	(7.0, 1.0271451934910847)	(8.0, 0.7418131431696108)	(9.0, 0.5090734288939536)	('>10', 4.365841635231207)	('>50', 1.374978187680575)	('>100', 4.007475716885924)	('>500', 3.485053300075791)	('>1k', 20.226217309628375)	('>5k', 11.704893865170558)	('>10k+', 27.162606850861497)
SRR19077150_2	(1.0, 7.814329400067119)	(2.0, 5.396127397495699)	(3.0, 4.641276215123586)	(4.0, 3.4748951027282473)	(5.0, 2.3294458477758533)	(6.0, 1.510840900460351)	(7.0, 0.9810651232407283)	(8.0, 0.7220167717089774)	(9.0, 0.5270652186163483)	('>10', 4.943125735033865)	('>50', 1.8492156298494902)	('>100', 5.422420834430148)	('>500', 3.9508400706140034)	('>1k', 13.335873782702738)	('>5k', 8.022729008790265)	('>10k+', 35.078732961362554)
SRR19077151_1	(1.0, 4.433776716287363)	(2.0, 2.805391472148425)	(3.0, 3.2982101188154886)	(4.0, 3.5654348459601484)	(5.0, 3.3044488361257276)	(6.0, 2.7434177959618986)	(7.0, 2.0734097046377773)	(8.0, 1.5626968414709608)	(9.0, 1.183231514167968)	('>10', 6.027450187689691)	('>50', 1.3795581995125115)	('>100', 4.208402174727037)	('>500', 3.723673487096167)	('>1k', 19.312334477810033)	('>5k', 11.286590571758643)	('>10k+', 29.091973055830163)
SRR19077151_2	(1.0, 5.369871980800585)	(2.0, 2.7352355380750546)	(3.0, 3.092834582549716)	(4.0, 3.3641206059072344)	(5.0, 3.0552369796738312)	(6.0, 2.5638839994013036)	(7.0, 1.9931254603671222)	(8.0, 1.4624199142261467)	(9.0, 1.0684949782019033)	('>10', 6.403224497791948)	('>50', 1.8306935217429314)	('>100', 5.333454868073966)	('>500', 3.819014703131777)	('>1k', 12.600002287475775)	('>5k', 7.521081411748106)	('>10k+', 37.78730467083254)
SRR19077152_1	(1.0, 4.3810611812348546)	(2.0, 2.8096704914170205)	(3.0, 3.3593015931753287)	(4.0, 3.5478551911307923)	(5.0, 3.278699040417981)	(6.0, 2.7761046797396842)	(7.0, 2.1537401347054987)	(8.0, 1.566583915248692)	(9.0, 1.1591522744384968)	('>10', 6.040710207596915)	('>50', 1.3661975103414195)	('>100', 4.174191824095328)	('>500', 3.7982306865763467)	('>1k', 19.33483978778675)	('>5k', 11.184754815960694)	('>10k+', 29.068906666134197)
SRR19077152_2	(1.0, 5.483770247976992)	(2.0, 2.740929156044019)	(3.0, 3.171948236987807)	(4.0, 3.3266804624472046)	(5.0, 3.134203880611002)	(6.0, 2.538589760245507)	(7.0, 1.964146393075902)	(8.0, 1.4702650206172936)	(9.0, 1.1091448176322578)	('>10', 6.339063661814317)	('>50', 1.8554224799312777)	('>100', 5.371340606210414)	('>500', 3.8174547077531145)	('>1k', 12.530959526139426)	('>5k', 7.641883882766424)	('>10k+', 37.504197159747065)
SRR19077153_1	(1.0, 8.082703341544075)	(2.0, 6.223055400366169)	(3.0, 4.437329104174937)	(4.0, 2.744018545597327)	(5.0, 1.6941893230480767)	(6.0, 0.982691982355851)	(7.0, 0.6677951508833879)	(8.0, 0.4382771688763187)	(9.0, 0.3445301027323868)	('>10', 3.5859404422486696)	('>50', 1.2342673862525118)	('>100', 3.407724337605739)	('>500', 3.5448977214951327)	('>1k', 20.35364130274038)	('>5k', 11.638440840189508)	('>10k+', 30.620497849889457)
SRR19077153_2	(1.0, 8.78751263217934)	(2.0, 5.961668497957518)	(3.0, 4.278891523313129)	(4.0, 2.596828089747082)	(5.0, 1.6247702000977433)	(6.0, 0.968419569629772)	(7.0, 0.6453608478154014)	(8.0, 0.46664793240099045)	(9.0, 0.3625719443277345)	('>10', 4.054867010807455)	('>50', 1.6349921043285005)	('>100', 4.9713035924926725)	('>500', 3.6170523922253737)	('>1k', 14.369485779307519)	('>5k', 8.086306219019935)	('>10k+', 37.57332166434977)
SRR19077154_1	(1.0, 8.180467431777567)	(2.0, 6.360980666257535)	(3.0, 4.560063893111184)	(4.0, 2.731621797861135)	(5.0, 1.636290634406245)	(6.0, 0.9591539879560992)	(7.0, 0.6427560689672008)	(8.0, 0.41646728827992596)	(9.0, 0.34155450800775433)	('>10', 3.477674022277572)	('>50', 1.1964759564308693)	('>100', 3.4741106111546625)	('>500', 3.492723418734414)	('>1k', 20.393396978326653)	('>5k', 11.826593642682964)	('>10k+', 30.309669093768253)
SRR19077154_2	(1.0, 8.875791183499636)	(2.0, 6.160521068162284)	(3.0, 4.303725904790659)	(4.0, 2.6622959292328634)	(5.0, 1.5823170491567198)	(6.0, 0.9474600063689343)	(7.0, 0.631675732659338)	(8.0, 0.44389613191947286)	(9.0, 0.3246027966876842)	('>10', 3.914877802009854)	('>50', 1.660420075693041)	('>100', 5.031391370180543)	('>500', 3.6618700481046087)	('>1k', 14.270310861841667)	('>5k', 8.106399140872297)	('>10k+', 37.42244489882046)
SRR19077155_1	(1.0, 16.81518867347386)	(2.0, 6.994433414526334)	(3.0, 2.802289601572648)	(4.0, 1.2363396730272047)	(5.0, 0.6943136528706969)	(6.0, 0.5092673377754295)	(7.0, 0.40019765977672755)	(8.0, 0.31516163194722707)	(9.0, 0.28103589320265887)	('>10', 3.4365616605238674)	('>50', 1.552293098452084)	('>100', 6.798515937846715)	('>500', 5.795914520794056)	('>1k', 20.772639080190146)	('>5k', 9.909449556111625)	('>10k+', 21.686398607908668)
SRR19077155_2	(1.0, 17.0626317318402)	(2.0, 6.703988413779838)	(3.0, 2.720560805461205)	(4.0, 1.302054189805847)	(5.0, 0.7532209755771622)	(6.0, 0.5464791516471768)	(7.0, 0.4227572642242894)	(8.0, 0.32425643486367234)	(9.0, 0.29435369338821715)	('>10', 4.246637839297724)	('>50', 1.8993720278828323)	('>100', 6.835899586267495)	('>500', 4.763937660266381)	('>1k', 15.66286691984186)	('>5k', 8.082032680714361)	('>10k+', 28.378950625141684)
SRR19077156_1	(1.0, 17.084916013511027)	(2.0, 6.965320822591393)	(3.0, 2.7350835959897024)	(4.0, 1.1881984535999761)	(5.0, 0.7198213916782681)	(6.0, 0.5149865983011733)	(7.0, 0.38971458152601257)	(8.0, 0.3075998887069952)	(9.0, 0.274148167918313)	('>10', 3.4370570797494477)	('>50', 1.5713485702039227)	('>100', 6.732253835776718)	('>500', 5.8614459810169315)	('>1k', 20.78252027905013)	('>5k', 9.76578392019896)	('>10k+', 21.66980082018109)
SRR19077156_2	(1.0, 17.380398517605702)	(2.0, 6.657675612317079)	(3.0, 2.663316424126994)	(4.0, 1.2566043916361773)	(5.0, 0.7241682729317099)	(6.0, 0.5281931412942319)	(7.0, 0.39763764761620807)	(8.0, 0.3477989595130869)	(9.0, 0.30893263244686625)	('>10', 4.205502095932264)	('>50', 1.9028042790681476)	('>100', 6.837984188907222)	('>500', 4.817951096893516)	('>1k', 15.642598325789175)	('>5k', 8.013043009744957)	('>10k+', 28.31539140417666)
SRR19077157_1	(1.0, 12.123628411639933)	(2.0, 6.103679814501812)	(3.0, 2.7596652957799273)	(4.0, 1.3389814935120523)	(5.0, 0.7599593469008189)	(6.0, 0.5254492964418357)	(7.0, 0.37308304366678396)	(8.0, 0.336009399716658)	(9.0, 0.26441256207963687)	('>10', 3.481290135304659)	('>50', 1.1980286028921299)	('>100', 3.578978953935192)	('>500', 3.241911441594394)	('>1k', 17.391385227315652)	('>5k', 10.37571187821328)	('>10k+', 36.14782509650523)
SRR19077157_2	(1.0, 12.518997914233132)	(2.0, 5.810700217969819)	(3.0, 2.677879849485992)	(4.0, 1.2928400584958846)	(5.0, 0.7447502987188813)	(6.0, 0.4852871455987972)	(7.0, 0.40413751871001624)	(8.0, 0.32435299675592294)	(9.0, 0.2851314220022923)	('>10', 3.917686613255959)	('>50', 1.6349876633954867)	('>100', 4.96958889716737)	('>500', 3.271596370704777)	('>1k', 12.23029972850875)	('>5k', 8.046450754894959)	('>10k+', 41.38531255010199)
SRR19077158_1	(1.0, 12.352348239751143)	(2.0, 6.062206895773577)	(3.0, 2.719373485322445)	(4.0, 1.2987727944391474)	(5.0, 0.7409916073310079)	(6.0, 0.5252847588447982)	(7.0, 0.37968494749342646)	(8.0, 0.3001687410303062)	(9.0, 0.26713437366403486)	('>10', 3.487249391929758)	('>50', 1.229842102553509)	('>100', 3.5563832138475373)	('>500', 3.230164684215205)	('>1k', 17.399387723378116)	('>5k', 10.392302490012133)	('>10k+', 36.05870455041389)
SRR19077158_2	(1.0, 12.6882076262337)	(2.0, 5.793399184121084)	(3.0, 2.618595269798598)	(4.0, 1.2826880639073381)	(5.0, 0.720980445897231)	(6.0, 0.5250529128055864)	(7.0, 0.3990438880478652)	(8.0, 0.3308868708681726)	(9.0, 0.26865964379459034)	('>10', 3.8981543155799185)	('>50', 1.6625093155706965)	('>100', 5.0195284042734265)	('>500', 3.3262711220911076)	('>1k', 12.188498748997855)	('>5k', 8.14042767377161)	('>10k+', 41.137096514241165)
SRR19077159_1	(1.0, 8.940270333005312)	(2.0, 6.248235929880646)	(3.0, 3.8506456204386135)	(4.0, 2.1531317756915502)	(5.0, 1.2529031282634182)	(6.0, 0.7333739230692174)	(7.0, 0.49140289716181956)	(8.0, 0.37178374448966)	(9.0, 0.29654614711671595)	('>10', 3.1864247182067205)	('>50', 1.1903787674280506)	('>100', 6.076617048335349)	('>500', 4.893011998715446)	('>1k', 23.337684034396943)	('>5k', 12.430485622067714)	('>10k+', 24.547104311732827)
SRR19077159_2	(1.0, 9.863110704551378)	(2.0, 5.846303169826865)	(3.0, 3.7453661977474066)	(4.0, 2.0839897926480724)	(5.0, 1.2419889850026762)	(6.0, 0.7610298336036799)	(7.0, 0.5130372824998884)	(8.0, 0.39815630940659047)	(9.0, 0.30883624253704683)	('>10', 4.0188576718897755)	('>50', 1.8546257390470606)	('>100', 6.3603169166034395)	('>500', 4.8923435608044)	('>1k', 16.67564165074107)	('>5k', 8.552303406408933)	('>10k+', 32.88409253668174)
SRR19077160_1	(1.0, 9.069819351973507)	(2.0, 6.222343016395692)	(3.0, 3.8622186427113827)	(4.0, 2.1755471738499645)	(5.0, 1.236206621201374)	(6.0, 0.7158822835382894)	(7.0, 0.48874826190046977)	(8.0, 0.3764363255776321)	(9.0, 0.28573044853538104)	('>10', 3.170232995782868)	('>50', 1.1856663498991358)	('>100', 6.074263579988997)	('>500', 4.9068213127565725)	('>1k', 23.415776353232015)	('>5k', 12.494421160867047)	('>10k+', 24.3198861217896)
SRR19077160_2	(1.0, 9.91751604668092)	(2.0, 5.908453343983303)	(3.0, 3.709129914705214)	(4.0, 2.0961119824277534)	(5.0, 1.2255358378340162)	(6.0, 0.7433078833922128)	(7.0, 0.5036932921757782)	(8.0, 0.39106984419188995)	(9.0, 0.30872961569155505)	('>10', 4.056203996534498)	('>50', 1.8703509566446646)	('>100', 6.403440264303087)	('>500', 4.911394958099161)	('>1k', 16.691853397901973)	('>5k', 8.682972158378309)	('>10k+', 32.58023650705568)
SRR19077161_1	(1.0, 12.618748023680087)	(2.0, 7.718637265294752)	(3.0, 4.058532629859152)	(4.0, 1.925294191743314)	(5.0, 0.9763523560662777)	(6.0, 0.5992534730548043)	(7.0, 0.38275596484605356)	(8.0, 0.29302665348171675)	(9.0, 0.2533381227161098)	('>10', 2.967905614948328)	('>50', 1.3011321978970511)	('>100', 4.980063464209857)	('>500', 4.062563344892437)	('>1k', 22.755410142851414)	('>5k', 10.473486025028414)	('>10k+', 24.63350052943026)
SRR19077161_2	(1.0, 13.38670373059191)	(2.0, 7.507636056787473)	(3.0, 3.877553861693234)	(4.0, 1.873685534955352)	(5.0, 0.9755475764159312)	(6.0, 0.5867514187597763)	(7.0, 0.367314995155636)	(8.0, 0.3266361739199819)	(9.0, 0.2635512517413383)	('>10', 3.6383019133840357)	('>50', 1.6307937353707815)	('>100', 5.507923111557563)	('>500', 4.597667206650041)	('>1k', 15.16828975079543)	('>5k', 8.210810072525177)	('>10k+', 32.08083360969633)
SRR19077162_1	(1.0, 12.813517093105403)	(2.0, 7.821175603499328)	(3.0, 3.955836157666437)	(4.0, 1.9718634935177533)	(5.0, 0.9937322655433194)	(6.0, 0.5887589145929307)	(7.0, 0.4168909681813919)	(8.0, 0.29915012044949757)	(9.0, 0.25729556171675655)	('>10', 2.8817143301916706)	('>50', 1.3040097556703114)	('>100', 4.993672018964138)	('>500', 4.068611584037438)	('>1k', 22.703509369192144)	('>5k', 10.574518349455243)	('>10k+', 24.355744414216232)
SRR19077162_2	(1.0, 13.514154995253724)	(2.0, 7.5369979796964)	(3.0, 3.8497885777994933)	(4.0, 1.9198525520229885)	(5.0, 0.9790130420286876)	(6.0, 0.575694924979883)	(7.0, 0.41207746068946643)	(8.0, 0.321309960525826)	(9.0, 0.25331778059493293)	('>10', 3.7077446257519027)	('>50', 1.6589629568076543)	('>100', 5.510863665886821)	('>500', 4.63170071107967)	('>1k', 15.123882281618778)	('>5k', 8.284698843579331)	('>10k+', 31.71993964168444)
SRR19077163_1	(1.0, 6.675483666750629)	(2.0, 2.242539035577025)	(3.0, 2.2589350328386244)	(4.0, 2.8151690263282974)	(5.0, 3.6688438425068357)	(6.0, 4.195205110499374)	(7.0, 4.494286904112253)	(8.0, 4.488379938638445)	(9.0, 4.297425006084433)	('>10', 19.493241616212288)	('>50', 1.6864096951117322)	('>100', 7.477340229231635)	('>500', 6.234968475298889)	('>1k', 17.974594111652344)	('>5k', 5.372467979649924)	('>10k+', 6.624710329507109)
SRR19077163_2	(1.0, 7.885233604387934)	(2.0, 2.1908890668257253)	(3.0, 2.130839708254224)	(4.0, 2.7048301839579127)	(5.0, 3.3791409060159316)	(6.0, 3.93778858558409)	(7.0, 4.215010575321186)	(8.0, 4.193444867951443)	(9.0, 3.8244588645305875)	('>10', 20.02108467288813)	('>50', 2.5186765111172043)	('>100', 7.182960724497097)	('>500', 4.318530390922424)	('>1k', 12.823259893746231)	('>5k', 5.739628990656347)	('>10k+', 12.934222453343496)
SRR19077164_1	(1.0, 6.685852135679299)	(2.0, 2.2311366546130262)	(3.0, 2.269044057255267)	(4.0, 2.7684230629743607)	(5.0, 3.6292395446170285)	(6.0, 4.20271168602547)	(7.0, 4.626461158756033)	(8.0, 4.60040873721456)	(9.0, 4.255891415535289)	('>10', 19.535123793097796)	('>50', 1.6734680120230656)	('>100', 7.440643489047767)	('>500', 6.31255917248677)	('>1k', 17.884328378062577)	('>5k', 5.246264282322114)	('>10k+', 6.638444420289392)
SRR19077164_2	(1.0, 7.864144788269211)	(2.0, 2.1986771514395946)	(3.0, 2.110221077328826)	(4.0, 2.6489370740285145)	(5.0, 3.3896346879812356)	(6.0, 4.095538547648519)	(7.0, 4.176350134438241)	(8.0, 4.263256891791167)	(9.0, 3.9327120585827116)	('>10', 19.95317931596142)	('>50', 2.5085814898233285)	('>100', 7.310065709288488)	('>500', 4.319688866749803)	('>1k', 12.789537121759828)	('>5k', 5.699407189147253)	('>10k+', 12.740067895761944)
SRR19077165_1	(1.0, 10.757487738044553)	(2.0, 7.508096288572751)	(3.0, 4.622718589481155)	(4.0, 2.5029953773215303)	(5.0, 1.3523815093725853)	(6.0, 0.8224573462278889)	(7.0, 0.5185986488265344)	(8.0, 0.3784922247943264)	(9.0, 0.28589237151231134)	('>10', 3.3191308448161005)	('>50', 1.280779399234808)	('>100', 4.344026076114361)	('>500', 3.5155880933181916)	('>1k', 19.107426987231285)	('>5k', 11.057101744291913)	('>10k+', 28.626826760839712)
SRR19077165_2	(1.0, 11.318534814977621)	(2.0, 7.16975504809161)	(3.0, 4.423465557703145)	(4.0, 2.4156396675615857)	(5.0, 1.402239826135742)	(6.0, 0.8106187963499302)	(7.0, 0.5157326053816894)	(8.0, 0.3861378184871689)	(9.0, 0.3093923343801742)	('>10', 3.932484990463562)	('>50', 1.6955388648818837)	('>100', 5.145807946168693)	('>500', 3.86702387702396)	('>1k', 12.889142719368404)	('>5k', 7.883375269174793)	('>10k+', 35.83510986385008)
SRR19077166_1	(1.0, 10.811073095349268)	(2.0, 7.626896569535269)	(3.0, 4.591727441260579)	(4.0, 2.527063257886485)	(5.0, 1.336723246185087)	(6.0, 0.7887485151269448)	(7.0, 0.5191593433551449)	(8.0, 0.3681280187603089)	(9.0, 0.29138324330481247)	('>10', 3.264898529460067)	('>50', 1.2679433340775224)	('>100', 4.343788110790277)	('>500', 3.5642167856689113)	('>1k', 19.105905344101085)	('>5k', 11.062887244286122)	('>10k+', 28.529457920852135)
SRR19077166_2	(1.0, 11.404371224905367)	(2.0, 7.278288967367379)	(3.0, 4.392546932560553)	(4.0, 2.481267180747641)	(5.0, 1.3501995469995878)	(6.0, 0.8246006702563511)	(7.0, 0.5334678830906494)	(8.0, 0.40193021006197405)	(9.0, 0.2990128766280221)	('>10', 3.8132188262953988)	('>50', 1.7169397330059275)	('>100', 5.189285310376498)	('>500', 3.8203652442137788)	('>1k', 12.874652030609907)	('>5k', 7.876639911091747)	('>10k+', 35.743213451789316)
SRR19077167_1	(1.0, 11.042893405736937)	(2.0, 8.029289808407228)	(3.0, 5.057515641421604)	(4.0, 2.8569429497588206)	(5.0, 1.5270673519817985)	(6.0, 0.9064183947459281)	(7.0, 0.5715390261373007)	(8.0, 0.40593737655243634)	(9.0, 0.34576067792870174)	('>10', 3.559874487032142)	('>50', 1.341692350070937)	('>100', 4.6459204561521865)	('>500', 3.881632149024629)	('>1k', 18.219994741214617)	('>5k', 10.76253844757174)	('>10k+', 26.844982736263006)
SRR19077167_2	(1.0, 11.64944820185876)	(2.0, 7.7213139629884004)	(3.0, 4.835306700580595)	(4.0, 2.709309851649001)	(5.0, 1.533660114773118)	(6.0, 0.9025644848736424)	(7.0, 0.5950210951074447)	(8.0, 0.4112704568570523)	(9.0, 0.36463066179050796)	('>10', 4.124748921012291)	('>50', 1.7575656866237739)	('>100', 5.298595481498896)	('>500', 3.646364893182504)	('>1k', 13.636984307671426)	('>5k', 7.729509564277361)	('>10k+', 33.08370561525518)
SRR19077168_1	(1.0, 11.103021731380162)	(2.0, 8.027003843515391)	(3.0, 5.022114908093472)	(4.0, 2.8682719619101307)	(5.0, 1.5355422803390926)	(6.0, 0.8922406625782118)	(7.0, 0.5749120114678677)	(8.0, 0.4284738794341115)	(9.0, 0.33051978558569456)	('>10', 3.620629988937072)	('>50', 1.3171812322863765)	('>100', 4.640776525969493)	('>500', 3.854214472611136)	('>1k', 18.280467096995384)	('>5k', 10.809893959955357)	('>10k+', 26.694735658941138)
SRR19077168_2	(1.0, 11.726490465764924)	(2.0, 7.606811976947679)	(3.0, 4.8353086346070935)	(4.0, 2.7840647631386535)	(5.0, 1.529203928502087)	(6.0, 0.9070163111477464)	(7.0, 0.5984116623342116)	(8.0, 0.4225483894101341)	(9.0, 0.3235224616202633)	('>10', 4.154118417977993)	('>50', 1.8429713889714483)	('>100', 5.334198567195967)	('>500', 3.6722857666632946)	('>1k', 13.572444331188427)	('>5k', 7.95578003320659)	('>10k+', 32.734822901323476)
SRR19077169_1	(1.0, 7.9161240534252055)	(2.0, 5.0928034465497465)	(3.0, 2.9600175962934783)	(4.0, 1.574064508505952)	(5.0, 0.943362134548028)	(6.0, 0.5769971391192407)	(7.0, 0.433014908797302)	(8.0, 0.32988931328942533)	(9.0, 0.2963314276215931)	('>10', 3.2060796459073844)	('>50', 1.177487459656977)	('>100', 6.0314355479458435)	('>500', 4.82437565468605)	('>1k', 25.166909326299606)	('>5k', 12.063782662529446)	('>10k+', 27.40732517482467)
SRR19077169_2	(1.0, 8.930295666383513)	(2.0, 4.846983086892735)	(3.0, 2.78312926331308)	(4.0, 1.5031363589530433)	(5.0, 0.8567331544757275)	(6.0, 0.5768159585056551)	(7.0, 0.40112928207245147)	(8.0, 0.3400593680678546)	(9.0, 0.26448710637411926)	('>10', 3.9204239343530176)	('>50', 1.8923056982852264)	('>100', 6.469761138816889)	('>500', 5.417268484774971)	('>1k', 16.734006177936855)	('>5k', 8.51872255256728)	('>10k+', 36.54474276822757)
SRR19077170_1	(1.0, 7.84968618408252)	(2.0, 5.062098404208931)	(3.0, 3.053239698425714)	(4.0, 1.6332219435849018)	(5.0, 0.9242580228252081)	(6.0, 0.602610175725365)	(7.0, 0.41586316425575337)	(8.0, 0.3511399507154172)	(9.0, 0.29368555315881717)	('>10', 3.1676084965517095)	('>50', 1.1617016132324898)	('>100', 6.03514141420208)	('>500', 4.8194823846386265)	('>1k', 25.340956792369298)	('>5k', 12.063778393477032)	('>10k+', 27.225527808546126)
SRR19077170_2	(1.0, 8.962391981181556)	(2.0, 4.857010579293741)	(3.0, 2.8464008213489214)	(4.0, 1.5409375160674068)	(5.0, 0.8534258808185359)	(6.0, 0.5495098772461482)	(7.0, 0.4120800957689948)	(8.0, 0.3289299945807586)	(9.0, 0.26714508350803035)	('>10', 3.983415474607187)	('>50', 1.8799942599408914)	('>100', 6.529537552268039)	('>500', 5.461082676205632)	('>1k', 16.68758684832987)	('>5k', 8.590821335726362)	('>10k+', 36.249730023107944)
