Sample	fastqc-percent_duplicates	fastqc-percent_gc	fastqc-avg_sequence_length	fastqc-median_sequence_length	fastqc-percent_fails	fastqc-total_sequences
SRR19077097_1	69.9945565329423	52.0	101.0	101	30.0	17.949711
SRR19077097_2	70.40229107479061	52.0	101.0	101	10.0	17.949711
SRR19077098_1	69.10777173431694	52.0	101.0	101	30.0	17.740437
SRR19077098_2	69.57337130300954	52.0	101.0	101	10.0	17.740437
SRR19077099_1	76.41773950817377	53.0	101.0	101	30.0	8.047552
SRR19077099_2	76.23468581646463	52.0	101.0	101	30.0	8.047552
SRR19077100_1	76.0230469700648	53.0	101.0	101	30.0	8.011172
SRR19077100_2	75.83612363757311	52.0	101.0	101	30.0	8.011172
SRR19077101_1	40.27961069305284	47.0	101.0	101	0.0	14.419856999999999
SRR19077101_2	42.12778266037874	47.0	101.0	101	0.0	14.419856999999999
SRR19077102_1	39.53836919562668	47.0	101.0	101	0.0	14.301442
SRR19077102_2	41.252560936189134	47.0	101.0	101	0.0	14.301442
SRR19077103_1	80.33639324195916	54.0	101.0	101	30.0	23.508143999999998
SRR19077103_2	80.43452925200336	54.0	101.0	101	30.0	23.508143999999998
SRR19077104_1	79.7072504955036	54.0	101.0	101	30.0	23.279743999999997
SRR19077104_2	79.70273100405203	54.0	101.0	101	30.0	23.279743999999997
SRR19077105_1	90.19242435411357	57.0	101.0	101	30.0	14.077952999999999
SRR19077105_2	89.15233623548923	56.0	101.0	101	40.0	14.077952999999999
SRR19077106_1	89.88883902062264	56.0	101.0	101	30.0	13.84944
SRR19077106_2	88.91706473232608	56.0	101.0	101	40.0	13.84944
SRR19077107_1	66.19084559890197	49.0	101.0	101	10.0	14.084133999999999
SRR19077107_2	66.79136226872703	49.0	101.0	101	10.0	14.084133999999999
SRR19077108_1	65.41332020770949	49.0	101.0	101	10.0	13.922307
SRR19077108_2	66.01636442967612	49.0	101.0	101	10.0	13.922307
SRR19077109_1	76.73726578588453	53.0	101.0	101	30.0	15.585433
SRR19077109_2	76.78085735497667	52.0	101.0	101	30.0	15.585433
SRR19077110_1	75.91073810028745	53.0	101.0	101	30.0	15.450002
SRR19077110_2	75.94633139800833	52.0	101.0	101	30.0	15.450002
SRR19077111_1	87.80113508465456	54.0	101.0	101	30.0	17.415083
SRR19077111_2	87.44253664668061	53.0	101.0	101	40.0	17.415083
SRR19077112_1	87.31134145021193	54.0	101.0	101	30.0	17.238643
SRR19077112_2	86.94888706406911	53.0	101.0	101	40.0	17.238643
SRR19077113_1	57.444806758098586	48.0	101.0	101	20.0	9.17085
SRR19077113_2	58.73610467315335	47.0	101.0	101	20.0	9.17085
SRR19077114_1	56.965835821749465	48.0	101.0	101	20.0	9.109733
SRR19077114_2	58.18199012038514	47.0	101.0	101	20.0	9.109733
SRR19077115_1	47.38487241357796	49.0	101.0	101	0.0	15.916473
SRR19077115_2	48.50641817895172	49.0	101.0	101	0.0	15.916473
SRR19077116_1	46.7150914535393	49.0	101.0	101	0.0	15.809282999999999
SRR19077116_2	47.88744200793664	49.0	101.0	101	0.0	15.809282999999999
SRR19077117_1	61.366361808200566	50.0	101.0	101	20.0	13.569408999999998
SRR19077117_2	61.916638207546235	50.0	101.0	101	10.0	13.569408999999998
SRR19077118_1	60.46736451474614	50.0	101.0	101	20.0	13.439165
SRR19077118_2	61.10220421987115	50.0	101.0	101	10.0	13.439165
SRR19077119_1	70.03656307989546	53.0	101.0	101	20.0	13.797343999999999
SRR19077119_2	70.58845937736001	52.0	101.0	101	30.0	13.797343999999999
SRR19077120_1	69.3250211847988	53.0	101.0	101	30.0	13.640654
SRR19077120_2	69.99317289454916	52.0	101.0	101	30.0	13.640654
SRR19077121_1	62.24665826140153	50.0	101.0	101	20.0	13.297386
SRR19077121_2	62.775845969408955	50.0	101.0	101	10.0	13.297386
SRR19077122_1	61.424064346680055	50.0	101.0	101	20.0	13.132071999999999
SRR19077122_2	62.01798504395105	50.0	101.0	101	10.0	13.132071999999999
SRR19077123_1	79.38432035315978	55.0	101.0	101	30.0	16.031647
SRR19077123_2	79.82734643905388	54.0	101.0	101	30.0	16.031647
SRR19077124_1	78.83291522313571	55.0	101.0	101	30.0	15.851856
SRR19077124_2	79.4112359507158	54.0	101.0	101	30.0	15.851856
SRR19077125_1	64.75492556109933	51.0	101.0	101	10.0	15.132816
SRR19077125_2	64.98972171702968	51.0	101.0	101	10.0	15.132816
SRR19077126_1	63.98107250785735	51.0	101.0	101	10.0	14.992434
SRR19077126_2	64.30881503468115	51.0	101.0	101	10.0	14.992434
SRR19077127_1	69.15000853299404	52.0	101.0	101	20.0	14.345372
SRR19077127_2	69.63910570945242	51.0	101.0	101	10.0	14.345372
SRR19077128_1	68.290048574806	52.0	101.0	101	20.0	14.182468
SRR19077128_2	68.8069368866724	51.0	101.0	101	10.0	14.182468
SRR19077129_1	93.11318141149486	56.0	101.0	101	30.0	41.934377
SRR19077129_2	91.80123509786122	56.0	101.0	101	40.0	41.934377
SRR19077130_1	93.12190427349003	56.0	101.0	101	30.0	41.754807
SRR19077130_2	91.75421462454418	56.0	101.0	101	40.0	41.754807
SRR19077131_1	76.09264941579403	50.0	101.0	101	10.0	37.283545
SRR19077131_2	75.98357072017835	49.0	101.0	101	10.0	37.283545
SRR19077132_1	76.02303022754742	50.0	101.0	101	10.0	37.172717999999996
SRR19077132_2	75.71220846425528	49.0	101.0	101	10.0	37.172717999999996
SRR19077133_1	84.59618696105893	49.0	101.0	101	30.0	34.242075
SRR19077133_2	84.07043274824535	49.0	101.0	101	30.0	34.242075
SRR19077134_1	84.62230361830564	49.0	101.0	101	30.0	34.01265
SRR19077134_2	83.94189046037435	49.0	101.0	101	30.0	34.01265
SRR19077135_1	91.98805915513323	53.0	101.0	101	40.0	33.193944
SRR19077135_2	91.07758237904616	52.0	101.0	101	40.0	33.193944
SRR19077136_1	91.97361214765067	53.0	101.0	101	40.0	32.793175
SRR19077136_2	90.98650816286587	52.0	101.0	101	40.0	32.793175
SRR19077137_1	77.02375335016464	48.0	101.0	101	20.0	36.777756
SRR19077137_2	76.9025844692032	47.0	101.0	101	30.0	36.777756
SRR19077138_1	76.7181714752642	48.0	101.0	101	20.0	36.681081
SRR19077138_2	76.59250640716947	47.0	101.0	101	30.0	36.681081
SRR19077139_1	82.83423841705518	49.0	101.0	101	30.0	35.605027
SRR19077139_2	82.65876417721117	48.0	101.0	101	40.0	35.605027
SRR19077140_1	82.81485206832974	49.0	101.0	101	30.0	35.504295
SRR19077140_2	82.5467682535894	48.0	101.0	101	40.0	35.504295
SRR19077141_1	79.76450122763717	49.0	101.0	101	20.0	44.123796999999996
SRR19077141_2	79.36763894788507	49.0	101.0	101	20.0	44.123796999999996
SRR19077142_1	79.84318481731236	49.0	101.0	101	20.0	44.295114999999996
SRR19077142_2	79.22599174016234	49.0	101.0	101	20.0	44.295114999999996
SRR19077143_1	84.23988135373389	50.0	101.0	101	30.0	43.55641
SRR19077143_2	83.73274479307422	50.0	101.0	101	30.0	43.55641
SRR19077144_1	84.10453656671685	50.0	101.0	101	30.0	43.594643
SRR19077144_2	83.52243790438693	50.0	101.0	101	30.0	43.594643
SRR19077145_1	86.10914949745542	51.0	101.0	101	30.0	35.180737
SRR19077145_2	85.49415592963834	50.0	101.0	101	20.0	35.180737
SRR19077146_1	86.00359353968202	51.0	101.0	101	30.0	35.085820999999996
SRR19077146_2	85.43703529879006	50.0	101.0	101	20.0	35.085820999999996
SRR19077147_1	82.2438938531185	48.0	101.0	101	20.0	29.437175999999997
SRR19077147_2	81.79404090877551	48.0	101.0	101	30.0	29.437175999999997
SRR19077148_1	82.19466657759283	48.0	101.0	101	20.0	29.559496
SRR19077148_2	81.66733543677404	48.0	101.0	101	30.0	29.559496
SRR19077149_1	86.52374932588332	50.0	101.0	101	20.0	37.526547
SRR19077149_2	85.81871777229675	50.0	101.0	101	20.0	37.526547
SRR19077150_1	86.37789610386419	50.0	101.0	101	20.0	37.424813
SRR19077150_2	85.73080436159765	50.0	101.0	101	20.0	37.424813
SRR19077151_1	89.9964732726309	50.0	101.0	101	30.0	34.696821
SRR19077151_2	89.31061993962109	50.0	101.0	101	30.0	34.696821
SRR19077152_1	90.02135447987635	50.0	101.0	101	30.0	34.61788
SRR19077152_2	89.16820944996616	50.0	101.0	101	30.0	34.61788
SRR19077153_1	85.70523473831479	51.0	101.0	101	30.0	37.114757
SRR19077153_2	85.20575194801619	51.0	101.0	101	30.0	37.114757
SRR19077154_1	85.52928770865584	51.0	101.0	101	30.0	37.030111
SRR19077154_2	85.0231625645324	51.0	101.0	101	30.0	37.030111
SRR19077155_1	77.83949265996799	46.0	101.0	101	20.0	25.538549
SRR19077155_2	77.68634470056998	46.0	101.0	101	40.0	25.538549
SRR19077156_1	77.61706241993762	46.0	101.0	101	20.0	25.433722
SRR19077156_2	77.43215650902104	46.0	101.0	101	40.0	25.433722
SRR19077157_1	82.97445765957521	52.0	101.0	101	30.0	37.671137
SRR19077157_2	82.74007688134661	51.0	101.0	101	40.0	37.671137
SRR19077158_1	82.79476611045254	52.0	101.0	101	30.0	37.53068
SRR19077158_2	82.60052276307012	51.0	101.0	101	40.0	37.53068
SRR19077159_1	85.3534685981257	50.0	101.0	101	20.0	36.739492
SRR19077159_2	84.63307891841862	50.0	101.0	101	20.0	36.739492
SRR19077160_1	85.23738769692609	50.0	101.0	101	20.0	36.437526999999996
SRR19077160_2	84.56317930433126	49.0	101.0	101	20.0	36.437526999999996
SRR19077161_1	81.05604910888489	49.0	101.0	101	30.0	35.268412999999995
SRR19077161_2	80.43287479212326	49.0	101.0	101	30.0	35.268412999999995
SRR19077162_1	80.82827598366038	49.0	101.0	101	30.0	35.116246
SRR19077162_2	80.28207358613183	49.0	101.0	101	30.0	35.116246
SRR19077163_1	86.1487729655189	44.0	101.0	101	10.0	32.304072
SRR19077163_2	85.2722034541264	44.0	101.0	101	20.0	32.304072
SRR19077164_1	86.12285941845929	44.0	101.0	101	10.0	32.118628
SRR19077164_2	85.26923701984508	43.0	101.0	101	20.0	32.118628
SRR19077165_1	82.53184413130802	49.0	101.0	101	20.0	39.895302
SRR19077165_2	82.1812607920813	49.0	101.0	101	30.0	39.895302
SRR19077166_1	82.43270208322063	49.0	101.0	101	20.0	39.855185
SRR19077166_2	82.04599053433888	49.0	101.0	101	30.0	39.855185
SRR19077167_1	81.66961084384893	48.0	101.0	101	20.0	36.172757
SRR19077167_2	81.28801010460711	47.0	101.0	101	20.0	36.172757
SRR19077168_1	81.61341692628937	48.0	101.0	101	20.0	35.931215
SRR19077168_2	81.25050990764083	47.0	101.0	101	20.0	35.931215
SRR19077169_1	87.49920412953283	50.0	101.0	101	30.0	37.146025
SRR19077169_2	86.67468262931115	49.0	101.0	101	20.0	37.146025
SRR19077170_1	87.53604536905587	50.0	101.0	101	30.0	37.019869
SRR19077170_2	86.60883225976153	49.0	101.0	101	20.0	37.019869
