Sample	0	1	2	3	4	5	6	7	8	9	10	11	12	13	14	15	16	17	18	19	20	21	22	23	24	25	26	27	28	29	30	31	32	33	34	35	36	37	38	39	40	41	42	43	44	45	46	47	48	49	50	51	52	53	54	55	56	57	58	59	60	61	62	63	64	65	66	67	68	69	70	71	72	73	74	75	76	77	78	79	80	81	82	83	84	85	86	87	88	89	90	91	92	93	94	95	96	97	98	99	100
SRR15652275_1	(0.0, 1423.0)	(1.0, 858.5)	(2.0, 281.5)	(3.0, 272.5)	(4.0, 291.5)	(5.0, 294.0)	(6.0, 254.0)	(7.0, 222.0)	(8.0, 216.5)	(9.0, 212.5)	(10.0, 203.0)	(11.0, 203.0)	(12.0, 227.5)	(13.0, 243.5)	(14.0, 255.0)	(15.0, 310.0)	(16.0, 368.5)	(17.0, 445.5)	(18.0, 572.0)	(19.0, 696.5)	(20.0, 860.0)	(21.0, 1139.0)	(22.0, 1601.5)	(23.0, 2295.0)	(24.0, 3309.0)	(25.0, 4830.0)	(26.0, 9193.0)	(27.0, 18586.5)	(28.0, 25436.0)	(29.0, 28835.0)	(30.0, 39926.0)	(31.0, 53662.5)	(32.0, 74111.0)	(33.0, 99802.5)	(34.0, 126410.0)	(35.0, 159736.0)	(36.0, 203626.0)	(37.0, 265387.5)	(38.0, 331932.5)	(39.0, 414974.0)	(40.0, 492191.0)	(41.0, 570511.5)	(42.0, 691698.0)	(43.0, 818575.0)	(44.0, 942929.5)	(45.0, 1056282.0)	(46.0, 1189569.5)	(47.0, 1157101.5)	(48.0, 1089454.0)	(49.0, 1067335.0)	(50.0, 969313.5)	(51.0, 1005514.5)	(52.0, 1042671.5)	(53.0, 996184.5)	(54.0, 958801.5)	(55.0, 969540.5)	(56.0, 1015757.5)	(57.0, 902857.0)	(58.0, 729518.5)	(59.0, 657205.0)	(60.0, 608393.5)	(61.0, 558663.0)	(62.0, 478993.0)	(63.0, 406344.5)	(64.0, 339868.0)	(65.0, 269395.5)	(66.0, 217927.5)	(67.0, 179924.0)	(68.0, 149806.0)	(69.0, 109450.0)	(70.0, 70797.0)	(71.0, 48272.5)	(72.0, 32571.0)	(73.0, 24912.0)	(74.0, 21814.5)	(75.0, 21453.5)	(76.0, 36054.5)	(77.0, 35425.5)	(78.0, 21304.0)	(79.0, 19516.5)	(80.0, 15833.0)	(81.0, 24204.0)	(82.0, 54787.0)	(83.0, 44335.0)	(84.0, 18983.5)	(85.0, 22946.0)	(86.0, 19127.5)	(87.0, 14182.5)	(88.0, 10036.5)	(89.0, 10485.0)	(90.0, 11970.0)	(91.0, 10225.5)	(92.0, 7065.0)	(93.0, 5506.0)	(94.0, 3956.0)	(95.0, 2411.0)	(96.0, 1296.0)	(97.0, 943.5)	(98.0, 722.0)	(99.0, 384.0)	(100.0, 108.0)
SRR15652275_2	(0.0, 2259.0)	(1.0, 2381.5)	(2.0, 2788.0)	(3.0, 3469.5)	(4.0, 4151.0)	(5.0, 4645.5)	(6.0, 5001.0)	(7.0, 5324.0)	(8.0, 5629.0)	(9.0, 5777.0)	(10.0, 5848.0)	(11.0, 6023.0)	(12.0, 6228.0)	(13.0, 6383.5)	(14.0, 6403.0)	(15.0, 6419.0)	(16.0, 6539.5)	(17.0, 6613.5)	(18.0, 6719.5)	(19.0, 6960.5)	(20.0, 7239.0)	(21.0, 7624.0)	(22.0, 8267.0)	(23.0, 9581.5)	(24.0, 11253.5)	(25.0, 16049.5)	(26.0, 21770.0)	(27.0, 28160.5)	(28.0, 34270.5)	(29.0, 39461.5)	(30.0, 48694.0)	(31.0, 61700.0)	(32.0, 79803.0)	(33.0, 105122.5)	(34.0, 137120.5)	(35.0, 179961.5)	(36.0, 230505.0)	(37.0, 292129.0)	(38.0, 374961.0)	(39.0, 458393.5)	(40.0, 522859.5)	(41.0, 587035.0)	(42.0, 684984.5)	(43.0, 773582.0)	(44.0, 828612.5)	(45.0, 881731.5)	(46.0, 953156.5)	(47.0, 960570.5)	(48.0, 959064.5)	(49.0, 976059.5)	(50.0, 978702.5)	(51.0, 1042108.0)	(52.0, 1038557.0)	(53.0, 1000461.5)	(54.0, 994959.0)	(55.0, 995126.0)	(56.0, 1019990.0)	(57.0, 917955.0)	(58.0, 763610.0)	(59.0, 709711.5)	(60.0, 652548.0)	(61.0, 582052.0)	(62.0, 497765.5)	(63.0, 406830.5)	(64.0, 342195.5)	(65.0, 288181.5)	(66.0, 236340.5)	(67.0, 188356.0)	(68.0, 145062.0)	(69.0, 107631.0)	(70.0, 81947.5)	(71.0, 60658.0)	(72.0, 44605.5)	(73.0, 35788.0)	(74.0, 30743.5)	(75.0, 25161.5)	(76.0, 22043.5)	(77.0, 20182.5)	(78.0, 18185.5)	(79.0, 18426.5)	(80.0, 18815.0)	(81.0, 20413.5)	(82.0, 29391.0)	(83.0, 30023.5)	(84.0, 26227.0)	(85.0, 33091.5)	(86.0, 32690.0)	(87.0, 28139.5)	(88.0, 30329.5)	(89.0, 34722.0)	(90.0, 37245.5)	(91.0, 29611.5)	(92.0, 17439.0)	(93.0, 11817.0)	(94.0, 9930.0)	(95.0, 9046.0)	(96.0, 8401.5)	(97.0, 7766.0)	(98.0, 7513.5)	(99.0, 8545.0)	(100.0, 24869.0)
SRR15652276_1	(0.0, 9728.0)	(1.0, 5599.5)	(2.0, 1288.0)	(3.0, 1044.5)	(4.0, 894.0)	(5.0, 698.0)	(6.0, 553.0)	(7.0, 458.5)	(8.0, 373.0)	(9.0, 327.5)	(10.0, 288.5)	(11.0, 259.5)	(12.0, 257.5)	(13.0, 254.0)	(14.0, 250.0)	(15.0, 268.5)	(16.0, 302.5)	(17.0, 365.0)	(18.0, 452.5)	(19.0, 569.0)	(20.0, 740.5)	(21.0, 922.5)	(22.0, 1396.5)	(23.0, 1999.0)	(24.0, 2883.0)	(25.0, 4885.5)	(26.0, 11262.5)	(27.0, 23581.0)	(28.0, 29460.0)	(29.0, 30221.5)	(30.0, 40774.5)	(31.0, 54622.5)	(32.0, 71491.5)	(33.0, 92435.5)	(34.0, 116404.5)	(35.0, 149339.5)	(36.0, 196612.0)	(37.0, 258347.0)	(38.0, 322364.0)	(39.0, 397528.0)	(40.0, 484482.0)	(41.0, 565730.5)	(42.0, 638168.5)	(43.0, 675668.0)	(44.0, 730357.5)	(45.0, 812333.0)	(46.0, 840917.5)	(47.0, 830851.5)	(48.0, 909201.0)	(49.0, 931077.0)	(50.0, 841305.0)	(51.0, 878883.5)	(52.0, 936756.0)	(53.0, 915730.0)	(54.0, 852195.0)	(55.0, 760159.5)	(56.0, 700618.5)	(57.0, 621661.5)	(58.0, 527308.0)	(59.0, 466367.5)	(60.0, 425412.0)	(61.0, 419946.0)	(62.0, 381233.5)	(63.0, 312985.5)	(64.0, 283749.5)	(65.0, 263990.5)	(66.0, 271619.0)	(67.0, 278252.0)	(68.0, 220555.0)	(69.0, 152450.0)	(70.0, 102795.5)	(71.0, 59287.0)	(72.0, 35668.0)	(73.0, 32410.0)	(74.0, 23151.0)	(75.0, 14970.0)	(76.0, 26906.5)	(77.0, 24948.5)	(78.0, 10267.0)	(79.0, 7529.0)	(80.0, 6523.5)	(81.0, 7447.5)	(82.0, 13455.0)	(83.0, 10659.5)	(84.0, 3793.0)	(85.0, 4291.0)	(86.0, 4111.0)	(87.0, 3292.5)	(88.0, 2277.0)	(89.0, 2472.5)	(90.0, 3569.5)	(91.0, 3772.5)	(92.0, 2830.0)	(93.0, 2029.5)	(94.0, 1314.0)	(95.0, 919.5)	(96.0, 688.0)	(97.0, 512.5)	(98.0, 338.5)	(99.0, 159.0)	(100.0, 41.5)
SRR15652276_2	(0.0, 3305.0)	(1.0, 3172.5)	(2.0, 3431.0)	(3.0, 4259.0)	(4.0, 5045.5)	(5.0, 5389.0)	(6.0, 5505.5)	(7.0, 5580.5)	(8.0, 5500.5)	(9.0, 5531.0)	(10.0, 5576.5)	(11.0, 5709.5)	(12.0, 5819.5)	(13.0, 5883.0)	(14.0, 6066.0)	(15.0, 6111.5)	(16.0, 6213.5)	(17.0, 6471.5)	(18.0, 6650.0)	(19.0, 6803.0)	(20.0, 7132.5)	(21.0, 7695.5)	(22.0, 8435.5)	(23.0, 9548.0)	(24.0, 11168.5)	(25.0, 15263.0)	(26.0, 21256.5)	(27.0, 29265.5)	(28.0, 36223.0)	(29.0, 41512.5)	(30.0, 49557.5)	(31.0, 61810.0)	(32.0, 77930.0)	(33.0, 100271.0)	(34.0, 131433.0)	(35.0, 174549.5)	(36.0, 218662.5)	(37.0, 268888.0)	(38.0, 336263.0)	(39.0, 398370.0)	(40.0, 450751.5)	(41.0, 506497.5)	(42.0, 574859.5)	(43.0, 621356.5)	(44.0, 658558.0)	(45.0, 731722.5)	(46.0, 808460.0)	(47.0, 805379.0)	(48.0, 792475.5)	(49.0, 837740.5)	(50.0, 907203.5)	(51.0, 968635.0)	(52.0, 944845.0)	(53.0, 894235.0)	(54.0, 825619.0)	(55.0, 750281.5)	(56.0, 729849.5)	(57.0, 659952.5)	(58.0, 559286.5)	(59.0, 506782.5)	(60.0, 478300.5)	(61.0, 457404.0)	(62.0, 407027.0)	(63.0, 366099.5)	(64.0, 321529.5)	(65.0, 267701.0)	(66.0, 246160.0)	(67.0, 211771.5)	(68.0, 152903.0)	(69.0, 106811.0)	(70.0, 80264.5)	(71.0, 55329.0)	(72.0, 37696.5)	(73.0, 29179.0)	(74.0, 24439.0)	(75.0, 19628.5)	(76.0, 17783.5)	(77.0, 15559.0)	(78.0, 12097.0)	(79.0, 10971.0)	(80.0, 10369.0)	(81.0, 9905.5)	(82.0, 12061.0)	(83.0, 12077.5)	(84.0, 10775.5)	(85.0, 11434.0)	(86.0, 10817.0)	(87.0, 9931.0)	(88.0, 9954.0)	(89.0, 10806.0)	(90.0, 11681.5)	(91.0, 10261.0)	(92.0, 7358.5)	(93.0, 5880.5)	(94.0, 5416.5)	(95.0, 5259.5)	(96.0, 5049.0)	(97.0, 4919.5)	(98.0, 5205.0)	(99.0, 6055.0)	(100.0, 16201.0)
SRR15652277_1	(0.0, 19208.0)	(1.0, 11621.0)	(2.0, 3619.0)	(3.0, 3223.0)	(4.0, 3073.5)	(5.0, 2656.0)	(6.0, 2157.5)	(7.0, 1746.5)	(8.0, 1481.0)	(9.0, 1197.5)	(10.0, 974.0)	(11.0, 856.5)	(12.0, 741.0)	(13.0, 661.5)	(14.0, 644.5)	(15.0, 630.0)	(16.0, 598.0)	(17.0, 604.5)	(18.0, 627.0)	(19.0, 685.0)	(20.0, 900.0)	(21.0, 1078.5)	(22.0, 1333.5)	(23.0, 1842.5)	(24.0, 2362.5)	(25.0, 3191.0)	(26.0, 5925.0)	(27.0, 12069.5)	(28.0, 16491.0)	(29.0, 18635.0)	(30.0, 24095.5)	(31.0, 30329.5)	(32.0, 40678.5)	(33.0, 59101.0)	(34.0, 79964.5)	(35.0, 100715.5)	(36.0, 129097.0)	(37.0, 175068.0)	(38.0, 234871.0)	(39.0, 307485.5)	(40.0, 385096.5)	(41.0, 452586.5)	(42.0, 531500.0)	(43.0, 632438.0)	(44.0, 798739.5)	(45.0, 949615.5)	(46.0, 921405.0)	(47.0, 814663.0)	(48.0, 815491.5)	(49.0, 819506.5)	(50.0, 792590.5)	(51.0, 877356.5)	(52.0, 977926.5)	(53.0, 945651.0)	(54.0, 813804.0)	(55.0, 712542.0)	(56.0, 712755.5)	(57.0, 623458.0)	(58.0, 471598.0)	(59.0, 404086.0)	(60.0, 358087.0)	(61.0, 341820.5)	(62.0, 307262.0)	(63.0, 256533.0)	(64.0, 238502.0)	(65.0, 239606.0)	(66.0, 306201.5)	(67.0, 304822.5)	(68.0, 187702.5)	(69.0, 134955.0)	(70.0, 107281.0)	(71.0, 60400.0)	(72.0, 33210.5)	(73.0, 27917.5)	(74.0, 22033.5)	(75.0, 18542.0)	(76.0, 26218.5)	(77.0, 27023.0)	(78.0, 20828.5)	(79.0, 26317.5)	(80.0, 35487.5)	(81.0, 43827.5)	(82.0, 57997.0)	(83.0, 39395.5)	(84.0, 10957.5)	(85.0, 9723.5)	(86.0, 10223.5)	(87.0, 9345.0)	(88.0, 6430.0)	(89.0, 5588.5)	(90.0, 4462.5)	(91.0, 3349.0)	(92.0, 2474.5)	(93.0, 1727.0)	(94.0, 1278.0)	(95.0, 1116.5)	(96.0, 1011.5)	(97.0, 792.5)	(98.0, 419.0)	(99.0, 140.5)	(100.0, 33.5)
SRR15652277_2	(0.0, 2928.0)	(1.0, 2706.0)	(2.0, 3414.5)	(3.0, 5445.5)	(4.0, 6432.5)	(5.0, 5882.5)	(6.0, 5017.0)	(7.0, 4099.5)	(8.0, 3272.0)	(9.0, 2671.0)	(10.0, 2221.5)	(11.0, 1996.0)	(12.0, 1843.0)	(13.0, 1668.0)	(14.0, 1611.5)	(15.0, 1627.5)	(16.0, 1686.5)	(17.0, 1723.5)	(18.0, 1802.5)	(19.0, 1936.5)	(20.0, 2073.0)	(21.0, 2284.0)	(22.0, 2567.5)	(23.0, 3084.5)	(24.0, 3796.5)	(25.0, 5976.0)	(26.0, 9598.0)	(27.0, 13563.5)	(28.0, 16913.0)	(29.0, 20639.0)	(30.0, 26504.0)	(31.0, 35172.0)	(32.0, 46407.5)	(33.0, 61440.5)	(34.0, 82059.0)	(35.0, 109711.0)	(36.0, 147815.5)	(37.0, 195327.5)	(38.0, 254234.0)	(39.0, 306821.5)	(40.0, 360440.0)	(41.0, 435759.0)	(42.0, 524928.0)	(43.0, 591078.5)	(44.0, 667535.5)	(45.0, 792727.5)	(46.0, 808718.5)	(47.0, 728244.5)	(48.0, 717393.5)	(49.0, 822563.0)	(50.0, 953429.0)	(51.0, 1037765.0)	(52.0, 1043553.5)	(53.0, 971174.5)	(54.0, 865931.5)	(55.0, 784309.0)	(56.0, 775290.5)	(57.0, 681367.5)	(58.0, 529346.5)	(59.0, 455426.0)	(60.0, 416656.5)	(61.0, 377691.5)	(62.0, 327408.5)	(63.0, 292880.5)	(64.0, 264652.0)	(65.0, 236315.5)	(66.0, 216041.0)	(67.0, 184085.0)	(68.0, 131953.5)	(69.0, 85042.0)	(70.0, 60880.0)	(71.0, 42137.5)	(72.0, 30198.0)	(73.0, 22921.5)	(74.0, 19815.5)	(75.0, 18473.0)	(76.0, 17549.0)	(77.0, 15510.5)	(78.0, 13141.0)	(79.0, 13207.5)	(80.0, 14179.5)	(81.0, 16251.5)	(82.0, 22157.0)	(83.0, 22928.0)	(84.0, 19803.5)	(85.0, 18406.0)	(86.0, 16931.5)	(87.0, 16862.5)	(88.0, 16143.0)	(89.0, 15863.5)	(90.0, 14940.5)	(91.0, 12968.5)	(92.0, 11944.5)	(93.0, 12226.5)	(94.0, 13287.0)	(95.0, 14693.5)	(96.0, 14676.0)	(97.0, 11349.0)	(98.0, 6032.0)	(99.0, 2376.0)	(100.0, 2557.5)
SRR15652278_1	(0.0, 6420.0)	(1.0, 4105.0)	(2.0, 1470.5)	(3.0, 1044.0)	(4.0, 879.5)	(5.0, 769.0)	(6.0, 655.5)	(7.0, 559.5)	(8.0, 497.0)	(9.0, 448.0)	(10.0, 415.5)	(11.0, 390.0)	(12.0, 369.0)	(13.0, 372.5)	(14.0, 402.5)	(15.0, 429.5)	(16.0, 480.5)	(17.0, 605.5)	(18.0, 789.5)	(19.0, 1072.0)	(20.0, 1592.5)	(21.0, 2035.5)	(22.0, 3023.0)	(23.0, 4323.5)	(24.0, 5897.0)	(25.0, 8969.5)	(26.0, 15865.0)	(27.0, 28332.5)	(28.0, 38842.0)	(29.0, 47853.5)	(30.0, 68574.0)	(31.0, 93326.5)	(32.0, 125771.5)	(33.0, 169340.0)	(34.0, 213819.0)	(35.0, 265562.0)	(36.0, 335847.5)	(37.0, 426798.0)	(38.0, 526847.0)	(39.0, 652760.5)	(40.0, 784829.0)	(41.0, 911734.5)	(42.0, 1079574.5)	(43.0, 1242334.0)	(44.0, 1407513.5)	(45.0, 1579108.0)	(46.0, 1645900.5)	(47.0, 1593616.5)	(48.0, 1600055.5)	(49.0, 1521072.5)	(50.0, 1354155.5)	(51.0, 1388585.5)	(52.0, 1439762.5)	(53.0, 1403137.0)	(54.0, 1394499.5)	(55.0, 1453221.5)	(56.0, 1513733.0)	(57.0, 1335928.5)	(58.0, 1071484.0)	(59.0, 942318.0)	(60.0, 854573.5)	(61.0, 798504.5)	(62.0, 708066.0)	(63.0, 610427.5)	(64.0, 532904.0)	(65.0, 436492.0)	(66.0, 346784.0)	(67.0, 283565.0)	(68.0, 247697.0)	(69.0, 192981.0)	(70.0, 128000.5)	(71.0, 86737.5)	(72.0, 59928.5)	(73.0, 47293.5)	(74.0, 40833.0)	(75.0, 43709.0)	(76.0, 83756.5)	(77.0, 80170.5)	(78.0, 47245.0)	(79.0, 43192.0)	(80.0, 28966.5)	(81.0, 30283.0)	(82.0, 51954.0)	(83.0, 43534.5)	(84.0, 26756.0)	(85.0, 32620.0)	(86.0, 31480.0)	(87.0, 22829.5)	(88.0, 12403.5)	(89.0, 13873.5)	(90.0, 19070.0)	(91.0, 17220.5)	(92.0, 10130.0)	(93.0, 5669.0)	(94.0, 3076.0)	(95.0, 1807.5)	(96.0, 1173.0)	(97.0, 785.5)	(98.0, 456.5)	(99.0, 208.5)	(100.0, 56.0)
SRR15652278_2	(0.0, 4826.0)	(1.0, 5282.5)	(2.0, 6292.0)	(3.0, 7567.5)	(4.0, 8899.5)	(5.0, 10000.0)	(6.0, 10735.0)	(7.0, 11208.0)	(8.0, 11557.0)	(9.0, 11899.5)	(10.0, 12162.0)	(11.0, 12399.0)	(12.0, 12664.5)	(13.0, 12939.0)	(14.0, 13157.5)	(15.0, 13295.5)	(16.0, 13486.0)	(17.0, 13639.5)	(18.0, 13874.0)	(19.0, 14360.5)	(20.0, 15138.5)	(21.0, 15947.5)	(22.0, 17397.0)	(23.0, 20345.5)	(24.0, 23500.0)	(25.0, 31399.5)	(26.0, 39787.5)	(27.0, 48215.0)	(28.0, 58601.0)	(29.0, 68793.0)	(30.0, 84129.0)	(31.0, 107513.5)	(32.0, 138418.5)	(33.0, 178345.5)	(34.0, 229572.5)	(35.0, 296414.5)	(36.0, 373437.5)	(37.0, 464902.5)	(38.0, 576668.0)	(39.0, 705904.5)	(40.0, 817256.0)	(41.0, 906960.0)	(42.0, 1040996.5)	(43.0, 1161542.0)	(44.0, 1246450.0)	(45.0, 1339497.0)	(46.0, 1412288.0)	(47.0, 1404749.0)	(48.0, 1382511.0)	(49.0, 1366350.5)	(50.0, 1349082.0)	(51.0, 1387776.0)	(52.0, 1403821.5)	(53.0, 1401269.0)	(54.0, 1403075.0)	(55.0, 1435219.0)	(56.0, 1486835.0)	(57.0, 1348946.0)	(58.0, 1129858.0)	(59.0, 1025892.0)	(60.0, 945787.0)	(61.0, 862712.0)	(62.0, 739270.5)	(63.0, 607685.0)	(64.0, 522515.5)	(65.0, 440945.0)	(66.0, 361987.0)	(67.0, 293310.5)	(68.0, 226694.5)	(69.0, 175852.0)	(70.0, 137390.5)	(71.0, 104352.0)	(72.0, 80924.0)	(73.0, 65383.0)	(74.0, 55957.5)	(75.0, 47112.5)	(76.0, 42160.0)	(77.0, 38653.0)	(78.0, 35411.0)	(79.0, 35061.5)	(80.0, 36196.0)	(81.0, 41623.5)	(82.0, 64386.0)	(83.0, 66778.5)	(84.0, 50088.5)	(85.0, 52730.5)	(86.0, 49342.5)	(87.0, 40664.5)	(88.0, 39647.0)	(89.0, 42295.0)	(90.0, 44271.5)	(91.0, 37004.5)	(92.0, 23191.5)	(93.0, 15446.5)	(94.0, 13286.5)	(95.0, 12492.0)	(96.0, 11821.5)	(97.0, 11373.0)	(98.0, 11667.5)	(99.0, 13456.0)	(100.0, 46006.0)
SRR15652279_1	(0.0, 3715.0)	(1.0, 2329.5)	(2.0, 803.5)	(3.0, 681.5)	(4.0, 684.0)	(5.0, 619.0)	(6.0, 524.5)	(7.0, 447.5)	(8.0, 393.0)	(9.0, 346.0)	(10.0, 303.0)	(11.0, 282.0)	(12.0, 273.5)	(13.0, 292.5)	(14.0, 343.5)	(15.0, 390.5)	(16.0, 476.0)	(17.0, 604.5)	(18.0, 779.0)	(19.0, 1012.0)	(20.0, 1379.5)	(21.0, 2106.5)	(22.0, 3768.0)	(23.0, 4927.0)	(24.0, 5953.0)	(25.0, 9230.0)	(26.0, 17932.5)	(27.0, 35066.5)	(28.0, 43649.0)	(29.0, 46688.5)	(30.0, 65583.5)	(31.0, 88491.5)	(32.0, 119518.5)	(33.0, 153145.5)	(34.0, 186149.0)	(35.0, 238093.0)	(36.0, 305040.5)	(37.0, 386945.5)	(38.0, 486117.0)	(39.0, 605936.0)	(40.0, 742306.5)	(41.0, 853924.0)	(42.0, 911535.5)	(43.0, 919056.5)	(44.0, 938640.0)	(45.0, 979207.0)	(46.0, 945838.0)	(47.0, 870486.5)	(48.0, 843783.0)	(49.0, 845789.0)	(50.0, 869093.0)	(51.0, 898417.5)	(52.0, 928796.0)	(53.0, 931395.0)	(54.0, 904353.5)	(55.0, 865032.0)	(56.0, 823061.5)	(57.0, 756833.5)	(58.0, 668844.5)	(59.0, 614527.5)	(60.0, 559128.5)	(61.0, 499117.0)	(62.0, 440237.0)	(63.0, 391093.5)	(64.0, 341901.5)	(65.0, 294350.0)	(66.0, 260370.5)	(67.0, 215246.0)	(68.0, 152466.0)	(69.0, 101513.0)	(70.0, 70351.5)	(71.0, 48823.5)	(72.0, 36960.0)	(73.0, 29205.5)	(74.0, 21607.5)	(75.0, 17942.5)	(76.0, 19777.0)	(77.0, 19485.0)	(78.0, 19624.0)	(79.0, 26602.5)	(80.0, 34850.0)	(81.0, 43560.5)	(82.0, 54805.0)	(83.0, 36518.5)	(84.0, 10934.5)	(85.0, 8954.0)	(86.0, 8015.5)	(87.0, 6416.0)	(88.0, 4236.5)	(89.0, 3701.5)	(90.0, 3389.5)	(91.0, 3045.0)	(92.0, 2798.0)	(93.0, 2545.0)	(94.0, 2326.5)	(95.0, 2248.0)	(96.0, 2246.0)	(97.0, 2064.0)	(98.0, 1456.0)	(99.0, 752.5)	(100.0, 254.5)
SRR15652279_2	(0.0, 1165.0)	(1.0, 939.0)	(2.0, 861.5)	(3.0, 1249.0)	(4.0, 1507.5)	(5.0, 1519.5)	(6.0, 1468.5)	(7.0, 1351.0)	(8.0, 1262.0)	(9.0, 1245.5)	(10.0, 1212.5)	(11.0, 1258.5)	(12.0, 1351.5)	(13.0, 1412.5)	(14.0, 1474.5)	(15.0, 1562.0)	(16.0, 1639.5)	(17.0, 1730.5)	(18.0, 1888.5)	(19.0, 2037.5)	(20.0, 2421.0)	(21.0, 2983.5)	(22.0, 3791.5)	(23.0, 5134.0)	(24.0, 6460.5)	(25.0, 10503.0)	(26.0, 20489.0)	(27.0, 37817.5)	(28.0, 49281.0)	(29.0, 53388.5)	(30.0, 66047.0)	(31.0, 84617.0)	(32.0, 107373.0)	(33.0, 143062.5)	(34.0, 199612.0)	(35.0, 275623.5)	(36.0, 336111.0)	(37.0, 399783.5)	(38.0, 506526.5)	(39.0, 626246.5)	(40.0, 735063.5)	(41.0, 814368.5)	(42.0, 867774.0)	(43.0, 910636.5)	(44.0, 935890.5)	(45.0, 947413.5)	(46.0, 915496.5)	(47.0, 851829.5)	(48.0, 820723.0)	(49.0, 851091.5)	(50.0, 900202.0)	(51.0, 924321.5)	(52.0, 936806.5)	(53.0, 929553.5)	(54.0, 905723.0)	(55.0, 870996.5)	(56.0, 798570.5)	(57.0, 702881.5)	(58.0, 643388.0)	(59.0, 609986.0)	(60.0, 568985.0)	(61.0, 521804.0)	(62.0, 464034.0)	(63.0, 406521.0)	(64.0, 355353.0)	(65.0, 302608.5)	(66.0, 252422.5)	(67.0, 199857.0)	(68.0, 140081.5)	(69.0, 94443.0)	(70.0, 69556.0)	(71.0, 54469.0)	(72.0, 41382.5)	(73.0, 29523.0)	(74.0, 23076.0)	(75.0, 18816.5)	(76.0, 16287.0)	(77.0, 14243.0)	(78.0, 12956.5)	(79.0, 12983.5)	(80.0, 14664.5)	(81.0, 17818.5)	(82.0, 24682.0)	(83.0, 25012.0)	(84.0, 20457.5)	(85.0, 18726.5)	(86.0, 16128.0)	(87.0, 14688.5)	(88.0, 14104.5)	(89.0, 13983.0)	(90.0, 12831.0)	(91.0, 11335.5)	(92.0, 10766.0)	(93.0, 11049.0)	(94.0, 12285.0)	(95.0, 14489.5)	(96.0, 15129.5)	(97.0, 11637.5)	(98.0, 6019.0)	(99.0, 2511.5)	(100.0, 3315.5)
SRR15652280_1	(0.0, 26560.0)	(1.0, 16867.0)	(2.0, 6183.0)	(3.0, 4733.0)	(4.0, 3648.5)	(5.0, 2538.5)	(6.0, 1722.5)	(7.0, 1187.0)	(8.0, 855.5)	(9.0, 653.5)	(10.0, 534.5)	(11.0, 481.5)	(12.0, 485.0)	(13.0, 508.0)	(14.0, 532.5)	(15.0, 566.0)	(16.0, 587.5)	(17.0, 652.5)	(18.0, 724.0)	(19.0, 847.5)	(20.0, 1098.0)	(21.0, 1328.5)	(22.0, 1789.5)	(23.0, 2244.0)	(24.0, 2759.0)	(25.0, 3897.5)	(26.0, 7849.0)	(27.0, 15918.5)	(28.0, 20941.0)	(29.0, 24954.5)	(30.0, 36505.5)	(31.0, 51952.0)	(32.0, 75420.5)	(33.0, 105199.0)	(34.0, 136884.0)	(35.0, 176490.5)	(36.0, 225464.0)	(37.0, 287439.0)	(38.0, 367045.0)	(39.0, 464956.0)	(40.0, 576289.0)	(41.0, 665674.0)	(42.0, 720948.0)	(43.0, 749251.5)	(44.0, 790039.5)	(45.0, 842102.0)	(46.0, 824500.0)	(47.0, 771243.0)	(48.0, 765272.0)	(49.0, 785232.5)	(50.0, 793554.5)	(51.0, 814067.0)	(52.0, 838654.5)	(53.0, 830252.0)	(54.0, 812337.0)	(55.0, 788289.5)	(56.0, 772158.5)	(57.0, 718864.5)	(58.0, 635247.5)	(59.0, 591927.0)	(60.0, 554090.0)	(61.0, 509280.0)	(62.0, 459674.5)	(63.0, 404138.5)	(64.0, 349275.5)	(65.0, 304806.5)	(66.0, 273348.0)	(67.0, 230375.0)	(68.0, 172089.5)	(69.0, 130143.0)	(70.0, 96865.0)	(71.0, 67158.0)	(72.0, 49795.5)	(73.0, 40276.5)	(74.0, 32869.5)	(75.0, 28226.0)	(76.0, 30807.0)	(77.0, 31955.0)	(78.0, 34626.5)	(79.0, 44287.0)	(80.0, 49540.0)	(81.0, 54990.5)	(82.0, 58301.0)	(83.0, 36292.5)	(84.0, 14080.5)	(85.0, 10601.0)	(86.0, 7364.0)	(87.0, 5521.5)	(88.0, 4325.0)	(89.0, 3717.0)	(90.0, 3127.0)	(91.0, 2549.5)	(92.0, 2034.0)	(93.0, 1657.0)	(94.0, 1511.0)	(95.0, 1618.5)	(96.0, 1793.0)	(97.0, 1545.5)	(98.0, 863.0)	(99.0, 322.0)	(100.0, 95.0)
SRR15652280_2	(0.0, 5866.0)	(1.0, 5231.5)	(2.0, 5499.0)	(3.0, 6933.0)	(4.0, 7287.5)	(5.0, 6582.5)	(6.0, 5440.5)	(7.0, 4461.0)	(8.0, 3724.0)	(9.0, 3151.5)	(10.0, 2778.0)	(11.0, 2596.5)	(12.0, 2487.0)	(13.0, 2373.0)	(14.0, 2327.0)	(15.0, 2270.0)	(16.0, 2309.5)	(17.0, 2400.0)	(18.0, 2453.0)	(19.0, 2558.0)	(20.0, 2858.0)	(21.0, 3194.0)	(22.0, 3667.0)	(23.0, 4252.0)	(24.0, 4800.0)	(25.0, 6973.0)	(26.0, 11716.5)	(27.0, 19587.5)	(28.0, 26248.5)	(29.0, 31238.0)	(30.0, 41637.0)	(31.0, 55418.0)	(32.0, 74902.0)	(33.0, 106555.5)	(34.0, 149903.0)	(35.0, 206928.0)	(36.0, 256748.0)	(37.0, 309577.5)	(38.0, 390158.0)	(39.0, 482523.5)	(40.0, 569574.5)	(41.0, 637581.0)	(42.0, 695410.0)	(43.0, 743255.0)	(44.0, 771579.5)	(45.0, 801570.5)	(46.0, 798328.0)	(47.0, 766912.5)	(48.0, 756235.5)	(49.0, 778803.5)	(50.0, 816088.0)	(51.0, 843869.0)	(52.0, 842161.5)	(53.0, 833204.5)	(54.0, 833390.0)	(55.0, 790283.5)	(56.0, 722268.0)	(57.0, 669406.5)	(58.0, 624961.0)	(59.0, 588297.5)	(60.0, 556473.5)	(61.0, 515567.0)	(62.0, 465172.5)	(63.0, 408652.5)	(64.0, 356430.5)	(65.0, 309433.0)	(66.0, 260582.0)	(67.0, 207454.5)	(68.0, 157845.5)	(69.0, 118659.0)	(70.0, 89328.5)	(71.0, 67432.0)	(72.0, 51702.5)	(73.0, 39796.0)	(74.0, 32902.0)	(75.0, 28638.0)	(76.0, 24552.0)	(77.0, 21535.5)	(78.0, 20584.5)	(79.0, 21387.5)	(80.0, 23675.0)	(81.0, 28732.5)	(82.0, 39616.5)	(83.0, 39213.5)	(84.0, 29152.5)	(85.0, 24345.5)	(86.0, 20241.5)	(87.0, 17449.5)	(88.0, 15657.5)	(89.0, 14467.5)	(90.0, 13303.5)	(91.0, 11934.0)	(92.0, 10938.0)	(93.0, 10481.0)	(94.0, 10576.0)	(95.0, 11164.5)	(96.0, 11012.5)	(97.0, 8772.0)	(98.0, 5058.5)	(99.0, 2640.5)	(100.0, 5106.0)
SRR15652281_1	(0.0, 52686.0)	(1.0, 33902.0)	(2.0, 12396.0)	(3.0, 8683.5)	(4.0, 6654.5)	(5.0, 4690.5)	(6.0, 3132.5)	(7.0, 2227.0)	(8.0, 1685.5)	(9.0, 1268.0)	(10.0, 1038.0)	(11.0, 901.5)	(12.0, 816.5)	(13.0, 792.5)	(14.0, 806.0)	(15.0, 842.0)	(16.0, 900.0)	(17.0, 1001.0)	(18.0, 1202.5)	(19.0, 1626.0)	(20.0, 2022.0)	(21.0, 2147.5)	(22.0, 3393.0)	(23.0, 4447.5)	(24.0, 5376.0)	(25.0, 8240.0)	(26.0, 16458.5)	(27.0, 33467.0)	(28.0, 43296.0)	(29.0, 48844.0)	(30.0, 70719.0)	(31.0, 94629.0)	(32.0, 124569.0)	(33.0, 154873.0)	(34.0, 183282.5)	(35.0, 222703.0)	(36.0, 277789.0)	(37.0, 344868.5)	(38.0, 416579.5)	(39.0, 495495.0)	(40.0, 596233.0)	(41.0, 690727.5)	(42.0, 760849.5)	(43.0, 817554.5)	(44.0, 905469.0)	(45.0, 1028829.5)	(46.0, 999546.5)	(47.0, 893619.0)	(48.0, 960643.0)	(49.0, 1130026.0)	(50.0, 1224324.0)	(51.0, 1319015.0)	(52.0, 1413864.0)	(53.0, 1321348.5)	(54.0, 1064131.0)	(55.0, 867061.0)	(56.0, 811501.0)	(57.0, 748373.5)	(58.0, 669895.0)	(59.0, 597499.0)	(60.0, 523135.5)	(61.0, 472481.5)	(62.0, 416243.5)	(63.0, 366403.5)	(64.0, 371563.0)	(65.0, 393844.0)	(66.0, 470572.0)	(67.0, 437891.5)	(68.0, 255469.0)	(69.0, 168424.5)	(70.0, 132295.0)	(71.0, 84565.0)	(72.0, 53633.0)	(73.0, 45470.0)	(74.0, 37463.5)	(75.0, 34999.5)	(76.0, 41592.0)	(77.0, 39018.0)	(78.0, 37505.5)	(79.0, 58657.0)	(80.0, 82191.0)	(81.0, 95850.5)	(82.0, 113477.0)	(83.0, 72242.0)	(84.0, 17634.5)	(85.0, 14928.0)	(86.0, 14174.5)	(87.0, 11910.0)	(88.0, 8345.0)	(89.0, 6543.5)	(90.0, 4659.5)	(91.0, 3348.5)	(92.0, 2482.0)	(93.0, 1869.5)	(94.0, 1462.5)	(95.0, 1291.0)	(96.0, 1247.5)	(97.0, 1039.5)	(98.0, 592.5)	(99.0, 225.0)	(100.0, 59.5)
SRR15652281_2	(0.0, 11538.0)	(1.0, 10262.5)	(2.0, 10063.0)	(3.0, 12971.0)	(4.0, 14558.5)	(5.0, 13014.0)	(6.0, 10437.0)	(7.0, 8309.0)	(8.0, 6742.0)	(9.0, 5361.0)	(10.0, 4274.5)	(11.0, 3670.0)	(12.0, 3299.5)	(13.0, 2960.0)	(14.0, 2803.0)	(15.0, 2808.5)	(16.0, 2858.0)	(17.0, 2981.0)	(18.0, 3035.0)	(19.0, 3227.0)	(20.0, 3835.0)	(21.0, 4659.0)	(22.0, 5655.5)	(23.0, 6672.0)	(24.0, 8189.0)	(25.0, 12871.0)	(26.0, 23338.5)	(27.0, 40659.5)	(28.0, 50931.5)	(29.0, 55342.0)	(30.0, 71680.5)	(31.0, 92622.0)	(32.0, 113009.5)	(33.0, 144072.0)	(34.0, 188580.5)	(35.0, 256112.5)	(36.0, 312960.5)	(37.0, 361931.0)	(38.0, 442209.5)	(39.0, 510135.5)	(40.0, 572282.0)	(41.0, 636674.5)	(42.0, 713326.0)	(43.0, 774826.0)	(44.0, 824617.5)	(45.0, 957124.0)	(46.0, 973663.5)	(47.0, 874008.0)	(48.0, 899241.0)	(49.0, 1144131.0)	(50.0, 1380754.0)	(51.0, 1478275.5)	(52.0, 1493000.5)	(53.0, 1339924.0)	(54.0, 1113439.5)	(55.0, 927385.0)	(56.0, 832741.0)	(57.0, 756146.0)	(58.0, 683517.5)	(59.0, 635202.5)	(60.0, 574721.0)	(61.0, 508698.5)	(62.0, 438512.0)	(63.0, 382798.0)	(64.0, 350054.0)	(65.0, 332020.0)	(66.0, 340481.0)	(67.0, 288915.0)	(68.0, 185202.0)	(69.0, 127437.0)	(70.0, 94281.5)	(71.0, 67579.5)	(72.0, 46388.0)	(73.0, 34216.0)	(74.0, 30005.5)	(75.0, 29470.5)	(76.0, 30533.0)	(77.0, 28888.0)	(78.0, 26143.0)	(79.0, 26191.5)	(80.0, 28909.0)	(81.0, 36344.0)	(82.0, 54477.0)	(83.0, 55716.5)	(84.0, 43002.0)	(85.0, 38886.0)	(86.0, 33847.5)	(87.0, 29595.5)	(88.0, 25855.0)	(89.0, 23330.0)	(90.0, 22096.0)	(91.0, 21860.5)	(92.0, 22232.5)	(93.0, 22997.5)	(94.0, 23852.5)	(95.0, 24269.0)	(96.0, 22861.0)	(97.0, 16904.0)	(98.0, 8467.5)	(99.0, 3447.0)	(100.0, 17979.5)
SRR15652282_1	(0.0, 345.0)	(1.0, 248.5)	(2.0, 199.5)	(3.0, 292.0)	(4.0, 339.5)	(5.0, 370.0)	(6.0, 378.0)	(7.0, 358.5)	(8.0, 336.5)	(9.0, 300.0)	(10.0, 273.5)	(11.0, 259.0)	(12.0, 252.0)	(13.0, 278.0)	(14.0, 332.5)	(15.0, 391.0)	(16.0, 474.0)	(17.0, 615.5)	(18.0, 798.0)	(19.0, 1084.0)	(20.0, 1553.0)	(21.0, 2201.5)	(22.0, 3119.0)	(23.0, 4322.0)	(24.0, 6071.5)	(25.0, 8420.0)	(26.0, 13044.0)	(27.0, 21804.0)	(28.0, 30795.0)	(29.0, 39386.5)	(30.0, 54102.0)	(31.0, 71379.0)	(32.0, 96121.0)	(33.0, 130720.0)	(34.0, 173434.0)	(35.0, 217789.0)	(36.0, 272041.5)	(37.0, 350548.0)	(38.0, 442606.5)	(39.0, 555333.0)	(40.0, 676878.5)	(41.0, 807488.5)	(42.0, 962994.5)	(43.0, 1099432.5)	(44.0, 1240570.5)	(45.0, 1357976.0)	(46.0, 1464891.0)	(47.0, 1442081.5)	(48.0, 1378334.0)	(49.0, 1312262.5)	(50.0, 1211621.0)	(51.0, 1294383.5)	(52.0, 1353361.5)	(53.0, 1299354.5)	(54.0, 1230778.5)	(55.0, 1234042.5)	(56.0, 1363579.5)	(57.0, 1251348.5)	(58.0, 994382.5)	(59.0, 877035.0)	(60.0, 774795.0)	(61.0, 697175.0)	(62.0, 593496.0)	(63.0, 475299.5)	(64.0, 390293.0)	(65.0, 332277.5)	(66.0, 281146.0)	(67.0, 227984.0)	(68.0, 185741.5)	(69.0, 134871.0)	(70.0, 82319.5)	(71.0, 54170.5)	(72.0, 37783.0)	(73.0, 28627.0)	(74.0, 21872.0)	(75.0, 19008.0)	(76.0, 24206.0)	(77.0, 22778.0)	(78.0, 17446.0)	(79.0, 19297.0)	(80.0, 21323.5)	(81.0, 26308.5)	(82.0, 31480.0)	(83.0, 19974.0)	(84.0, 6728.5)	(85.0, 5885.5)	(86.0, 5951.5)	(87.0, 4821.5)	(88.0, 2821.5)	(89.0, 2588.0)	(90.0, 2664.0)	(91.0, 2690.5)	(92.0, 2697.0)	(93.0, 2625.0)	(94.0, 2330.5)	(95.0, 1943.0)	(96.0, 1717.0)	(97.0, 1655.0)	(98.0, 1455.0)	(99.0, 907.5)	(100.0, 324.0)
SRR15652282_2	(0.0, 481.0)	(1.0, 388.0)	(2.0, 345.0)	(3.0, 475.5)	(4.0, 632.5)	(5.0, 774.5)	(6.0, 938.0)	(7.0, 1075.5)	(8.0, 1178.5)	(9.0, 1307.0)	(10.0, 1409.5)	(11.0, 1489.0)	(12.0, 1627.5)	(13.0, 1747.0)	(14.0, 1892.5)	(15.0, 2027.5)	(16.0, 2141.0)	(17.0, 2412.0)	(18.0, 2666.0)	(19.0, 2904.5)	(20.0, 3321.5)	(21.0, 3991.0)	(22.0, 4919.5)	(23.0, 6410.5)	(24.0, 8309.0)	(25.0, 12583.0)	(26.0, 18254.5)	(27.0, 25512.5)	(28.0, 33120.0)	(29.0, 40836.5)	(30.0, 51972.5)	(31.0, 69904.0)	(32.0, 95266.0)	(33.0, 128774.0)	(34.0, 169124.5)	(35.0, 221695.0)	(36.0, 287541.5)	(37.0, 365729.0)	(38.0, 464646.0)	(39.0, 572225.5)	(40.0, 677953.5)	(41.0, 780812.5)	(42.0, 911085.5)	(43.0, 1017674.0)	(44.0, 1100812.5)	(45.0, 1170107.0)	(46.0, 1225225.0)	(47.0, 1252022.0)	(48.0, 1254271.0)	(49.0, 1248442.5)	(50.0, 1232765.5)	(51.0, 1297635.0)	(52.0, 1344604.0)	(53.0, 1315661.5)	(54.0, 1311000.0)	(55.0, 1385640.5)	(56.0, 1466478.5)	(57.0, 1325557.5)	(58.0, 1087664.5)	(59.0, 961923.0)	(60.0, 848311.5)	(61.0, 745237.5)	(62.0, 632447.5)	(63.0, 512837.0)	(64.0, 424016.5)	(65.0, 352927.0)	(66.0, 289334.0)	(67.0, 229414.5)	(68.0, 176516.0)	(69.0, 128927.0)	(70.0, 95410.0)	(71.0, 69961.0)	(72.0, 50607.5)	(73.0, 37613.5)	(74.0, 31422.5)	(75.0, 26446.0)	(76.0, 21568.5)	(77.0, 17987.5)	(78.0, 15609.0)	(79.0, 15073.5)	(80.0, 14950.5)	(81.0, 15800.5)	(82.0, 19744.0)	(83.0, 19223.0)	(84.0, 16241.5)	(85.0, 15542.0)	(86.0, 13049.0)	(87.0, 11762.5)	(88.0, 12018.0)	(89.0, 12033.5)	(90.0, 10815.0)	(91.0, 9022.0)	(92.0, 7953.0)	(93.0, 7432.0)	(94.0, 6915.5)	(95.0, 6226.5)	(96.0, 5067.5)	(97.0, 3592.5)	(98.0, 2362.0)	(99.0, 2043.0)	(100.0, 6660.5)
SRR15652283_1	(0.0, 2525.0)	(1.0, 1552.5)	(2.0, 544.5)	(3.0, 551.5)	(4.0, 584.0)	(5.0, 551.0)	(6.0, 496.5)	(7.0, 448.5)	(8.0, 421.5)	(9.0, 397.0)	(10.0, 380.5)	(11.0, 373.5)	(12.0, 406.5)	(13.0, 476.0)	(14.0, 553.5)	(15.0, 677.0)	(16.0, 828.5)	(17.0, 1031.5)	(18.0, 1349.5)	(19.0, 1749.5)	(20.0, 2229.0)	(21.0, 2847.0)	(22.0, 4027.5)	(23.0, 5184.5)	(24.0, 6472.0)	(25.0, 9248.5)	(26.0, 15511.0)	(27.0, 27577.0)	(28.0, 34357.0)	(29.0, 37175.5)	(30.0, 52132.0)	(31.0, 71581.5)	(32.0, 96430.0)	(33.0, 128250.5)	(34.0, 172596.0)	(35.0, 229233.5)	(36.0, 299485.0)	(37.0, 372498.0)	(38.0, 429089.5)	(39.0, 499496.5)	(40.0, 582191.5)	(41.0, 664555.5)	(42.0, 764702.0)	(43.0, 819646.5)	(44.0, 874889.0)	(45.0, 900747.0)	(46.0, 849389.5)	(47.0, 827485.0)	(48.0, 839100.5)	(49.0, 830026.0)	(50.0, 809722.0)	(51.0, 857058.0)	(52.0, 907315.5)	(53.0, 925405.5)	(54.0, 918234.5)	(55.0, 928747.5)	(56.0, 989317.0)	(57.0, 912398.0)	(58.0, 738660.5)	(59.0, 605661.0)	(60.0, 499456.0)	(61.0, 421891.0)	(62.0, 354931.0)	(63.0, 320412.0)	(64.0, 282573.0)	(65.0, 231955.5)	(66.0, 219942.0)	(67.0, 209200.0)	(68.0, 160362.0)	(69.0, 103391.5)	(70.0, 70357.0)	(71.0, 56682.5)	(72.0, 40450.0)	(73.0, 24721.5)	(74.0, 19396.5)	(75.0, 19036.5)	(76.0, 22994.0)	(77.0, 22905.0)	(78.0, 20299.0)	(79.0, 24810.5)	(80.0, 30592.0)	(81.0, 35678.0)	(82.0, 45758.0)	(83.0, 31156.0)	(84.0, 8369.0)	(85.0, 6566.5)	(86.0, 5724.5)	(87.0, 4537.0)	(88.0, 3049.0)	(89.0, 2741.0)	(90.0, 2678.0)	(91.0, 2497.5)	(92.0, 2338.5)	(93.0, 2152.5)	(94.0, 1947.5)	(95.0, 1788.0)	(96.0, 1650.5)	(97.0, 1481.0)	(98.0, 1057.0)	(99.0, 504.0)	(100.0, 153.0)
SRR15652283_2	(0.0, 695.0)	(1.0, 565.5)	(2.0, 587.0)	(3.0, 913.5)	(4.0, 1218.5)	(5.0, 1319.5)	(6.0, 1310.0)	(7.0, 1380.5)	(8.0, 1408.0)	(9.0, 1424.0)	(10.0, 1524.0)	(11.0, 1600.5)	(12.0, 1642.5)	(13.0, 1766.0)	(14.0, 1917.0)	(15.0, 2036.5)	(16.0, 2186.0)	(17.0, 2401.5)	(18.0, 2689.5)	(19.0, 3044.0)	(20.0, 3539.5)	(21.0, 4169.0)	(22.0, 5104.5)	(23.0, 6633.5)	(24.0, 8324.5)	(25.0, 12179.0)	(26.0, 19447.5)	(27.0, 30372.5)	(28.0, 38834.5)	(29.0, 44117.0)	(30.0, 55067.5)	(31.0, 70179.5)	(32.0, 89125.5)	(33.0, 119807.0)	(34.0, 165903.5)	(35.0, 241118.5)	(36.0, 315081.5)	(37.0, 374347.0)	(38.0, 443695.0)	(39.0, 495766.0)	(40.0, 549114.0)	(41.0, 622423.5)	(42.0, 698475.5)	(43.0, 786034.5)	(44.0, 854950.5)	(45.0, 880018.5)	(46.0, 838270.5)	(47.0, 790708.5)	(48.0, 807068.5)	(49.0, 825710.0)	(50.0, 847595.5)	(51.0, 888951.0)	(52.0, 917606.0)	(53.0, 952186.5)	(54.0, 949313.5)	(55.0, 937035.0)	(56.0, 970430.5)	(57.0, 909796.0)	(58.0, 793192.0)	(59.0, 665829.5)	(60.0, 546931.5)	(61.0, 477111.0)	(62.0, 377558.0)	(63.0, 299835.0)	(64.0, 262475.0)	(65.0, 226894.0)	(66.0, 191190.5)	(67.0, 162574.5)	(68.0, 135708.5)	(69.0, 96324.0)	(70.0, 71784.5)	(71.0, 55856.5)	(72.0, 33466.5)	(73.0, 21043.0)	(74.0, 17978.5)	(75.0, 17022.5)	(76.0, 16885.0)	(77.0, 15644.5)	(78.0, 14770.0)	(79.0, 14469.5)	(80.0, 14407.0)	(81.0, 16857.0)	(82.0, 22180.0)	(83.0, 21510.0)	(84.0, 17093.5)	(85.0, 15508.0)	(86.0, 13663.5)	(87.0, 12492.5)	(88.0, 11796.0)	(89.0, 11751.5)	(90.0, 11339.0)	(91.0, 10458.0)	(92.0, 9951.0)	(93.0, 10190.0)	(94.0, 11036.5)	(95.0, 12182.5)	(96.0, 12278.5)	(97.0, 9450.5)	(98.0, 5009.5)	(99.0, 2349.0)	(100.0, 4283.5)
SRR15652284_1	(0.0, 1305.0)	(1.0, 829.0)	(2.0, 314.5)	(3.0, 262.5)	(4.0, 229.5)	(5.0, 212.0)	(6.0, 194.0)	(7.0, 161.5)	(8.0, 147.5)	(9.0, 143.5)	(10.0, 137.0)	(11.0, 142.5)	(12.0, 160.5)	(13.0, 192.5)	(14.0, 248.5)	(15.0, 309.5)	(16.0, 385.5)	(17.0, 495.0)	(18.0, 656.5)	(19.0, 889.0)	(20.0, 1241.0)	(21.0, 1752.0)	(22.0, 2643.0)	(23.0, 3713.5)	(24.0, 5025.5)	(25.0, 7349.5)	(26.0, 12075.0)	(27.0, 20496.0)	(28.0, 26350.5)	(29.0, 31972.5)	(30.0, 47086.0)	(31.0, 65651.5)	(32.0, 88800.0)	(33.0, 115301.0)	(34.0, 143981.0)	(35.0, 181797.5)	(36.0, 229566.5)	(37.0, 285057.5)	(38.0, 345239.0)	(39.0, 410386.5)	(40.0, 478659.0)	(41.0, 538632.5)	(42.0, 584827.0)	(43.0, 604672.5)	(44.0, 620468.5)	(45.0, 645481.0)	(46.0, 649121.0)	(47.0, 645228.5)	(48.0, 660941.5)	(49.0, 676411.0)	(50.0, 671828.0)	(51.0, 677804.5)	(52.0, 697644.0)	(53.0, 698313.5)	(54.0, 699279.0)	(55.0, 697221.0)	(56.0, 696712.0)	(57.0, 710907.0)	(58.0, 719551.5)	(59.0, 718983.0)	(60.0, 701750.0)	(61.0, 663100.0)	(62.0, 564999.0)	(63.0, 444740.5)	(64.0, 377177.5)	(65.0, 341284.5)	(66.0, 306508.5)	(67.0, 253789.0)	(68.0, 199031.0)	(69.0, 155242.5)	(70.0, 104870.0)	(71.0, 66617.0)	(72.0, 47023.0)	(73.0, 35364.0)	(74.0, 26509.0)	(75.0, 21097.0)	(76.0, 23221.5)	(77.0, 21586.0)	(78.0, 18168.0)	(79.0, 22833.5)	(80.0, 27537.0)	(81.0, 33137.5)	(82.0, 41404.5)	(83.0, 26904.0)	(84.0, 7416.5)	(85.0, 6137.5)	(86.0, 5581.0)	(87.0, 4441.5)	(88.0, 3199.0)	(89.0, 3070.0)	(90.0, 3164.5)	(91.0, 3268.0)	(92.0, 3266.0)	(93.0, 3157.5)	(94.0, 2805.5)	(95.0, 2419.5)	(96.0, 2277.5)	(97.0, 2216.0)	(98.0, 2010.0)	(99.0, 1350.5)	(100.0, 478.0)
SRR15652284_2	(0.0, 538.0)	(1.0, 442.5)	(2.0, 388.5)	(3.0, 517.5)	(4.0, 631.0)	(5.0, 697.5)	(6.0, 708.5)	(7.0, 642.0)	(8.0, 615.5)	(9.0, 622.5)	(10.0, 668.5)	(11.0, 725.0)	(12.0, 744.5)	(13.0, 784.0)	(14.0, 831.0)	(15.0, 896.0)	(16.0, 986.0)	(17.0, 1054.5)	(18.0, 1186.0)	(19.0, 1467.5)	(20.0, 1865.5)	(21.0, 2390.0)	(22.0, 3160.0)	(23.0, 4465.0)	(24.0, 6043.0)	(25.0, 9280.5)	(26.0, 14918.0)	(27.0, 23219.5)	(28.0, 30938.0)	(29.0, 38422.5)	(30.0, 50760.0)	(31.0, 65903.0)	(32.0, 84155.0)	(33.0, 110616.5)	(34.0, 148301.0)	(35.0, 195920.5)	(36.0, 239700.0)	(37.0, 285274.5)	(38.0, 346899.0)	(39.0, 409786.5)	(40.0, 465472.0)	(41.0, 513803.0)	(42.0, 560154.5)	(43.0, 592630.5)	(44.0, 607526.5)	(45.0, 623340.0)	(46.0, 631233.0)	(47.0, 637078.5)	(48.0, 646929.0)	(49.0, 664728.0)	(50.0, 690850.0)	(51.0, 707381.0)	(52.0, 702763.5)	(53.0, 691192.0)	(54.0, 681268.0)	(55.0, 663595.0)	(56.0, 682574.5)	(57.0, 707091.5)	(58.0, 690670.5)	(59.0, 688551.0)	(60.0, 690347.0)	(61.0, 666122.5)	(62.0, 590280.5)	(63.0, 488262.0)	(64.0, 413781.0)	(65.0, 358340.5)	(66.0, 310761.5)	(67.0, 259624.0)	(68.0, 202817.0)	(69.0, 153207.0)	(70.0, 112479.0)	(71.0, 76850.5)	(72.0, 53560.0)	(73.0, 39189.5)	(74.0, 31233.5)	(75.0, 25750.5)	(76.0, 20739.5)	(77.0, 16892.5)	(78.0, 14251.5)	(79.0, 13436.5)	(80.0, 13860.5)	(81.0, 15619.0)	(82.0, 21053.5)	(83.0, 20757.0)	(84.0, 16735.0)	(85.0, 15657.0)	(86.0, 13075.5)	(87.0, 12039.0)	(88.0, 12360.0)	(89.0, 12543.5)	(90.0, 11926.5)	(91.0, 10428.0)	(92.0, 9402.5)	(93.0, 9313.0)	(94.0, 9220.5)	(95.0, 8595.0)	(96.0, 7034.0)	(97.0, 4538.0)	(98.0, 2219.5)	(99.0, 1096.0)	(100.0, 2214.5)
SRR15652285_1	(0.0, 1730.0)	(1.0, 1217.0)	(2.0, 542.0)	(3.0, 319.5)	(4.0, 218.0)	(5.0, 178.5)	(6.0, 175.5)	(7.0, 205.0)	(8.0, 268.5)	(9.0, 333.0)	(10.0, 405.0)	(11.0, 544.5)	(12.0, 757.0)	(13.0, 1112.0)	(14.0, 1679.0)	(15.0, 2540.0)	(16.0, 3885.5)	(17.0, 6031.5)	(18.0, 9564.0)	(19.0, 15161.5)	(20.0, 23794.5)	(21.0, 37207.0)	(22.0, 56376.5)	(23.0, 80483.0)	(24.0, 111615.5)	(25.0, 151338.0)	(26.0, 197489.0)	(27.0, 252797.0)	(28.0, 315845.0)	(29.0, 379770.0)	(30.0, 446119.0)	(31.0, 515124.0)	(32.0, 578422.5)	(33.0, 634454.5)	(34.0, 684375.5)	(35.0, 725767.0)	(36.0, 756995.0)	(37.0, 777524.0)	(38.0, 788947.0)	(39.0, 788315.5)	(40.0, 777798.5)	(41.0, 760848.5)	(42.0, 736483.0)	(43.0, 707827.5)	(44.0, 682280.5)	(45.0, 664523.5)	(46.0, 647678.5)	(47.0, 631507.5)	(48.0, 621261.0)	(49.0, 612357.0)	(50.0, 604032.0)	(51.0, 600328.5)	(52.0, 587246.5)	(53.0, 565174.5)	(54.0, 548308.0)	(55.0, 530952.5)	(56.0, 510788.0)	(57.0, 508164.0)	(58.0, 516870.0)	(59.0, 512194.0)	(60.0, 484829.0)	(61.0, 455380.5)	(62.0, 411295.0)	(63.0, 351294.5)	(64.0, 308420.0)	(65.0, 270459.5)	(66.0, 242707.5)	(67.0, 219990.0)	(68.0, 189455.0)	(69.0, 157883.5)	(70.0, 132653.0)	(71.0, 120673.0)	(72.0, 116352.0)	(73.0, 96739.5)	(74.0, 92697.0)	(75.0, 132522.5)	(76.0, 166910.5)	(77.0, 166060.5)	(78.0, 148512.5)	(79.0, 134107.0)	(80.0, 140718.0)	(81.0, 173139.0)	(82.0, 217966.0)	(83.0, 222789.0)	(84.0, 192401.5)	(85.0, 179438.0)	(86.0, 200078.0)	(87.0, 190674.0)	(88.0, 151503.5)	(89.0, 138937.5)	(90.0, 132458.5)	(91.0, 135635.0)	(92.0, 105931.0)	(93.0, 53694.0)	(94.0, 28107.0)	(95.0, 16065.5)	(96.0, 9338.5)	(97.0, 6020.5)	(98.0, 3860.0)	(99.0, 2657.0)	(100.0, 1487.5)
SRR15652285_2	(0.0, 1443.0)	(1.0, 1116.0)	(2.0, 686.0)	(3.0, 600.0)	(4.0, 539.5)	(5.0, 429.5)	(6.0, 390.5)	(7.0, 404.5)	(8.0, 451.5)	(9.0, 529.0)	(10.0, 611.5)	(11.0, 750.5)	(12.0, 943.5)	(13.0, 1257.5)	(14.0, 1827.5)	(15.0, 2591.0)	(16.0, 3903.5)	(17.0, 5939.5)	(18.0, 8880.0)	(19.0, 13624.0)	(20.0, 21151.0)	(21.0, 31702.5)	(22.0, 47186.5)	(23.0, 68064.5)	(24.0, 94716.0)	(25.0, 128840.0)	(26.0, 170812.5)	(27.0, 221697.5)	(28.0, 282744.5)	(29.0, 352414.5)	(30.0, 425803.0)	(31.0, 501852.5)	(32.0, 576001.0)	(33.0, 643047.0)	(34.0, 699099.5)	(35.0, 739793.5)	(36.0, 769066.5)	(37.0, 792521.0)	(38.0, 804736.0)	(39.0, 804438.0)	(40.0, 791907.5)	(41.0, 769775.0)	(42.0, 743074.5)	(43.0, 713943.0)	(44.0, 687456.5)	(45.0, 666696.5)	(46.0, 651576.0)	(47.0, 638166.5)	(48.0, 631335.5)	(49.0, 623488.5)	(50.0, 609039.5)	(51.0, 596462.5)	(52.0, 583216.0)	(53.0, 567371.0)	(54.0, 548714.0)	(55.0, 529289.0)	(56.0, 509188.5)	(57.0, 489862.0)	(58.0, 478461.5)	(59.0, 466019.5)	(60.0, 452014.5)	(61.0, 452997.0)	(62.0, 432167.0)	(63.0, 380390.0)	(64.0, 335702.5)	(65.0, 293143.0)	(66.0, 253871.0)	(67.0, 222896.5)	(68.0, 188840.0)	(69.0, 159575.5)	(70.0, 139070.5)	(71.0, 122113.5)	(72.0, 112093.5)	(73.0, 95243.5)	(74.0, 86960.0)	(75.0, 112163.0)	(76.0, 142868.5)	(77.0, 188885.5)	(78.0, 206411.0)	(79.0, 168413.0)	(80.0, 149565.0)	(81.0, 164908.5)	(82.0, 199258.0)	(83.0, 226075.5)	(84.0, 226440.0)	(85.0, 217121.5)	(86.0, 211801.5)	(87.0, 186301.0)	(88.0, 156333.0)	(89.0, 131650.0)	(90.0, 106739.0)	(91.0, 96145.5)	(92.0, 76366.0)	(93.0, 50833.5)	(94.0, 36278.5)	(95.0, 25759.5)	(96.0, 18268.5)	(97.0, 13003.5)	(98.0, 8310.0)	(99.0, 6341.0)	(100.0, 5167.0)
SRR15652286_1	(0.0, 2318.0)	(1.0, 1812.5)	(2.0, 1044.0)	(3.0, 720.0)	(4.0, 614.5)	(5.0, 531.0)	(6.0, 525.0)	(7.0, 538.5)	(8.0, 532.5)	(9.0, 571.5)	(10.0, 668.0)	(11.0, 854.0)	(12.0, 1147.0)	(13.0, 1529.0)	(14.0, 2193.0)	(15.0, 3246.0)	(16.0, 4931.5)	(17.0, 7641.5)	(18.0, 11977.5)	(19.0, 18918.5)	(20.0, 29420.0)	(21.0, 44847.0)	(22.0, 68136.5)	(23.0, 98505.5)	(24.0, 136352.0)	(25.0, 182904.0)	(26.0, 238636.0)	(27.0, 302963.5)	(28.0, 374785.5)	(29.0, 450943.0)	(30.0, 529012.5)	(31.0, 609428.0)	(32.0, 682768.0)	(33.0, 748789.0)	(34.0, 807932.0)	(35.0, 855937.5)	(36.0, 894983.5)	(37.0, 923061.0)	(38.0, 942609.5)	(39.0, 952093.0)	(40.0, 947974.0)	(41.0, 934176.0)	(42.0, 913166.5)	(43.0, 886906.0)	(44.0, 862384.5)	(45.0, 847452.0)	(46.0, 834406.0)	(47.0, 819876.0)	(48.0, 810400.5)	(49.0, 806640.5)	(50.0, 804197.0)	(51.0, 798918.0)	(52.0, 782108.0)	(53.0, 749558.5)	(54.0, 718965.5)	(55.0, 695844.5)	(56.0, 673812.0)	(57.0, 665100.0)	(58.0, 661873.5)	(59.0, 655080.5)	(60.0, 621616.0)	(61.0, 575688.0)	(62.0, 516542.0)	(63.0, 439724.5)	(64.0, 377398.0)	(65.0, 319451.0)	(66.0, 274920.0)	(67.0, 234185.5)	(68.0, 195800.5)	(69.0, 161565.0)	(70.0, 130949.5)	(71.0, 113677.5)	(72.0, 107191.5)	(73.0, 93747.0)	(74.0, 88103.0)	(75.0, 115706.0)	(76.0, 134433.5)	(77.0, 136562.5)	(78.0, 132518.5)	(79.0, 114751.5)	(80.0, 109788.5)	(81.0, 127797.5)	(82.0, 155816.5)	(83.0, 160035.0)	(84.0, 140374.5)	(85.0, 117694.5)	(86.0, 116932.5)	(87.0, 112393.0)	(88.0, 81997.5)	(89.0, 64294.5)	(90.0, 66788.0)	(91.0, 72481.0)	(92.0, 51084.5)	(93.0, 22848.0)	(94.0, 11669.5)	(95.0, 7148.5)	(96.0, 4125.0)	(97.0, 2569.5)	(98.0, 1475.5)	(99.0, 961.0)	(100.0, 576.5)
SRR15652286_2	(0.0, 2481.0)	(1.0, 2003.0)	(2.0, 1311.0)	(3.0, 1119.5)	(4.0, 1166.0)	(5.0, 1119.0)	(6.0, 1011.5)	(7.0, 936.5)	(8.0, 915.0)	(9.0, 891.5)	(10.0, 909.0)	(11.0, 1100.0)	(12.0, 1317.0)	(13.0, 1520.0)	(14.0, 1937.0)	(15.0, 2660.5)	(16.0, 3777.0)	(17.0, 5631.0)	(18.0, 8324.5)	(19.0, 12312.0)	(20.0, 19066.0)	(21.0, 28965.0)	(22.0, 42757.5)	(23.0, 61923.0)	(24.0, 86850.0)	(25.0, 119602.0)	(26.0, 162503.0)	(27.0, 216217.0)	(28.0, 283551.5)	(29.0, 361937.0)	(30.0, 446200.5)	(31.0, 536379.5)	(32.0, 626810.0)	(33.0, 712526.5)	(34.0, 789567.0)	(35.0, 854067.5)	(36.0, 904111.0)	(37.0, 944283.0)	(38.0, 973177.0)	(39.0, 986715.0)	(40.0, 986054.0)	(41.0, 970205.0)	(42.0, 945238.0)	(43.0, 919485.5)	(44.0, 897999.0)	(45.0, 882345.0)	(46.0, 869338.5)	(47.0, 855175.5)	(48.0, 850767.5)	(49.0, 848849.5)	(50.0, 838540.5)	(51.0, 821396.0)	(52.0, 796197.5)	(53.0, 769132.0)	(54.0, 742496.0)	(55.0, 718214.0)	(56.0, 694058.0)	(57.0, 668133.0)	(58.0, 644950.0)	(59.0, 625515.0)	(60.0, 598603.5)	(61.0, 584323.0)	(62.0, 554218.5)	(63.0, 481543.0)	(64.0, 412888.0)	(65.0, 350523.5)	(66.0, 292752.0)	(67.0, 245550.5)	(68.0, 202078.0)	(69.0, 165734.0)	(70.0, 139096.5)	(71.0, 118989.5)	(72.0, 107158.5)	(73.0, 93334.5)	(74.0, 85108.0)	(75.0, 105628.0)	(76.0, 129083.5)	(77.0, 151892.0)	(78.0, 162510.5)	(79.0, 135757.5)	(80.0, 113162.0)	(81.0, 121026.5)	(82.0, 142340.0)	(83.0, 156384.0)	(84.0, 157180.0)	(85.0, 144232.0)	(86.0, 127956.0)	(87.0, 113381.5)	(88.0, 93767.5)	(89.0, 69949.5)	(90.0, 54380.5)	(91.0, 47501.0)	(92.0, 34662.0)	(93.0, 21909.5)	(94.0, 15809.5)	(95.0, 11175.5)	(96.0, 7984.5)	(97.0, 5900.5)	(98.0, 3417.0)	(99.0, 2500.5)	(100.0, 2519.0)
SRR15652287_1	(0.0, 5691.0)	(1.0, 3700.5)	(2.0, 1243.5)	(3.0, 619.0)	(4.0, 388.5)	(5.0, 287.5)	(6.0, 237.5)	(7.0, 235.0)	(8.0, 276.5)	(9.0, 322.5)	(10.0, 418.0)	(11.0, 559.5)	(12.0, 791.5)	(13.0, 1130.0)	(14.0, 1607.0)	(15.0, 2282.0)	(16.0, 3506.5)	(17.0, 5264.5)	(18.0, 8091.5)	(19.0, 13089.0)	(20.0, 20230.0)	(21.0, 31087.0)	(22.0, 47831.5)	(23.0, 68525.5)	(24.0, 94754.0)	(25.0, 127860.0)	(26.0, 166138.0)	(27.0, 212227.5)	(28.0, 264327.0)	(29.0, 320951.5)	(30.0, 381029.0)	(31.0, 441207.5)	(32.0, 496722.5)	(33.0, 548124.5)	(34.0, 592831.0)	(35.0, 631546.5)	(36.0, 662436.0)	(37.0, 681567.5)	(38.0, 699345.5)	(39.0, 707069.5)	(40.0, 703767.0)	(41.0, 696814.5)	(42.0, 681645.0)	(43.0, 659687.0)	(44.0, 640201.0)	(45.0, 632979.5)	(46.0, 626786.0)	(47.0, 619265.5)	(48.0, 620032.0)	(49.0, 624917.5)	(50.0, 631742.0)	(51.0, 636714.0)	(52.0, 631914.5)	(53.0, 617968.0)	(54.0, 603038.5)	(55.0, 584220.0)	(56.0, 558549.0)	(57.0, 543764.0)	(58.0, 536505.5)	(59.0, 516545.0)	(60.0, 481146.0)	(61.0, 444323.0)	(62.0, 395364.5)	(63.0, 337745.5)	(64.0, 288816.0)	(65.0, 243421.5)	(66.0, 210131.0)	(67.0, 182951.5)	(68.0, 152849.0)	(69.0, 124394.5)	(70.0, 101639.0)	(71.0, 86279.0)	(72.0, 76764.0)	(73.0, 63761.5)	(74.0, 60722.5)	(75.0, 77912.0)	(76.0, 93373.5)	(77.0, 90569.5)	(78.0, 79878.0)	(79.0, 77112.5)	(80.0, 87484.0)	(81.0, 110292.0)	(82.0, 131149.0)	(83.0, 121307.5)	(84.0, 97049.5)	(85.0, 93965.5)	(86.0, 107444.5)	(87.0, 99923.0)	(88.0, 76412.0)	(89.0, 68144.0)	(90.0, 66176.5)	(91.0, 60628.5)	(92.0, 38800.5)	(93.0, 17023.5)	(94.0, 10290.0)	(95.0, 6864.5)	(96.0, 4141.5)	(97.0, 2802.5)	(98.0, 1703.5)	(99.0, 1130.5)	(100.0, 759.0)
SRR15652287_2	(0.0, 5393.0)	(1.0, 3819.0)	(2.0, 1819.5)	(3.0, 1184.0)	(4.0, 920.5)	(5.0, 747.5)	(6.0, 597.0)	(7.0, 581.5)	(8.0, 571.5)	(9.0, 550.0)	(10.0, 638.0)	(11.0, 778.5)	(12.0, 904.5)	(13.0, 1124.5)	(14.0, 1595.0)	(15.0, 2194.5)	(16.0, 3084.0)	(17.0, 4619.5)	(18.0, 7080.5)	(19.0, 11148.0)	(20.0, 16917.0)	(21.0, 24890.5)	(22.0, 37014.5)	(23.0, 53204.0)	(24.0, 73122.5)	(25.0, 99413.0)	(26.0, 133848.5)	(27.0, 175766.0)	(28.0, 225365.5)	(29.0, 283252.5)	(30.0, 346411.0)	(31.0, 414979.0)	(32.0, 482666.5)	(33.0, 544535.5)	(34.0, 600484.5)	(35.0, 645717.0)	(36.0, 678547.0)	(37.0, 704636.5)	(38.0, 724120.0)	(39.0, 732503.0)	(40.0, 728012.0)	(41.0, 713839.0)	(42.0, 694957.5)	(43.0, 675416.0)	(44.0, 658565.0)	(45.0, 644369.0)	(46.0, 637493.5)	(47.0, 634302.5)	(48.0, 636503.5)	(49.0, 642844.5)	(50.0, 644889.0)	(51.0, 642329.0)	(52.0, 631387.0)	(53.0, 617293.0)	(54.0, 602583.5)	(55.0, 582897.5)	(56.0, 557437.5)	(57.0, 531181.5)	(58.0, 512518.0)	(59.0, 487692.5)	(60.0, 454514.5)	(61.0, 435384.0)	(62.0, 406951.0)	(63.0, 355200.5)	(64.0, 303699.5)	(65.0, 256014.0)	(66.0, 217617.0)	(67.0, 186872.5)	(68.0, 155032.0)	(69.0, 126585.0)	(70.0, 104716.5)	(71.0, 87651.5)	(72.0, 76032.5)	(73.0, 64659.5)	(74.0, 58408.5)	(75.0, 67829.0)	(76.0, 80684.5)	(77.0, 99713.0)	(78.0, 107054.5)	(79.0, 91966.5)	(80.0, 88826.5)	(81.0, 104267.0)	(82.0, 120738.0)	(83.0, 121556.5)	(84.0, 114301.5)	(85.0, 115653.5)	(86.0, 117514.5)	(87.0, 101640.0)	(88.0, 80372.0)	(89.0, 64018.0)	(90.0, 50706.0)	(91.0, 41634.0)	(92.0, 29859.5)	(93.0, 20147.5)	(94.0, 16071.5)	(95.0, 12185.0)	(96.0, 9109.0)	(97.0, 6747.0)	(98.0, 3963.5)	(99.0, 2644.0)	(100.0, 2401.5)
SRR15652288_1	(0.0, 1356.0)	(1.0, 980.5)	(2.0, 496.0)	(3.0, 326.5)	(4.0, 246.5)	(5.0, 216.0)	(6.0, 229.5)	(7.0, 250.5)	(8.0, 286.0)	(9.0, 344.5)	(10.0, 438.0)	(11.0, 594.5)	(12.0, 817.0)	(13.0, 1176.5)	(14.0, 1718.0)	(15.0, 2454.0)	(16.0, 3667.5)	(17.0, 5718.0)	(18.0, 8927.0)	(19.0, 14160.5)	(20.0, 22256.0)	(21.0, 34339.5)	(22.0, 51495.0)	(23.0, 72995.0)	(24.0, 99631.0)	(25.0, 133234.5)	(26.0, 173508.5)	(27.0, 219314.0)	(28.0, 268886.0)	(29.0, 320745.0)	(30.0, 373153.0)	(31.0, 426149.5)	(32.0, 474855.0)	(33.0, 518465.5)	(34.0, 557394.5)	(35.0, 590362.0)	(36.0, 618409.0)	(37.0, 639354.5)	(38.0, 652765.5)	(39.0, 658668.0)	(40.0, 655875.0)	(41.0, 647283.5)	(42.0, 637970.5)	(43.0, 621538.0)	(44.0, 601939.5)	(45.0, 591169.0)	(46.0, 580529.5)	(47.0, 566093.0)	(48.0, 557047.0)	(49.0, 551432.0)	(50.0, 548133.5)	(51.0, 546704.0)	(52.0, 533469.0)	(53.0, 509644.0)	(54.0, 491566.5)	(55.0, 476752.5)	(56.0, 461472.0)	(57.0, 462179.5)	(58.0, 474683.0)	(59.0, 488040.5)	(60.0, 473997.5)	(61.0, 445254.5)	(62.0, 400621.0)	(63.0, 335105.0)	(64.0, 280342.0)	(65.0, 232593.5)	(66.0, 201141.0)	(67.0, 174324.0)	(68.0, 148868.5)	(69.0, 124873.0)	(70.0, 102123.5)	(71.0, 92730.5)	(72.0, 90348.0)	(73.0, 76398.0)	(74.0, 75103.5)	(75.0, 110556.0)	(76.0, 143314.5)	(77.0, 149197.0)	(78.0, 137711.0)	(79.0, 121743.0)	(80.0, 122310.0)	(81.0, 145063.0)	(82.0, 173343.5)	(83.0, 170211.5)	(84.0, 144056.0)	(85.0, 129880.5)	(86.0, 138018.5)	(87.0, 127569.0)	(88.0, 91147.5)	(89.0, 72674.0)	(90.0, 65608.0)	(91.0, 56654.0)	(92.0, 35955.0)	(93.0, 17091.5)	(94.0, 10956.0)	(95.0, 7187.5)	(96.0, 4034.5)	(97.0, 2833.5)	(98.0, 1598.0)	(99.0, 978.5)	(100.0, 665.5)
SRR15652288_2	(0.0, 1697.0)	(1.0, 1283.5)	(2.0, 740.5)	(3.0, 556.5)	(4.0, 522.0)	(5.0, 538.0)	(6.0, 512.5)	(7.0, 479.5)	(8.0, 460.5)	(9.0, 503.5)	(10.0, 577.0)	(11.0, 642.0)	(12.0, 811.0)	(13.0, 1021.5)	(14.0, 1309.5)	(15.0, 1866.0)	(16.0, 2737.5)	(17.0, 3976.5)	(18.0, 5936.5)	(19.0, 9104.0)	(20.0, 13854.0)	(21.0, 20410.0)	(22.0, 29846.5)	(23.0, 42103.5)	(24.0, 57741.0)	(25.0, 78152.0)	(26.0, 104427.0)	(27.0, 137624.0)	(28.0, 178253.0)	(29.0, 225854.5)	(30.0, 278401.5)	(31.0, 335830.0)	(32.0, 397227.0)	(33.0, 458010.5)	(34.0, 513500.0)	(35.0, 563687.5)	(36.0, 605874.5)	(37.0, 639196.5)	(38.0, 664263.0)	(39.0, 680313.0)	(40.0, 685840.5)	(41.0, 680015.5)	(42.0, 666825.0)	(43.0, 651595.0)	(44.0, 638435.5)	(45.0, 627450.0)	(46.0, 617868.0)	(47.0, 609154.0)	(48.0, 604433.5)	(49.0, 602295.5)	(50.0, 594305.5)	(51.0, 582037.5)	(52.0, 567215.5)	(53.0, 548420.5)	(54.0, 530369.0)	(55.0, 512465.0)	(56.0, 493447.0)	(57.0, 473843.0)	(58.0, 462678.5)	(59.0, 460528.0)	(60.0, 451972.0)	(61.0, 468517.5)	(62.0, 457353.5)	(63.0, 384116.5)	(64.0, 323424.5)	(65.0, 269123.5)	(66.0, 220529.5)	(67.0, 186025.0)	(68.0, 154069.5)	(69.0, 128647.5)	(70.0, 107191.0)	(71.0, 94094.5)	(72.0, 88412.0)	(73.0, 76294.0)	(74.0, 72960.5)	(75.0, 97707.0)	(76.0, 126896.0)	(77.0, 165823.5)	(78.0, 180014.0)	(79.0, 147914.5)	(80.0, 127878.5)	(81.0, 134792.5)	(82.0, 151823.5)	(83.0, 161498.0)	(84.0, 161078.0)	(85.0, 154579.5)	(86.0, 148021.0)	(87.0, 127829.0)	(88.0, 96422.5)	(89.0, 69979.5)	(90.0, 50847.5)	(91.0, 39476.5)	(92.0, 27746.5)	(93.0, 18562.5)	(94.0, 15033.5)	(95.0, 11345.0)	(96.0, 7997.0)	(97.0, 5834.0)	(98.0, 3190.0)	(99.0, 1833.0)	(100.0, 1684.0)
SRR15652289_1	(0.0, 18100.0)	(1.0, 13521.5)	(2.0, 7090.0)	(3.0, 4182.5)	(4.0, 2620.5)	(5.0, 1807.0)	(6.0, 1328.0)	(7.0, 1057.0)	(8.0, 1002.5)	(9.0, 1089.5)	(10.0, 1252.5)	(11.0, 1511.5)	(12.0, 1860.0)	(13.0, 2394.5)	(14.0, 3305.5)	(15.0, 4674.0)	(16.0, 6802.5)	(17.0, 10264.5)	(18.0, 15786.0)	(19.0, 24534.5)	(20.0, 37468.0)	(21.0, 57261.5)	(22.0, 86056.5)	(23.0, 123563.0)	(24.0, 171848.5)	(25.0, 234089.5)	(26.0, 309803.0)	(27.0, 398527.5)	(28.0, 495317.5)	(29.0, 595716.0)	(30.0, 701555.0)	(31.0, 808537.0)	(32.0, 906716.0)	(33.0, 992338.0)	(34.0, 1067141.5)	(35.0, 1130422.5)	(36.0, 1182412.5)	(37.0, 1220409.5)	(38.0, 1241717.5)	(39.0, 1246363.0)	(40.0, 1236017.0)	(41.0, 1213953.5)	(42.0, 1189943.0)	(43.0, 1157415.5)	(44.0, 1120954.5)	(45.0, 1097029.5)	(46.0, 1066434.5)	(47.0, 1030215.0)	(48.0, 1009203.5)	(49.0, 998878.0)	(50.0, 993396.5)	(51.0, 993160.5)	(52.0, 972135.5)	(53.0, 923881.0)	(54.0, 884744.5)	(55.0, 859472.5)	(56.0, 834366.0)	(57.0, 843749.0)	(58.0, 924557.0)	(59.0, 1040873.0)	(60.0, 1045384.5)	(61.0, 1020819.5)	(62.0, 951266.0)	(63.0, 797393.0)	(64.0, 659096.5)	(65.0, 521020.5)	(66.0, 428873.0)	(67.0, 368857.0)	(68.0, 315303.5)	(69.0, 254286.0)	(70.0, 203707.0)	(71.0, 169340.5)	(72.0, 150855.0)	(73.0, 127027.5)	(74.0, 110659.5)	(75.0, 117680.0)	(76.0, 130376.5)	(77.0, 135192.0)	(78.0, 131117.0)	(79.0, 128044.0)	(80.0, 142464.5)	(81.0, 188965.0)	(82.0, 234919.5)	(83.0, 226907.0)	(84.0, 185902.0)	(85.0, 173249.0)	(86.0, 197831.5)	(87.0, 177781.5)	(88.0, 132242.5)	(89.0, 128954.5)	(90.0, 120103.5)	(91.0, 114709.5)	(92.0, 91781.0)	(93.0, 53645.0)	(94.0, 35967.5)	(95.0, 23905.0)	(96.0, 18037.5)	(97.0, 15817.0)	(98.0, 9704.0)	(99.0, 5562.5)	(100.0, 3798.0)
SRR15652289_2	(0.0, 6147.0)	(1.0, 5317.0)	(2.0, 4030.5)	(3.0, 3291.0)	(4.0, 2818.0)	(5.0, 2389.5)	(6.0, 1940.0)	(7.0, 1683.0)	(8.0, 1612.0)	(9.0, 1580.0)	(10.0, 1710.0)	(11.0, 1994.5)	(12.0, 2344.0)	(13.0, 2931.0)	(14.0, 3861.0)	(15.0, 5199.0)	(16.0, 7239.0)	(17.0, 10452.0)	(18.0, 15340.5)	(19.0, 22579.5)	(20.0, 33851.0)	(21.0, 50710.0)	(22.0, 74389.5)	(23.0, 107650.0)	(24.0, 151267.0)	(25.0, 208137.5)	(26.0, 280449.5)	(27.0, 367989.5)	(28.0, 467909.0)	(29.0, 577899.0)	(30.0, 693589.0)	(31.0, 808222.5)	(32.0, 912601.5)	(33.0, 1006544.5)	(34.0, 1087372.0)	(35.0, 1147675.0)	(36.0, 1191499.5)	(37.0, 1226574.5)	(38.0, 1249744.0)	(39.0, 1252391.5)	(40.0, 1240453.0)	(41.0, 1216481.0)	(42.0, 1184651.5)	(43.0, 1151486.5)	(44.0, 1121356.5)	(45.0, 1095819.5)	(46.0, 1063469.0)	(47.0, 1030060.5)	(48.0, 1011716.0)	(49.0, 997072.5)	(50.0, 977250.0)	(51.0, 958201.0)	(52.0, 936149.5)	(53.0, 909386.0)	(54.0, 887276.0)	(55.0, 867312.5)	(56.0, 841041.0)	(57.0, 818403.0)	(58.0, 846008.5)	(59.0, 907830.5)	(60.0, 931724.5)	(61.0, 1021231.0)	(62.0, 1031368.5)	(63.0, 876218.5)	(64.0, 755852.0)	(65.0, 622010.0)	(66.0, 482879.0)	(67.0, 390162.5)	(68.0, 319539.0)	(69.0, 261638.5)	(70.0, 213393.5)	(71.0, 180108.0)	(72.0, 158011.5)	(73.0, 132561.5)	(74.0, 115055.0)	(75.0, 114469.0)	(76.0, 125894.0)	(77.0, 151566.0)	(78.0, 157866.0)	(79.0, 138698.0)	(80.0, 135758.0)	(81.0, 162013.5)	(82.0, 194596.5)	(83.0, 200384.0)	(84.0, 187087.5)	(85.0, 188378.0)	(86.0, 203294.0)	(87.0, 178392.5)	(88.0, 141956.5)	(89.0, 130540.5)	(90.0, 115824.0)	(91.0, 112411.0)	(92.0, 99716.5)	(93.0, 73309.5)	(94.0, 56283.5)	(95.0, 42586.0)	(96.0, 33170.5)	(97.0, 25823.0)	(98.0, 16781.0)	(99.0, 11311.5)	(100.0, 9213.0)
SRR15652290_1	(0.0, 179.0)	(1.0, 154.0)	(2.0, 113.0)	(3.0, 87.5)	(4.0, 81.5)	(5.0, 103.0)	(6.0, 131.5)	(7.0, 169.0)	(8.0, 210.0)	(9.0, 287.0)	(10.0, 401.5)	(11.0, 555.0)	(12.0, 787.5)	(13.0, 1127.0)	(14.0, 1720.5)	(15.0, 2641.5)	(16.0, 3974.0)	(17.0, 6274.5)	(18.0, 10070.5)	(19.0, 16087.0)	(20.0, 25350.0)	(21.0, 39046.0)	(22.0, 58931.0)	(23.0, 84591.5)	(24.0, 117584.0)	(25.0, 159103.0)	(26.0, 207763.0)	(27.0, 264952.0)	(28.0, 329206.5)	(29.0, 395866.5)	(30.0, 465047.0)	(31.0, 536874.5)	(32.0, 601871.5)	(33.0, 659135.0)	(34.0, 710387.0)	(35.0, 753713.5)	(36.0, 787156.0)	(37.0, 809960.0)	(38.0, 826264.0)	(39.0, 829958.5)	(40.0, 821830.5)	(41.0, 807370.0)	(42.0, 787006.5)	(43.0, 762174.0)	(44.0, 736260.5)	(45.0, 715720.5)	(46.0, 696142.0)	(47.0, 677718.0)	(48.0, 668394.0)	(49.0, 659610.0)	(50.0, 650946.0)	(51.0, 648500.5)	(52.0, 635033.5)	(53.0, 606016.5)	(54.0, 585319.5)	(55.0, 566765.0)	(56.0, 552897.0)	(57.0, 566378.5)	(58.0, 600031.5)	(59.0, 631410.5)	(60.0, 615271.0)	(61.0, 587052.5)	(62.0, 516411.5)	(63.0, 404659.5)	(64.0, 334176.0)	(65.0, 284152.5)	(66.0, 239606.0)	(67.0, 201567.0)	(68.0, 178658.0)	(69.0, 152167.5)	(70.0, 118638.0)	(71.0, 99504.5)	(72.0, 89634.0)	(73.0, 71790.5)	(74.0, 67757.5)	(75.0, 92539.5)	(76.0, 109822.0)	(77.0, 107617.5)	(78.0, 99087.0)	(79.0, 89549.0)	(80.0, 90231.5)	(81.0, 104432.5)	(82.0, 120851.0)	(83.0, 115457.5)	(84.0, 96403.5)	(85.0, 88932.0)	(86.0, 100479.5)	(87.0, 99065.5)	(88.0, 82730.0)	(89.0, 81130.5)	(90.0, 84561.5)	(91.0, 83139.5)	(92.0, 58675.0)	(93.0, 28425.5)	(94.0, 14654.5)	(95.0, 8083.5)	(96.0, 4661.0)	(97.0, 2709.0)	(98.0, 1771.0)	(99.0, 1512.0)	(100.0, 937.0)
SRR15652290_2	(0.0, 382.0)	(1.0, 339.5)	(2.0, 288.0)	(3.0, 293.5)	(4.0, 316.0)	(5.0, 330.5)	(6.0, 360.5)	(7.0, 395.5)	(8.0, 395.0)	(9.0, 448.0)	(10.0, 571.5)	(11.0, 711.5)	(12.0, 892.5)	(13.0, 1167.0)	(14.0, 1627.0)	(15.0, 2293.0)	(16.0, 3441.5)	(17.0, 5345.0)	(18.0, 8281.0)	(19.0, 12868.5)	(20.0, 19912.0)	(21.0, 29980.0)	(22.0, 44202.0)	(23.0, 63192.0)	(24.0, 87914.0)	(25.0, 120231.0)	(26.0, 161928.0)	(27.0, 212887.5)	(28.0, 273075.5)	(29.0, 343217.5)	(30.0, 418065.5)	(31.0, 495571.5)	(32.0, 575018.5)	(33.0, 649360.5)	(34.0, 713644.5)	(35.0, 765786.5)	(36.0, 804406.0)	(37.0, 833053.5)	(38.0, 852428.0)	(39.0, 857952.5)	(40.0, 849172.0)	(41.0, 831841.5)	(42.0, 806720.5)	(43.0, 778425.5)	(44.0, 752989.0)	(45.0, 733829.0)	(46.0, 716126.5)	(47.0, 698781.0)	(48.0, 691930.0)	(49.0, 684334.5)	(50.0, 668869.0)	(51.0, 652530.5)	(52.0, 637823.0)	(53.0, 625254.5)	(54.0, 613611.5)	(55.0, 595176.0)	(56.0, 573561.0)	(57.0, 553109.5)	(58.0, 542010.0)	(59.0, 547542.0)	(60.0, 546446.0)	(61.0, 578951.5)	(62.0, 567363.5)	(63.0, 457107.5)	(64.0, 373677.0)	(65.0, 314204.5)	(66.0, 251884.0)	(67.0, 209056.0)	(68.0, 176338.5)	(69.0, 144942.0)	(70.0, 121078.5)	(71.0, 101588.5)	(72.0, 86969.0)	(73.0, 73342.0)	(74.0, 67139.0)	(75.0, 83653.0)	(76.0, 100198.5)	(77.0, 125459.5)	(78.0, 134436.0)	(79.0, 107804.0)	(80.0, 93648.5)	(81.0, 101981.0)	(82.0, 117060.5)	(83.0, 123288.5)	(84.0, 119157.0)	(85.0, 116318.0)	(86.0, 111017.0)	(87.0, 96274.5)	(88.0, 82959.5)	(89.0, 73076.5)	(90.0, 62463.0)	(91.0, 52826.0)	(92.0, 39011.0)	(93.0, 24864.0)	(94.0, 17899.0)	(95.0, 12609.5)	(96.0, 9160.5)	(97.0, 6456.0)	(98.0, 4202.5)	(99.0, 4319.5)	(100.0, 4138.0)
SRR15652291_1	(0.0, 1408.0)	(1.0, 1108.0)	(2.0, 639.5)	(3.0, 422.5)	(4.0, 364.5)	(5.0, 352.5)	(6.0, 363.5)	(7.0, 356.5)	(8.0, 376.0)	(9.0, 457.5)	(10.0, 601.0)	(11.0, 779.5)	(12.0, 1008.5)	(13.0, 1470.5)	(14.0, 2127.5)	(15.0, 3054.0)	(16.0, 4723.5)	(17.0, 7425.5)	(18.0, 11659.0)	(19.0, 18565.0)	(20.0, 29201.5)	(21.0, 44930.5)	(22.0, 68618.0)	(23.0, 98714.5)	(24.0, 134686.0)	(25.0, 180267.0)	(26.0, 235990.0)	(27.0, 300108.0)	(28.0, 372019.5)	(29.0, 448835.5)	(30.0, 527295.0)	(31.0, 607873.5)	(32.0, 680419.5)	(33.0, 745524.0)	(34.0, 803251.0)	(35.0, 847079.0)	(36.0, 881069.5)	(37.0, 901142.5)	(38.0, 912809.0)	(39.0, 912408.0)	(40.0, 896990.0)	(41.0, 870819.5)	(42.0, 831695.5)	(43.0, 787172.5)	(44.0, 747608.0)	(45.0, 719751.0)	(46.0, 693548.5)	(47.0, 664300.0)	(48.0, 642709.0)	(49.0, 631785.5)	(50.0, 623985.0)	(51.0, 612911.5)	(52.0, 590221.5)	(53.0, 558903.0)	(54.0, 534032.0)	(55.0, 509315.5)	(56.0, 479614.0)	(57.0, 460316.5)	(58.0, 443374.0)	(59.0, 419553.5)	(60.0, 386377.0)	(61.0, 353108.5)	(62.0, 311275.5)	(63.0, 259239.5)	(64.0, 214659.5)	(65.0, 174245.0)	(66.0, 144506.5)	(67.0, 122017.5)	(68.0, 102139.0)	(69.0, 82985.0)	(70.0, 66012.0)	(71.0, 55397.5)	(72.0, 48262.0)	(73.0, 39321.0)	(74.0, 35679.0)	(75.0, 44157.0)	(76.0, 52709.0)	(77.0, 52961.0)	(78.0, 51013.0)	(79.0, 49092.5)	(80.0, 51370.0)	(81.0, 64955.0)	(82.0, 83652.0)	(83.0, 83492.0)	(84.0, 68550.5)	(85.0, 62577.5)	(86.0, 67290.5)	(87.0, 58853.0)	(88.0, 41216.5)	(89.0, 35527.5)	(90.0, 34331.0)	(91.0, 32458.0)	(92.0, 23014.5)	(93.0, 11587.5)	(94.0, 6729.0)	(95.0, 4237.5)	(96.0, 2566.5)	(97.0, 1812.5)	(98.0, 1048.0)	(99.0, 682.0)	(100.0, 413.0)
SRR15652291_2	(0.0, 1361.0)	(1.0, 1094.0)	(2.0, 738.5)	(3.0, 648.5)	(4.0, 693.0)	(5.0, 738.0)	(6.0, 706.0)	(7.0, 674.0)	(8.0, 672.5)	(9.0, 694.5)	(10.0, 798.5)	(11.0, 1007.0)	(12.0, 1184.0)	(13.0, 1417.0)	(14.0, 1950.5)	(15.0, 2786.5)	(16.0, 3899.0)	(17.0, 5727.5)	(18.0, 8845.0)	(19.0, 13711.5)	(20.0, 21524.5)	(21.0, 32519.5)	(22.0, 48123.0)	(23.0, 69205.0)	(24.0, 95285.5)	(25.0, 129561.0)	(26.0, 174438.0)	(27.0, 229486.0)	(28.0, 297112.5)	(29.0, 376230.5)	(30.0, 461327.0)	(31.0, 551032.5)	(32.0, 642854.5)	(33.0, 731472.5)	(34.0, 807953.0)	(35.0, 865969.5)	(36.0, 905221.5)	(37.0, 932096.5)	(38.0, 949720.5)	(39.0, 951349.0)	(40.0, 932371.0)	(41.0, 897294.5)	(42.0, 854268.0)	(43.0, 813871.0)	(44.0, 777671.0)	(45.0, 745488.5)	(46.0, 716204.5)	(47.0, 686991.5)	(48.0, 668550.0)	(49.0, 655748.5)	(50.0, 639415.0)	(51.0, 620915.0)	(52.0, 601303.5)	(53.0, 581713.5)	(54.0, 556397.0)	(55.0, 525724.0)	(56.0, 494458.0)	(57.0, 461286.5)	(58.0, 430585.5)	(59.0, 403711.5)	(60.0, 374573.0)	(61.0, 357263.0)	(62.0, 331344.0)	(63.0, 279375.0)	(64.0, 231088.5)	(65.0, 190592.5)	(66.0, 156363.5)	(67.0, 129540.0)	(68.0, 105926.0)	(69.0, 84745.0)	(70.0, 68674.5)	(71.0, 57609.5)	(72.0, 48846.5)	(73.0, 40997.0)	(74.0, 37336.0)	(75.0, 41815.5)	(76.0, 49079.0)	(77.0, 58480.5)	(78.0, 62115.5)	(79.0, 54476.5)	(80.0, 51219.0)	(81.0, 60748.5)	(82.0, 74505.0)	(83.0, 79745.5)	(84.0, 76173.5)	(85.0, 72077.0)	(86.0, 69914.0)	(87.0, 59147.5)	(88.0, 45097.0)	(89.0, 36036.0)	(90.0, 29135.5)	(91.0, 24990.0)	(92.0, 19070.0)	(93.0, 13077.5)	(94.0, 9999.5)	(95.0, 7536.5)	(96.0, 5489.0)	(97.0, 3870.5)	(98.0, 2125.5)	(99.0, 1393.5)	(100.0, 1492.0)
SRR15652292_1	(0.0, 522.0)	(1.0, 439.5)	(2.0, 268.5)	(3.0, 170.0)	(4.0, 163.5)	(5.0, 174.0)	(6.0, 185.5)	(7.0, 218.0)	(8.0, 264.5)	(9.0, 340.0)	(10.0, 462.5)	(11.0, 636.5)	(12.0, 867.0)	(13.0, 1276.0)	(14.0, 1911.5)	(15.0, 2831.5)	(16.0, 4379.0)	(17.0, 7044.5)	(18.0, 11252.5)	(19.0, 17956.0)	(20.0, 28734.5)	(21.0, 44272.0)	(22.0, 66945.0)	(23.0, 96655.0)	(24.0, 132807.0)	(25.0, 178310.0)	(26.0, 233985.5)	(27.0, 299370.0)	(28.0, 372188.0)	(29.0, 447723.5)	(30.0, 527574.5)	(31.0, 610682.5)	(32.0, 684677.5)	(33.0, 749980.0)	(34.0, 806405.0)	(35.0, 850722.0)	(36.0, 883806.5)	(37.0, 902949.5)	(38.0, 911759.5)	(39.0, 907043.0)	(40.0, 888291.0)	(41.0, 860871.5)	(42.0, 825996.5)	(43.0, 784851.0)	(44.0, 745316.5)	(45.0, 717895.5)	(46.0, 689898.0)	(47.0, 656404.5)	(48.0, 631922.5)	(49.0, 613282.0)	(50.0, 595611.0)	(51.0, 581256.5)	(52.0, 560104.5)	(53.0, 527332.0)	(54.0, 497671.0)	(55.0, 472900.0)	(56.0, 447811.0)	(57.0, 436059.0)	(58.0, 431620.5)	(59.0, 421409.0)	(60.0, 395921.5)	(61.0, 369551.0)	(62.0, 333310.5)	(63.0, 283220.0)	(64.0, 240111.0)	(65.0, 199019.5)	(66.0, 168120.0)	(67.0, 143212.5)	(68.0, 120811.5)	(69.0, 99362.5)	(70.0, 80652.5)	(71.0, 68340.0)	(72.0, 62570.0)	(73.0, 52617.5)	(74.0, 44634.5)	(75.0, 54523.0)	(76.0, 66534.0)	(77.0, 68263.0)	(78.0, 66348.5)	(79.0, 62320.5)	(80.0, 62837.0)	(81.0, 80280.5)	(82.0, 102134.0)	(83.0, 100113.5)	(84.0, 83614.0)	(85.0, 77610.0)	(86.0, 86172.5)	(87.0, 79625.5)	(88.0, 61495.5)	(89.0, 58202.0)	(90.0, 56982.0)	(91.0, 57365.0)	(92.0, 43803.0)	(93.0, 22663.5)	(94.0, 12550.0)	(95.0, 6893.0)	(96.0, 4191.0)	(97.0, 2702.0)	(98.0, 1721.0)	(99.0, 1391.5)	(100.0, 838.0)
SRR15652292_2	(0.0, 618.0)	(1.0, 535.5)	(2.0, 411.5)	(3.0, 391.0)	(4.0, 452.0)	(5.0, 491.0)	(6.0, 484.0)	(7.0, 505.0)	(8.0, 533.0)	(9.0, 577.5)	(10.0, 718.0)	(11.0, 932.5)	(12.0, 1145.5)	(13.0, 1493.5)	(14.0, 2023.5)	(15.0, 2933.0)	(16.0, 4454.5)	(17.0, 6672.5)	(18.0, 10188.0)	(19.0, 15596.5)	(20.0, 24478.0)	(21.0, 37272.0)	(22.0, 55025.5)	(23.0, 79141.5)	(24.0, 110007.5)	(25.0, 149470.0)	(26.0, 199420.5)	(27.0, 260015.5)	(28.0, 331242.0)	(29.0, 412975.0)	(30.0, 500990.5)	(31.0, 591623.0)	(32.0, 680000.5)	(33.0, 759874.5)	(34.0, 826002.0)	(35.0, 873490.0)	(36.0, 903574.5)	(37.0, 924765.0)	(38.0, 934867.0)	(39.0, 928422.5)	(40.0, 906780.5)	(41.0, 873094.5)	(42.0, 831461.5)	(43.0, 789881.5)	(44.0, 753978.5)	(45.0, 722888.0)	(46.0, 694050.5)	(47.0, 663966.0)	(48.0, 641508.0)	(49.0, 622364.5)	(50.0, 600085.0)	(51.0, 578133.0)	(52.0, 553716.5)	(53.0, 528101.5)	(54.0, 501922.0)	(55.0, 475143.5)	(56.0, 448776.0)	(57.0, 424988.5)	(58.0, 406910.0)	(59.0, 392431.5)	(60.0, 374894.5)	(61.0, 373312.0)	(62.0, 358474.5)	(63.0, 307633.5)	(64.0, 260412.0)	(65.0, 217893.5)	(66.0, 180142.5)	(67.0, 150374.5)	(68.0, 123556.0)	(69.0, 101810.5)	(70.0, 84651.0)	(71.0, 71603.0)	(72.0, 62821.0)	(73.0, 52455.5)	(74.0, 46075.5)	(75.0, 52117.5)	(76.0, 62857.5)	(77.0, 76403.5)	(78.0, 79933.0)	(79.0, 68933.5)	(80.0, 65119.5)	(81.0, 76840.5)	(82.0, 92982.5)	(83.0, 98312.0)	(84.0, 92788.5)	(85.0, 89819.5)	(86.0, 90046.0)	(87.0, 78368.0)	(88.0, 64560.5)	(89.0, 55047.0)	(90.0, 45434.5)	(91.0, 41627.0)	(92.0, 33777.0)	(93.0, 23469.0)	(94.0, 17587.0)	(95.0, 12514.5)	(96.0, 9369.5)	(97.0, 6658.0)	(98.0, 4030.5)	(99.0, 3806.5)	(100.0, 3464.5)
SRR15652293_1	(0.0, 1717.0)	(1.0, 1337.5)	(2.0, 787.0)	(3.0, 553.5)	(4.0, 483.0)	(5.0, 476.0)	(6.0, 470.5)	(7.0, 432.5)	(8.0, 456.5)	(9.0, 563.0)	(10.0, 709.5)	(11.0, 970.0)	(12.0, 1328.5)	(13.0, 1813.0)	(14.0, 2616.5)	(15.0, 3955.5)	(16.0, 6081.5)	(17.0, 9566.0)	(18.0, 15024.0)	(19.0, 23885.5)	(20.0, 37547.5)	(21.0, 57005.0)	(22.0, 85282.0)	(23.0, 121800.0)	(24.0, 166915.5)	(25.0, 223454.0)	(26.0, 290757.5)	(27.0, 367595.0)	(28.0, 452464.5)	(29.0, 540927.0)	(30.0, 628290.0)	(31.0, 714275.5)	(32.0, 794181.5)	(33.0, 862903.0)	(34.0, 920541.5)	(35.0, 965227.5)	(36.0, 997524.0)	(37.0, 1015869.0)	(38.0, 1021204.0)	(39.0, 1013288.5)	(40.0, 993692.5)	(41.0, 965438.0)	(42.0, 929620.5)	(43.0, 887527.5)	(44.0, 843072.0)	(45.0, 810900.5)	(46.0, 781441.5)	(47.0, 748910.0)	(48.0, 726147.5)	(49.0, 711088.5)	(50.0, 697523.5)	(51.0, 685137.0)	(52.0, 663303.0)	(53.0, 626584.0)	(54.0, 594057.5)	(55.0, 566937.0)	(56.0, 542087.5)	(57.0, 532187.5)	(58.0, 529373.0)	(59.0, 526071.0)	(60.0, 497306.5)	(61.0, 462156.5)	(62.0, 412104.5)	(63.0, 342610.0)	(64.0, 288904.5)	(65.0, 238624.0)	(66.0, 199369.0)	(67.0, 167352.5)	(68.0, 139498.5)	(69.0, 113442.5)	(70.0, 90782.5)	(71.0, 79738.0)	(72.0, 72811.5)	(73.0, 57766.0)	(74.0, 51449.5)	(75.0, 67005.5)	(76.0, 80032.5)	(77.0, 81257.0)	(78.0, 77461.5)	(79.0, 69726.5)	(80.0, 68105.0)	(81.0, 79260.5)	(82.0, 97998.5)	(83.0, 96692.5)	(84.0, 80495.0)	(85.0, 72898.5)	(86.0, 78241.0)	(87.0, 72624.0)	(88.0, 53555.5)	(89.0, 47326.0)	(90.0, 47560.5)	(91.0, 50473.5)	(92.0, 38505.5)	(93.0, 18672.0)	(94.0, 9671.5)	(95.0, 5325.0)	(96.0, 3194.5)	(97.0, 2002.5)	(98.0, 1205.5)	(99.0, 817.0)	(100.0, 448.0)
SRR15652293_2	(0.0, 1865.0)	(1.0, 1544.5)	(2.0, 1040.5)	(3.0, 841.5)	(4.0, 873.0)	(5.0, 957.5)	(6.0, 940.0)	(7.0, 869.0)	(8.0, 866.5)	(9.0, 892.0)	(10.0, 964.5)	(11.0, 1135.5)	(12.0, 1340.0)	(13.0, 1674.5)	(14.0, 2223.5)	(15.0, 2984.5)	(16.0, 4301.0)	(17.0, 6446.5)	(18.0, 9790.0)	(19.0, 14909.0)	(20.0, 22959.0)	(21.0, 34816.0)	(22.0, 51710.5)	(23.0, 75090.0)	(24.0, 105637.5)	(25.0, 146818.5)	(26.0, 201254.0)	(27.0, 268207.5)	(28.0, 348595.0)	(29.0, 440862.5)	(30.0, 541118.5)	(31.0, 643857.0)	(32.0, 743396.0)	(33.0, 835589.0)	(34.0, 912412.5)	(35.0, 972555.5)	(36.0, 1016704.5)	(37.0, 1044776.0)	(38.0, 1059375.5)	(39.0, 1058319.5)	(40.0, 1042801.5)	(41.0, 1012375.0)	(42.0, 970124.0)	(43.0, 926852.0)	(44.0, 885064.0)	(45.0, 849762.0)	(46.0, 819344.5)	(47.0, 789964.5)	(48.0, 768641.0)	(49.0, 750651.5)	(50.0, 729497.5)	(51.0, 705399.0)	(52.0, 676288.5)	(53.0, 645301.0)	(54.0, 616260.0)	(55.0, 589009.0)	(56.0, 561013.5)	(57.0, 534381.0)	(58.0, 513750.0)	(59.0, 498209.0)	(60.0, 476743.5)	(61.0, 473051.5)	(62.0, 453363.0)	(63.0, 387658.5)	(64.0, 326769.0)	(65.0, 271437.5)	(66.0, 219834.5)	(67.0, 180238.0)	(68.0, 145881.5)	(69.0, 116694.0)	(70.0, 96719.0)	(71.0, 82089.0)	(72.0, 71770.5)	(73.0, 59552.0)	(74.0, 51642.0)	(75.0, 61839.5)	(76.0, 75628.5)	(77.0, 94176.0)	(78.0, 99835.0)	(79.0, 81268.5)	(80.0, 70492.0)	(81.0, 77233.5)	(82.0, 91021.5)	(83.0, 95460.5)	(84.0, 91342.5)	(85.0, 87220.5)	(86.0, 83911.5)	(87.0, 73109.5)	(88.0, 58728.0)	(89.0, 47631.5)	(90.0, 38873.5)	(91.0, 35219.5)	(92.0, 27394.5)	(93.0, 17421.0)	(94.0, 12469.5)	(95.0, 8775.0)	(96.0, 6299.0)	(97.0, 4445.0)	(98.0, 2691.0)	(99.0, 2058.0)	(100.0, 1914.5)
SRR15652294_1	(0.0, 1314.0)	(1.0, 1056.5)	(2.0, 658.5)	(3.0, 448.5)	(4.0, 345.5)	(5.0, 326.0)	(6.0, 317.5)	(7.0, 327.0)	(8.0, 375.0)	(9.0, 468.5)	(10.0, 606.5)	(11.0, 736.5)	(12.0, 989.0)	(13.0, 1402.0)	(14.0, 2008.0)	(15.0, 2989.5)	(16.0, 4597.0)	(17.0, 7224.5)	(18.0, 11369.5)	(19.0, 18049.5)	(20.0, 28748.5)	(21.0, 44825.0)	(22.0, 67795.0)	(23.0, 97116.0)	(24.0, 133831.0)	(25.0, 179545.0)	(26.0, 234013.5)	(27.0, 297059.5)	(28.0, 367058.0)	(29.0, 440963.0)	(30.0, 515815.5)	(31.0, 591920.5)	(32.0, 661579.5)	(33.0, 721108.0)	(34.0, 773946.0)	(35.0, 817341.0)	(36.0, 850275.0)	(37.0, 871169.0)	(38.0, 882757.0)	(39.0, 883667.0)	(40.0, 871158.0)	(41.0, 847604.0)	(42.0, 817155.5)	(43.0, 783049.0)	(44.0, 749909.5)	(45.0, 724022.0)	(46.0, 696167.0)	(47.0, 667947.0)	(48.0, 647835.0)	(49.0, 631626.0)	(50.0, 619908.5)	(51.0, 609351.0)	(52.0, 589009.5)	(53.0, 555968.5)	(54.0, 525445.0)	(55.0, 500995.5)	(56.0, 477136.0)	(57.0, 465027.0)	(58.0, 460741.0)	(59.0, 456520.5)	(60.0, 433141.0)	(61.0, 403733.5)	(62.0, 358956.5)	(63.0, 296550.0)	(64.0, 247386.5)	(65.0, 203051.0)	(66.0, 168650.5)	(67.0, 140732.5)	(68.0, 117132.0)	(69.0, 94904.0)	(70.0, 74429.5)	(71.0, 60960.0)	(72.0, 54581.0)	(73.0, 45378.5)	(74.0, 38983.5)	(75.0, 47185.0)	(76.0, 54770.5)	(77.0, 55506.5)	(78.0, 54143.0)	(79.0, 51966.0)	(80.0, 54344.5)	(81.0, 64468.0)	(82.0, 76451.5)	(83.0, 72520.0)	(84.0, 59091.5)	(85.0, 49511.0)	(86.0, 47496.5)	(87.0, 41363.0)	(88.0, 29233.0)	(89.0, 25818.0)	(90.0, 29659.5)	(91.0, 33301.0)	(92.0, 22446.5)	(93.0, 9664.5)	(94.0, 6184.5)	(95.0, 4215.5)	(96.0, 2601.5)	(97.0, 1920.5)	(98.0, 1042.5)	(99.0, 563.0)	(100.0, 345.5)
SRR15652294_2	(0.0, 1419.0)	(1.0, 1164.5)	(2.0, 831.0)	(3.0, 736.5)	(4.0, 746.0)	(5.0, 763.0)	(6.0, 758.5)	(7.0, 744.0)	(8.0, 709.0)	(9.0, 724.0)	(10.0, 803.5)	(11.0, 935.0)	(12.0, 1140.0)	(13.0, 1445.0)	(14.0, 1817.5)	(15.0, 2487.0)	(16.0, 3660.0)	(17.0, 5450.0)	(18.0, 8321.5)	(19.0, 12786.0)	(20.0, 19601.5)	(21.0, 29501.5)	(22.0, 44012.0)	(23.0, 63542.0)	(24.0, 88760.0)	(25.0, 122298.5)	(26.0, 166333.0)	(27.0, 221193.5)	(28.0, 286629.5)	(29.0, 362875.5)	(30.0, 446808.0)	(31.0, 534275.0)	(32.0, 620399.0)	(33.0, 702310.0)	(34.0, 771470.0)	(35.0, 825551.0)	(36.0, 868528.0)	(37.0, 898672.0)	(38.0, 915386.5)	(39.0, 917911.0)	(40.0, 906758.5)	(41.0, 882438.5)	(42.0, 848780.5)	(43.0, 812545.0)	(44.0, 779067.0)	(45.0, 751313.5)	(46.0, 724681.5)	(47.0, 699204.5)	(48.0, 681277.5)	(49.0, 663908.0)	(50.0, 644048.0)	(51.0, 623561.0)	(52.0, 598121.5)	(53.0, 570308.0)	(54.0, 542054.5)	(55.0, 516381.0)	(56.0, 493427.5)	(57.0, 468498.5)	(58.0, 447656.0)	(59.0, 433659.5)	(60.0, 415665.5)	(61.0, 411973.5)	(62.0, 391294.5)	(63.0, 329051.0)	(64.0, 273076.0)	(65.0, 225097.5)	(66.0, 182434.0)	(67.0, 150308.0)	(68.0, 122185.0)	(69.0, 97695.5)	(70.0, 78461.0)	(71.0, 63656.0)	(72.0, 54129.5)	(73.0, 45242.0)	(74.0, 39639.5)	(75.0, 44455.5)	(76.0, 52069.0)	(77.0, 63290.0)	(78.0, 66223.5)	(79.0, 55150.0)	(80.0, 49952.0)	(81.0, 57892.0)	(82.0, 68210.5)	(83.0, 68750.5)	(84.0, 64165.5)	(85.0, 58540.5)	(86.0, 54578.0)	(87.0, 45706.0)	(88.0, 34481.5)	(89.0, 29009.0)	(90.0, 25906.5)	(91.0, 24197.5)	(92.0, 18321.0)	(93.0, 12484.5)	(94.0, 10209.0)	(95.0, 7690.0)	(96.0, 5676.0)	(97.0, 4153.5)	(98.0, 2232.0)	(99.0, 1164.0)	(100.0, 1072.5)
SRR15652295_1	(0.0, 1388.0)	(1.0, 1031.5)	(2.0, 529.5)	(3.0, 372.5)	(4.0, 365.5)	(5.0, 345.0)	(6.0, 310.0)	(7.0, 340.5)	(8.0, 412.5)	(9.0, 508.5)	(10.0, 649.5)	(11.0, 858.0)	(12.0, 1143.0)	(13.0, 1666.0)	(14.0, 2497.5)	(15.0, 3576.5)	(16.0, 5371.5)	(17.0, 8572.0)	(18.0, 13696.0)	(19.0, 21419.0)	(20.0, 33252.0)	(21.0, 51618.5)	(22.0, 79234.0)	(23.0, 112888.5)	(24.0, 152785.5)	(25.0, 204276.0)	(26.0, 266333.5)	(27.0, 337612.5)	(28.0, 417228.5)	(29.0, 500365.0)	(30.0, 582412.0)	(31.0, 663785.5)	(32.0, 737771.0)	(33.0, 800741.5)	(34.0, 855188.5)	(35.0, 900846.5)	(36.0, 936212.5)	(37.0, 957365.5)	(38.0, 971546.5)	(39.0, 973191.5)	(40.0, 957665.0)	(41.0, 934578.0)	(42.0, 907942.5)	(43.0, 870457.5)	(44.0, 830035.5)	(45.0, 810044.5)	(46.0, 784452.0)	(47.0, 746651.0)	(48.0, 722320.5)	(49.0, 708814.0)	(50.0, 708316.5)	(51.0, 715264.0)	(52.0, 699262.5)	(53.0, 660138.0)	(54.0, 631576.0)	(55.0, 613370.5)	(56.0, 588348.0)	(57.0, 589988.0)	(58.0, 614779.0)	(59.0, 625833.5)	(60.0, 598255.5)	(61.0, 567404.0)	(62.0, 506845.5)	(63.0, 414271.0)	(64.0, 342671.5)	(65.0, 279122.5)	(66.0, 242669.5)	(67.0, 217434.5)	(68.0, 187073.5)	(69.0, 151016.0)	(70.0, 119553.0)	(71.0, 98119.0)	(72.0, 90715.5)	(73.0, 76013.5)	(74.0, 63318.5)	(75.0, 83172.0)	(76.0, 111602.5)	(77.0, 117735.5)	(78.0, 109411.5)	(79.0, 103670.5)	(80.0, 108733.5)	(81.0, 134475.0)	(82.0, 159931.0)	(83.0, 150812.0)	(84.0, 125061.5)	(85.0, 122620.0)	(86.0, 135794.0)	(87.0, 122918.0)	(88.0, 108062.5)	(89.0, 110311.0)	(90.0, 104232.0)	(91.0, 104166.0)	(92.0, 79969.5)	(93.0, 40604.0)	(94.0, 22095.0)	(95.0, 12624.0)	(96.0, 8460.0)	(97.0, 6241.5)	(98.0, 4712.5)	(99.0, 5032.0)	(100.0, 3480.0)
SRR15652295_2	(0.0, 1813.0)	(1.0, 1438.0)	(2.0, 929.0)	(3.0, 778.0)	(4.0, 761.0)	(5.0, 751.0)	(6.0, 727.0)	(7.0, 715.5)	(8.0, 735.5)	(9.0, 787.5)	(10.0, 862.5)	(11.0, 989.5)	(12.0, 1233.0)	(13.0, 1604.5)	(14.0, 2110.5)	(15.0, 2827.0)	(16.0, 4020.0)	(17.0, 6006.0)	(18.0, 9227.0)	(19.0, 13838.0)	(20.0, 21065.0)	(21.0, 31590.0)	(22.0, 46877.5)	(23.0, 67951.0)	(24.0, 95077.0)	(25.0, 129911.5)	(26.0, 175464.0)	(27.0, 233890.0)	(28.0, 303903.0)	(29.0, 384597.5)	(30.0, 472493.0)	(31.0, 567129.5)	(32.0, 660134.5)	(33.0, 747178.0)	(34.0, 825747.5)	(35.0, 891463.5)	(36.0, 939071.5)	(37.0, 973424.0)	(38.0, 998676.0)	(39.0, 1008538.0)	(40.0, 997457.0)	(41.0, 973900.5)	(42.0, 946321.5)	(43.0, 907361.0)	(44.0, 874775.5)	(45.0, 851845.5)	(46.0, 823114.0)	(47.0, 793447.0)	(48.0, 772809.5)	(49.0, 759084.5)	(50.0, 747942.5)	(51.0, 736139.5)	(52.0, 717064.0)	(53.0, 692211.5)	(54.0, 671643.0)	(55.0, 650507.0)	(56.0, 619973.5)	(57.0, 591354.5)	(58.0, 581734.0)	(59.0, 578811.0)	(60.0, 563695.0)	(61.0, 598110.5)	(62.0, 594907.0)	(63.0, 490779.5)	(64.0, 402335.0)	(65.0, 334435.0)	(66.0, 277465.0)	(67.0, 236824.5)	(68.0, 195857.0)	(69.0, 154886.0)	(70.0, 124990.5)	(71.0, 102613.5)	(72.0, 87394.0)	(73.0, 73999.5)	(74.0, 64682.5)	(75.0, 74168.0)	(76.0, 95356.5)	(77.0, 128385.5)	(78.0, 137761.5)	(79.0, 118108.5)	(80.0, 111378.5)	(81.0, 129808.0)	(82.0, 152190.5)	(83.0, 151570.0)	(84.0, 137317.0)	(85.0, 136147.5)	(86.0, 146075.0)	(87.0, 129069.5)	(88.0, 107638.0)	(89.0, 99096.5)	(90.0, 86198.5)	(91.0, 78673.0)	(92.0, 63137.5)	(93.0, 42788.0)	(94.0, 31775.5)	(95.0, 23314.0)	(96.0, 18389.0)	(97.0, 13851.5)	(98.0, 10458.5)	(99.0, 13055.5)	(100.0, 13121.0)
SRR15652296_1	(0.0, 2382.0)	(1.0, 2044.5)	(2.0, 1557.0)	(3.0, 1333.5)	(4.0, 1263.0)	(5.0, 1328.0)	(6.0, 1320.0)	(7.0, 1094.5)	(8.0, 993.0)	(9.0, 1107.5)	(10.0, 1306.5)	(11.0, 1601.5)	(12.0, 1959.5)	(13.0, 2435.0)	(14.0, 3292.0)	(15.0, 4574.0)	(16.0, 6396.0)	(17.0, 9372.0)	(18.0, 13984.5)	(19.0, 20989.0)	(20.0, 31777.0)	(21.0, 47792.5)	(22.0, 71194.0)	(23.0, 102676.5)	(24.0, 144018.5)	(25.0, 197715.0)	(26.0, 264463.0)	(27.0, 346559.0)	(28.0, 441494.0)	(29.0, 546283.5)	(30.0, 659096.5)	(31.0, 775509.0)	(32.0, 890191.0)	(33.0, 994693.0)	(34.0, 1089464.5)	(35.0, 1174273.0)	(36.0, 1246882.0)	(37.0, 1302141.0)	(38.0, 1340511.5)	(39.0, 1364244.5)	(40.0, 1368236.0)	(41.0, 1358312.0)	(42.0, 1337632.5)	(43.0, 1308728.0)	(44.0, 1281309.5)	(45.0, 1263862.5)	(46.0, 1246198.5)	(47.0, 1227045.0)	(48.0, 1221244.5)	(49.0, 1219774.5)	(50.0, 1216657.5)	(51.0, 1210647.5)	(52.0, 1176579.5)	(53.0, 1114973.0)	(54.0, 1061424.0)	(55.0, 1023833.5)	(56.0, 992635.0)	(57.0, 984279.0)	(58.0, 986892.5)	(59.0, 979430.5)	(60.0, 954923.5)	(61.0, 914833.5)	(62.0, 832221.0)	(63.0, 733729.5)	(64.0, 634856.0)	(65.0, 527401.5)	(66.0, 465585.5)	(67.0, 410510.0)	(68.0, 354353.5)	(69.0, 303497.0)	(70.0, 255451.5)	(71.0, 238906.0)	(72.0, 249683.5)	(73.0, 242885.5)	(74.0, 254251.5)	(75.0, 338192.0)	(76.0, 387135.5)	(77.0, 436794.5)	(78.0, 512734.0)	(79.0, 453043.0)	(80.0, 375410.0)	(81.0, 425233.0)	(82.0, 528679.5)	(83.0, 541434.0)	(84.0, 467366.5)	(85.0, 402099.5)	(86.0, 436901.0)	(87.0, 412954.5)	(88.0, 277710.5)	(89.0, 211911.0)	(90.0, 167206.5)	(91.0, 149153.0)	(92.0, 119516.0)	(93.0, 73955.5)	(94.0, 51495.5)	(95.0, 32387.5)	(96.0, 19695.0)	(97.0, 14884.5)	(98.0, 9169.0)	(99.0, 5415.0)	(100.0, 3469.0)
SRR15652296_2	(0.0, 1842.0)	(1.0, 1683.5)	(2.0, 1520.0)	(3.0, 1690.5)	(4.0, 1995.5)	(5.0, 2167.5)	(6.0, 2148.5)	(7.0, 2040.0)	(8.0, 1968.5)	(9.0, 1972.0)	(10.0, 2072.5)	(11.0, 2306.5)	(12.0, 2719.0)	(13.0, 3241.0)	(14.0, 3984.5)	(15.0, 5286.5)	(16.0, 7322.5)	(17.0, 10366.5)	(18.0, 14962.5)	(19.0, 21993.0)	(20.0, 33396.0)	(21.0, 49295.0)	(22.0, 72190.5)	(23.0, 104221.0)	(24.0, 145672.0)	(25.0, 200358.5)	(26.0, 270626.5)	(27.0, 356435.0)	(28.0, 454783.5)	(29.0, 564200.0)	(30.0, 682276.0)	(31.0, 801860.5)	(32.0, 917456.0)	(33.0, 1025827.0)	(34.0, 1118605.0)	(35.0, 1194700.5)	(36.0, 1257954.5)	(37.0, 1305700.5)	(38.0, 1339806.0)	(39.0, 1356839.0)	(40.0, 1355435.5)	(41.0, 1342335.0)	(42.0, 1320630.5)	(43.0, 1294248.0)	(44.0, 1267497.5)	(45.0, 1247043.0)	(46.0, 1231459.0)	(47.0, 1216617.5)	(48.0, 1209768.0)	(49.0, 1203773.5)	(50.0, 1189345.5)	(51.0, 1165259.5)	(52.0, 1128544.0)	(53.0, 1086743.5)	(54.0, 1046640.5)	(55.0, 1010052.0)	(56.0, 977041.0)	(57.0, 947891.0)	(58.0, 928351.0)	(59.0, 919770.5)	(60.0, 896797.5)	(61.0, 884264.0)	(62.0, 845671.0)	(63.0, 746735.0)	(64.0, 654274.0)	(65.0, 569420.0)	(66.0, 492309.5)	(67.0, 422205.0)	(68.0, 361130.0)	(69.0, 311827.0)	(70.0, 272478.0)	(71.0, 260603.0)	(72.0, 266072.0)	(73.0, 251388.0)	(74.0, 261687.5)	(75.0, 323118.0)	(76.0, 376843.5)	(77.0, 447424.0)	(78.0, 496116.5)	(79.0, 445135.5)	(80.0, 378109.5)	(81.0, 391997.0)	(82.0, 454254.5)	(83.0, 501500.0)	(84.0, 513755.5)	(85.0, 486939.5)	(86.0, 466862.0)	(87.0, 428859.5)	(88.0, 337138.0)	(89.0, 241375.5)	(90.0, 170016.5)	(91.0, 136538.0)	(92.0, 110225.0)	(93.0, 80957.0)	(94.0, 62519.5)	(95.0, 44251.0)	(96.0, 31229.5)	(97.0, 23367.5)	(98.0, 14993.0)	(99.0, 10771.0)	(100.0, 9402.5)
SRR15652297_1	(0.0, 1663.0)	(1.0, 1310.5)	(2.0, 752.5)	(3.0, 515.5)	(4.0, 471.0)	(5.0, 463.5)	(6.0, 458.0)	(7.0, 443.0)	(8.0, 457.0)	(9.0, 510.5)	(10.0, 634.5)	(11.0, 832.5)	(12.0, 1086.5)	(13.0, 1473.0)	(14.0, 2165.0)	(15.0, 3217.0)	(16.0, 4891.0)	(17.0, 7736.5)	(18.0, 12254.0)	(19.0, 19157.0)	(20.0, 29754.0)	(21.0, 45224.5)	(22.0, 67772.0)	(23.0, 97176.5)	(24.0, 133272.5)	(25.0, 179760.5)	(26.0, 236117.5)	(27.0, 301566.5)	(28.0, 373803.5)	(29.0, 451470.0)	(30.0, 532512.0)	(31.0, 612864.0)	(32.0, 688685.5)	(33.0, 757900.5)	(34.0, 817936.5)	(35.0, 864278.0)	(36.0, 898324.5)	(37.0, 919897.0)	(38.0, 928446.5)	(39.0, 924806.5)	(40.0, 910047.0)	(41.0, 885057.5)	(42.0, 851146.5)	(43.0, 812352.5)	(44.0, 774781.0)	(45.0, 743936.5)	(46.0, 715272.5)	(47.0, 688831.0)	(48.0, 667401.0)	(49.0, 648990.0)	(50.0, 631706.5)	(51.0, 616866.5)	(52.0, 592602.0)	(53.0, 544738.5)	(54.0, 499262.0)	(55.0, 467928.5)	(56.0, 442128.0)	(57.0, 431802.5)	(58.0, 430073.0)	(59.0, 422407.5)	(60.0, 390602.0)	(61.0, 357454.5)	(62.0, 311039.5)	(63.0, 248925.5)	(64.0, 202301.5)	(65.0, 161805.0)	(66.0, 134776.5)	(67.0, 113703.5)	(68.0, 95459.0)	(69.0, 77177.0)	(70.0, 61028.0)	(71.0, 51734.5)	(72.0, 47808.5)	(73.0, 40723.5)	(74.0, 34940.0)	(75.0, 42194.0)	(76.0, 50969.5)	(77.0, 52028.5)	(78.0, 50310.5)	(79.0, 46114.0)	(80.0, 45086.5)	(81.0, 55021.0)	(82.0, 69359.0)	(83.0, 69395.0)	(84.0, 57649.0)	(85.0, 52071.5)	(86.0, 54946.5)	(87.0, 48153.0)	(88.0, 36221.5)	(89.0, 34582.0)	(90.0, 32933.0)	(91.0, 33408.5)	(92.0, 26744.5)	(93.0, 14296.5)	(94.0, 7826.0)	(95.0, 4252.5)	(96.0, 2641.0)	(97.0, 1864.0)	(98.0, 1282.5)	(99.0, 1134.0)	(100.0, 717.5)
SRR15652297_2	(0.0, 1240.0)	(1.0, 1092.0)	(2.0, 862.5)	(3.0, 829.0)	(4.0, 891.0)	(5.0, 918.0)	(6.0, 882.0)	(7.0, 804.0)	(8.0, 797.0)	(9.0, 826.5)	(10.0, 919.0)	(11.0, 1044.5)	(12.0, 1240.0)	(13.0, 1603.0)	(14.0, 2069.5)	(15.0, 2895.0)	(16.0, 4155.5)	(17.0, 6056.0)	(18.0, 9211.0)	(19.0, 13989.5)	(20.0, 21410.5)	(21.0, 32079.5)	(22.0, 47334.0)	(23.0, 68251.0)	(24.0, 95689.0)	(25.0, 131745.0)	(26.0, 178346.0)	(27.0, 237159.5)	(28.0, 307338.0)	(29.0, 387646.0)	(30.0, 476043.0)	(31.0, 568600.0)	(32.0, 660570.5)	(33.0, 746286.0)	(34.0, 820320.5)	(35.0, 878404.5)	(36.0, 920959.0)	(37.0, 947781.0)	(38.0, 960077.5)	(39.0, 957133.5)	(40.0, 939705.0)	(41.0, 910699.0)	(42.0, 873517.0)	(43.0, 834186.5)	(44.0, 797813.5)	(45.0, 765792.0)	(46.0, 735001.5)	(47.0, 709326.0)	(48.0, 689725.5)	(49.0, 669063.5)	(50.0, 644443.5)	(51.0, 616336.0)	(52.0, 582001.0)	(53.0, 545194.5)	(54.0, 512264.0)	(55.0, 483068.0)	(56.0, 455317.0)	(57.0, 429128.0)	(58.0, 408138.0)	(59.0, 390722.0)	(60.0, 368679.0)	(61.0, 365396.5)	(62.0, 347644.0)	(63.0, 287812.0)	(64.0, 234602.0)	(65.0, 192978.5)	(66.0, 156478.5)	(67.0, 126871.0)	(68.0, 102181.5)	(69.0, 80811.5)	(70.0, 64792.5)	(71.0, 54730.0)	(72.0, 48188.5)	(73.0, 41289.0)	(74.0, 36856.5)	(75.0, 40717.5)	(76.0, 47803.5)	(77.0, 57140.5)	(78.0, 60001.5)	(79.0, 51255.0)	(80.0, 45700.5)	(81.0, 51714.0)	(82.0, 61817.5)	(83.0, 65546.0)	(84.0, 62627.0)	(85.0, 60460.0)	(86.0, 59896.0)	(87.0, 50900.5)	(88.0, 40796.0)	(89.0, 35183.5)	(90.0, 29104.5)	(91.0, 26126.5)	(92.0, 21261.0)	(93.0, 14923.5)	(94.0, 11196.5)	(95.0, 7873.0)	(96.0, 5975.5)	(97.0, 4520.5)	(98.0, 3008.5)	(99.0, 3216.5)	(100.0, 3415.0)
SRR15652298_1	(0.0, 1966.0)	(1.0, 1511.5)	(2.0, 870.0)	(3.0, 592.0)	(4.0, 486.5)	(5.0, 500.0)	(6.0, 561.0)	(7.0, 505.5)	(8.0, 460.5)	(9.0, 531.5)	(10.0, 631.5)	(11.0, 772.0)	(12.0, 983.0)	(13.0, 1302.5)	(14.0, 1749.0)	(15.0, 2431.0)	(16.0, 3631.5)	(17.0, 5501.0)	(18.0, 8394.5)	(19.0, 13022.5)	(20.0, 20000.0)	(21.0, 29999.5)	(22.0, 44739.0)	(23.0, 63752.0)	(24.0, 87213.0)	(25.0, 117310.0)	(26.0, 155637.5)	(27.0, 199698.0)	(28.0, 248401.0)	(29.0, 302121.0)	(30.0, 359998.0)	(31.0, 419380.5)	(32.0, 473942.0)	(33.0, 525992.5)	(34.0, 576587.5)	(35.0, 622286.5)	(36.0, 661725.5)	(37.0, 693183.5)	(38.0, 716029.0)	(39.0, 729982.0)	(40.0, 734554.0)	(41.0, 732583.0)	(42.0, 725616.0)	(43.0, 712256.0)	(44.0, 699947.5)	(45.0, 694980.5)	(46.0, 692177.5)	(47.0, 690463.5)	(48.0, 693316.5)	(49.0, 696922.5)	(50.0, 699534.0)	(51.0, 701391.5)	(52.0, 686794.5)	(53.0, 654422.5)	(54.0, 625351.0)	(55.0, 601880.5)	(56.0, 579625.0)	(57.0, 569240.5)	(58.0, 564171.5)	(59.0, 549356.0)	(60.0, 516625.5)	(61.0, 480813.0)	(62.0, 428719.0)	(63.0, 365240.0)	(64.0, 315596.0)	(65.0, 267327.5)	(66.0, 238335.0)	(67.0, 208413.5)	(68.0, 174746.0)	(69.0, 150262.5)	(70.0, 128708.5)	(71.0, 128821.5)	(72.0, 139821.5)	(73.0, 135595.5)	(74.0, 153198.0)	(75.0, 236394.5)	(76.0, 298061.5)	(77.0, 336893.5)	(78.0, 374529.5)	(79.0, 334209.5)	(80.0, 300082.5)	(81.0, 348911.0)	(82.0, 458481.0)	(83.0, 511956.5)	(84.0, 462965.5)	(85.0, 388353.5)	(86.0, 407222.0)	(87.0, 390081.5)	(88.0, 266763.5)	(89.0, 204427.0)	(90.0, 208561.0)	(91.0, 234724.0)	(92.0, 179264.5)	(93.0, 90608.0)	(94.0, 48855.0)	(95.0, 26786.0)	(96.0, 14871.0)	(97.0, 9194.0)	(98.0, 5436.5)	(99.0, 3907.5)	(100.0, 2374.5)
SRR15652298_2	(0.0, 2578.0)	(1.0, 1965.0)	(2.0, 1115.5)	(3.0, 905.0)	(4.0, 919.0)	(5.0, 966.0)	(6.0, 1007.5)	(7.0, 939.0)	(8.0, 822.0)	(9.0, 748.0)	(10.0, 766.0)	(11.0, 868.0)	(12.0, 1000.0)	(13.0, 1230.5)	(14.0, 1558.5)	(15.0, 2003.5)	(16.0, 2733.5)	(17.0, 3925.0)	(18.0, 5831.0)	(19.0, 8604.0)	(20.0, 12557.5)	(21.0, 18424.5)	(22.0, 27075.5)	(23.0, 38481.0)	(24.0, 52596.0)	(25.0, 71263.0)	(26.0, 97089.0)	(27.0, 130903.5)	(28.0, 171867.0)	(29.0, 220451.0)	(30.0, 276997.0)	(31.0, 340688.0)	(32.0, 409789.0)	(33.0, 479258.5)	(34.0, 546042.0)	(35.0, 606942.0)	(36.0, 659370.0)	(37.0, 703521.5)	(38.0, 738645.0)	(39.0, 760586.0)	(40.0, 768901.0)	(41.0, 768306.0)	(42.0, 760472.5)	(43.0, 749216.5)	(44.0, 740314.0)	(45.0, 732877.0)	(46.0, 729830.0)	(47.0, 732324.5)	(48.0, 735717.5)	(49.0, 738640.5)	(50.0, 736551.0)	(51.0, 723306.5)	(52.0, 699531.0)	(53.0, 674821.0)	(54.0, 650163.5)	(55.0, 624263.0)	(56.0, 598729.5)	(57.0, 572920.0)	(58.0, 549862.5)	(59.0, 529214.0)	(60.0, 500448.5)	(61.0, 482161.0)	(62.0, 449084.0)	(63.0, 382687.0)	(64.0, 329253.5)	(65.0, 287902.5)	(66.0, 251041.5)	(67.0, 215641.5)	(68.0, 181312.0)	(69.0, 157031.0)	(70.0, 142847.5)	(71.0, 143773.5)	(72.0, 155214.0)	(73.0, 149488.0)	(74.0, 160184.0)	(75.0, 232083.5)	(76.0, 309889.0)	(77.0, 370060.5)	(78.0, 390988.0)	(79.0, 336989.0)	(80.0, 285275.0)	(81.0, 312704.0)	(82.0, 397181.5)	(83.0, 480346.0)	(84.0, 506570.5)	(85.0, 468102.5)	(86.0, 416746.5)	(87.0, 372327.5)	(88.0, 311462.5)	(89.0, 231384.0)	(90.0, 180517.5)	(91.0, 162310.5)	(92.0, 125631.5)	(93.0, 85407.0)	(94.0, 63367.0)	(95.0, 43928.5)	(96.0, 30501.0)	(97.0, 21725.5)	(98.0, 12706.5)	(99.0, 9853.5)	(100.0, 7964.0)
