Sample	0	1	2	3	4	5	6	7	8	9	10	11	12	13	14	15	16	17	18	19	20	21	22	23	24	25	26	27	28	29	30	31	32	33	34	35	36	37
SRR15652275_1	(1, 36.46335860156722)	(2, 36.52990851276753)	(3, 36.58496780762232)	(4, 36.57335201619749)	(5, 36.5719771627601)	(6, 36.58273504895589)	(7, 36.546926645082394)	(8, 36.577628610347716)	(9, 36.57035415594527)	(10, 36.6114993868908)	(15, 36.596496424137605)	(20, 36.58402530559299)	(25, 36.505671409282385)	(30, 36.489056605994605)	(35, 36.500957340664556)	(40, 36.457933314675884)	(45, 36.43915054533228)	(50, 36.45398307102384)	(55, 36.4250015833404)	(60, 36.375422461747824)	(65, 36.372448799247685)	(70, 36.354327236174036)	(75, 36.355842385177155)	(80, 36.33088288884851)	(85, 36.32605784547658)	(90, 36.3261971131145)	(95, 36.27694821332884)	(100, 36.23818222076176)	(105, 36.1881907757738)	(110, 36.15172860152744)	(115, 36.08243704107998)	(120, 35.97441360863671)	(125, 35.818074775779095)	(130, 35.558407371767665)	(135, 35.246417961745166)	(140, 34.79369696224123)	(145, 34.241519454694256)	(150, 33.76714873717411)
SRR15652275_2	(1, 36.275761653053806)	(2, 36.22740627122174)	(3, 36.28950231217438)	(4, 36.25620412457689)	(5, 36.30681162161911)	(6, 36.313925047815225)	(7, 36.32761385460989)	(8, 36.34895272394236)	(9, 36.345728387983726)	(10, 36.31423929529249)	(15, 36.27918100515423)	(20, 36.23370081199665)	(25, 36.201006175524974)	(30, 36.18592384679764)	(35, 36.15846559061416)	(40, 36.148382555600946)	(45, 36.10945701040131)	(50, 36.07655062909181)	(55, 36.073014242437104)	(60, 36.04291060576117)	(65, 36.03499186444882)	(70, 35.999961228884374)	(75, 35.9480154527392)	(80, 35.93340371599217)	(85, 35.891157499761256)	(90, 35.8281641773129)	(95, 35.69044992068376)	(100, 35.5528579543043)	(105, 35.39781364730006)	(110, 35.104838936976755)	(115, 34.75805244653449)	(120, 34.24013367537908)	(125, 33.72952528636079)	(130, 33.26721425928186)	(135, 32.75514583145433)	(140, 32.231184278938485)	(145, 31.785040948001445)	(150, 31.464919601124222)
SRR15652276_1	(1, 36.28250742549049)	(2, 36.3905388050734)	(3, 36.46390164964735)	(4, 36.45635989183024)	(5, 36.486485870074716)	(6, 36.45139907019859)	(7, 36.44237092517749)	(8, 36.469040615620834)	(9, 36.460946773961155)	(10, 36.47303531283941)	(15, 36.45666501297683)	(20, 36.43076898362728)	(25, 36.35666911827922)	(30, 36.333636616679485)	(35, 36.315403778801944)	(40, 36.27444809216979)	(45, 36.24883490228933)	(50, 36.23820798989024)	(55, 36.22289457732194)	(60, 36.214481781431516)	(65, 36.19166436197899)	(70, 36.138950514149464)	(75, 36.14828094428698)	(80, 36.11270128996732)	(85, 36.08255566775173)	(90, 36.017987719592774)	(95, 35.99079646733771)	(100, 35.97027667854064)	(105, 35.90232660576077)	(110, 35.855859778736104)	(115, 35.77973702067496)	(120, 35.62105527293865)	(125, 35.48196718157802)	(130, 35.31292302587759)	(135, 35.057871852886585)	(140, 34.747755326753804)	(145, 34.36467446786505)	(150, 34.10755465877946)
SRR15652276_2	(1, 35.92999224851478)	(2, 35.90527024640441)	(3, 35.96574650709667)	(4, 35.975514746910584)	(5, 36.018271620094126)	(6, 35.997108240859085)	(7, 36.010138361581745)	(8, 36.037583051804454)	(9, 36.03125796084077)	(10, 35.97930182887255)	(15, 35.93976653720421)	(20, 35.912079376319284)	(25, 35.86602638162514)	(30, 35.83608187956212)	(35, 35.81712638946885)	(40, 35.78638232522543)	(45, 35.75890434635504)	(50, 35.737352897049426)	(55, 35.70491660534331)	(60, 35.66067075683034)	(65, 35.62439476786151)	(70, 35.599439903876416)	(75, 35.5577691409972)	(80, 35.485113826450224)	(85, 35.38704912946269)	(90, 35.277824971126535)	(95, 35.10964190756148)	(100, 34.91557235402105)	(105, 34.69124050438103)	(110, 34.35755241276257)	(115, 33.964101540192445)	(120, 33.45177057031674)	(125, 32.94228441634152)	(130, 32.43767248591628)	(135, 31.987631130448563)	(140, 31.686173291953736)	(145, 31.34339781599896)	(150, 31.136412455566795)
SRR15652277_1	(1, 36.0953013772022)	(2, 36.11472601597364)	(3, 36.281376879659504)	(4, 36.28304977182509)	(5, 36.316916724104594)	(6, 36.31796045626681)	(7, 36.277148527304895)	(8, 36.31038306267862)	(9, 36.313232011799656)	(10, 36.35350075247579)	(15, 36.3371290920024)	(20, 36.324169625151015)	(25, 36.23847069940876)	(30, 36.204304553364956)	(35, 36.195950062860845)	(40, 36.10448802728528)	(45, 36.07049362506004)	(50, 36.076102683409175)	(55, 36.10227743103733)	(60, 36.05130992352425)	(65, 36.04663998773303)	(70, 35.971397588831096)	(75, 36.00777584400656)	(80, 35.96736261243076)	(85, 35.93402910924822)	(90, 35.87532221402334)	(95, 35.8360662334181)	(100, 35.851560001098946)	(105, 35.82230080929297)	(110, 35.772538754906165)	(115, 35.680420684629254)	(120, 35.58447315900045)	(125, 35.45437296670138)	(130, 35.24228682247303)	(135, 35.01696433266358)	(140, 34.67149884172468)	(145, 34.38255743849458)	(150, 34.21450657954698)
SRR15652277_2	(1, 36.050634956764355)	(2, 36.258756536721336)	(3, 36.28236109455665)	(4, 36.25817234298355)	(5, 36.2580995354554)	(6, 36.25224000029837)	(7, 36.24621079103173)	(8, 36.276036715376094)	(9, 36.240840421604965)	(10, 36.25153587900881)	(15, 36.238315313645224)	(20, 36.22887087448303)	(25, 36.18523598858256)	(30, 36.12169249871812)	(35, 36.106676613176596)	(40, 36.056697869717915)	(45, 36.00976416191786)	(50, 35.95205538120913)	(55, 35.91019652621941)	(60, 35.86664194922878)	(65, 35.818272956053406)	(70, 35.797794562265224)	(75, 35.73458702713783)	(80, 35.731824764151675)	(85, 35.66574055420817)	(90, 35.594274376062856)	(95, 35.575589054139336)	(100, 35.51186601439666)	(105, 35.42223463113716)	(110, 35.28578721931608)	(115, 35.19019309911757)	(120, 35.02910152621074)	(125, 34.92634260942917)	(130, 34.72858529141896)	(135, 34.56189103738804)	(140, 34.32866687157135)	(145, 34.08617548410833)	(150, 33.846529190014145)
SRR15652278_1	(1, 36.38976942507763)	(2, 36.41799836784389)	(3, 36.46848576255738)	(4, 36.47884981394148)	(5, 36.49886266640145)	(6, 36.467081587941856)	(7, 36.43090275242396)	(8, 36.464955756371744)	(9, 36.48642582712182)	(10, 36.499324806618596)	(15, 36.479838362270954)	(20, 36.458782580524414)	(25, 36.38224192335917)	(30, 36.36205475416523)	(35, 36.394052819302075)	(40, 36.326412985852514)	(45, 36.30897969540733)	(50, 36.32554543641152)	(55, 36.31883352595237)	(60, 36.26669750809434)	(65, 36.25135182755882)	(70, 36.204592390414874)	(75, 36.202175338999716)	(80, 36.2042614829344)	(85, 36.19091657287505)	(90, 36.17091300865345)	(95, 36.12125488576726)	(100, 36.10848312715962)	(105, 36.11319785374549)	(110, 36.07148680356747)	(115, 36.00755241769768)	(120, 35.95348304183093)	(125, 35.88111363740004)	(130, 35.818229589026224)	(135, 35.67526351879316)	(140, 35.48446134791923)	(145, 35.22414958204326)	(150, 35.15107778535944)
SRR15652278_2	(1, 35.69582829404437)	(2, 35.85487826952286)	(3, 35.88288328740971)	(4, 35.905821207566106)	(5, 35.95876282343423)	(6, 35.882779829862976)	(7, 35.935550508573016)	(8, 35.95613962348503)	(9, 35.951894898546975)	(10, 35.9119193780909)	(15, 35.86260091936774)	(20, 35.82823367641064)	(25, 35.797417220673715)	(30, 35.751040598833995)	(35, 35.718253855947815)	(40, 35.68631436826131)	(45, 35.666875154046274)	(50, 35.612320137600214)	(55, 35.59362666821097)	(60, 35.57301965385645)	(65, 35.52029311665999)	(70, 35.55504506614093)	(75, 35.49217300854714)	(80, 35.44336149180299)	(85, 35.42302537507557)	(90, 35.34169612744806)	(95, 35.285006696204384)	(100, 35.199178287455865)	(105, 35.09974594429911)	(110, 34.91901905012096)	(115, 34.66939252962654)	(120, 34.36049137019141)	(125, 33.942898417166674)	(130, 33.492845891059595)	(135, 32.9734909480242)	(140, 32.47596542425288)	(145, 31.95428306689798)	(150, 31.642525304154837)
SRR15652279_1	(1, 35.882285176833875)	(2, 35.82542127332864)	(3, 35.92399466015592)	(4, 36.03548472190209)	(5, 36.0703868310815)	(6, 36.08264015510494)	(7, 35.99896363537529)	(8, 36.05891577398874)	(9, 36.0541948663838)	(10, 36.12666164089801)	(15, 36.055006124892174)	(20, 36.02028837349243)	(25, 35.898013276288474)	(30, 35.84519647904031)	(35, 35.80705053257275)	(40, 35.73340554539773)	(45, 35.69283980509906)	(50, 35.65106304277564)	(55, 35.61814994123727)	(60, 35.52933585267896)	(65, 35.4825226212263)	(70, 35.46369348485928)	(75, 35.451016765812525)	(80, 35.44994331050949)	(85, 35.415361962797235)	(90, 35.3764830182255)	(95, 35.3210046593005)	(100, 35.310307660476596)	(105, 35.25593244793842)	(110, 35.18619737954906)	(115, 35.11065229785644)	(120, 35.02520398819604)	(125, 34.8812113169972)	(130, 34.618175949379356)	(135, 34.37215342106937)	(140, 34.08855701585645)	(145, 33.62179932350176)	(150, 33.30666844211987)
SRR15652279_2	(1, 36.45139709485851)	(2, 36.51071934087985)	(3, 36.54337759465139)	(4, 36.52878252650643)	(5, 36.54582995344071)	(6, 36.49461494086013)	(7, 36.500957354147715)	(8, 36.52207257754931)	(9, 36.51711792534922)	(10, 36.50328641445399)	(15, 36.48017057835248)	(20, 36.46710260785141)	(25, 36.44137479915536)	(30, 36.41356347364611)	(35, 36.39367080147806)	(40, 36.36282908917143)	(45, 36.31802479706949)	(50, 36.264612661144504)	(55, 36.23172275286829)	(60, 36.201016078948115)	(65, 36.16477819968202)	(70, 36.15574123837019)	(75, 36.107988401683365)	(80, 36.07664836292399)	(85, 36.04585473955408)	(90, 36.00587700575996)	(95, 35.956259572382656)	(100, 35.888054804195185)	(105, 35.8110685629743)	(110, 35.70827037848757)	(115, 35.589837246845164)	(120, 35.43766526779495)	(125, 35.26737126032877)	(130, 35.059207636583835)	(135, 34.90187643772731)	(140, 34.53674315864082)	(145, 34.318850231110915)	(150, 34.12683478129689)
SRR15652280_1	(1, 35.8976791484041)	(2, 35.99274580709946)	(3, 36.10768638890905)	(4, 36.22824190163421)	(5, 36.26820315766544)	(6, 36.267887205793045)	(7, 36.18702822122388)	(8, 36.242681283207695)	(9, 36.268033633986995)	(10, 36.307755929365825)	(15, 36.284468634756294)	(20, 36.26290746184999)	(25, 36.18347480924705)	(30, 36.125664723086786)	(35, 36.117383378504364)	(40, 36.0726407268784)	(45, 36.02629741236028)	(50, 35.99846050486352)	(55, 36.01460449312067)	(60, 35.97542248155854)	(65, 35.94015014510879)	(70, 35.90305970954159)	(75, 35.86893132865782)	(80, 35.82862083691545)	(85, 35.840917352644105)	(90, 35.8257697064103)	(95, 35.789448947854865)	(100, 35.74149793361266)	(105, 35.66299176272028)	(110, 35.54365905006438)	(115, 35.38434486459673)	(120, 35.09380748911772)	(125, 34.73781101938718)	(130, 34.139434965914404)	(135, 33.37958106108182)	(140, 32.419477028859525)	(145, 31.35756201431572)	(150, 30.664332533207286)
SRR15652280_2	(1, 35.904132243144936)	(2, 36.16493581454411)	(3, 36.23235633162237)	(4, 36.22500825157916)	(5, 36.23947425646063)	(6, 36.18283763728584)	(7, 36.16718270884821)	(8, 36.23287097051412)	(9, 36.21138469094878)	(10, 36.242698179130365)	(15, 36.22815741261335)	(20, 36.212171941225336)	(25, 36.17928019888645)	(30, 36.11577030708104)	(35, 36.10447389638745)	(40, 36.07557663803783)	(45, 35.99975833938668)	(50, 35.950548804686385)	(55, 35.90521985701779)	(60, 35.88214837113098)	(65, 35.8357561468679)	(70, 35.79131787585326)	(75, 35.77792473383865)	(80, 35.737833945536146)	(85, 35.67309149805356)	(90, 35.658256332313826)	(95, 35.613556089830055)	(100, 35.51259940524659)	(105, 35.45164693147325)	(110, 35.331939385218895)	(115, 35.18262162159747)	(120, 35.070392308554545)	(125, 34.91001256987031)	(130, 34.733782621254704)	(135, 34.556356411210075)	(140, 34.215130929054205)	(145, 33.92931515491355)	(150, 33.69771811439057)
SRR15652281_1	(1, 36.01931703840865)	(2, 36.09550325655267)	(3, 36.19123781221067)	(4, 36.257479533421716)	(5, 36.273333225934536)	(6, 36.29772099118983)	(7, 36.23168206417963)	(8, 36.28461317006189)	(9, 36.278848280561036)	(10, 36.33329773505412)	(15, 36.3258287147112)	(20, 36.31245165111437)	(25, 36.22315520863638)	(30, 36.16324967282851)	(35, 36.13755574613578)	(40, 36.02514269793993)	(45, 35.97607785781094)	(50, 35.99748529884189)	(55, 36.02783735146983)	(60, 35.99608651162703)	(65, 35.929470792423075)	(70, 35.86610273705837)	(75, 35.85717840488146)	(80, 35.815254164625294)	(85, 35.816758116743124)	(90, 35.77007771945602)	(95, 35.74266494702239)	(100, 35.66662113968445)	(105, 35.55554737471535)	(110, 35.357336027147895)	(115, 35.09990652134977)	(120, 34.70598876292695)	(125, 34.20116943645007)	(130, 33.467846365387764)	(135, 32.51514303719379)	(140, 31.4928909943265)	(145, 30.399708461540648)	(150, 29.779319957128926)
SRR15652281_2	(1, 36.129359085038054)	(2, 36.32523629788762)	(3, 36.355422271541435)	(4, 36.3596034710028)	(5, 36.34523358764737)	(6, 36.32002782260625)	(7, 36.309648739596135)	(8, 36.3446542785312)	(9, 36.33391554853462)	(10, 36.334236820035315)	(15, 36.30090765756588)	(20, 36.288845883040814)	(25, 36.24268382773106)	(30, 36.191969796930984)	(35, 36.17026656444828)	(40, 36.11562077484442)	(45, 36.0362191655682)	(50, 35.9618465871347)	(55, 35.91864855670231)	(60, 35.88064985875478)	(65, 35.8118239935864)	(70, 35.78592592325851)	(75, 35.77166864943801)	(80, 35.68544940995416)	(85, 35.64065596153354)	(90, 35.60661860380931)	(95, 35.521590217359375)	(100, 35.45993026532873)	(105, 35.34786645528057)	(110, 35.212934926752446)	(115, 35.07411640576656)	(120, 34.90915553651859)	(125, 34.73745485696848)	(130, 34.56523600222505)	(135, 34.33569724910613)	(140, 34.01470447483409)	(145, 33.69391717088823)	(150, 33.40721299171671)
SRR15652282_1	(1, 35.833191888297215)	(2, 35.80539938575613)	(3, 35.90167613095371)	(4, 36.00672886022959)	(5, 36.01422509683232)	(6, 36.03615567945663)	(7, 35.94698894426363)	(8, 36.0110486223523)	(9, 36.00788711965015)	(10, 36.10433846229364)	(15, 36.04302649671619)	(20, 36.00546177570912)	(25, 35.83154697818916)	(30, 35.80779628655285)	(35, 35.803825881004244)	(40, 35.71925800386233)	(45, 35.682650635891505)	(50, 35.68349569736002)	(55, 35.67846093098395)	(60, 35.601672764728924)	(65, 35.568213939009766)	(70, 35.53117489232203)	(75, 35.53925632172003)	(80, 35.538268811707454)	(85, 35.51794823522351)	(90, 35.48912650864511)	(95, 35.42623974485762)	(100, 35.39697860468269)	(105, 35.35280518570647)	(110, 35.30366571531743)	(115, 35.24803621527553)	(120, 35.19894546945432)	(125, 35.11250594546114)	(130, 34.94926134971515)	(135, 34.823998783373284)	(140, 34.69413398952189)	(145, 34.41663435015418)	(150, 34.23489852869461)
SRR15652282_2	(1, 36.21045394850892)	(2, 36.30843789675818)	(3, 36.341255484141215)	(4, 36.33507585857083)	(5, 36.3469756733832)	(6, 36.28645250384553)	(7, 36.29132680380578)	(8, 36.3206862015277)	(9, 36.31374618425809)	(10, 36.29951877860301)	(15, 36.27789196462094)	(20, 36.26013188551822)	(25, 36.234260142433676)	(30, 36.20362375876929)	(35, 36.18464335365755)	(40, 36.157094072983575)	(45, 36.12667021095753)	(50, 36.093793771229485)	(55, 36.065307548288594)	(60, 36.04822700034997)	(65, 36.01506532723472)	(70, 35.99784039703214)	(75, 35.948939207500146)	(80, 35.91104856091304)	(85, 35.891106463213035)	(90, 35.86013521617291)	(95, 35.82420056284184)	(100, 35.76187175808867)	(105, 35.718793109140606)	(110, 35.64383041974883)	(115, 35.56993081066098)	(120, 35.4560127775555)	(125, 35.33125316594088)	(130, 35.1729305340873)	(135, 35.08021334039734)	(140, 34.79125735480504)	(145, 34.66930581492535)	(150, 34.533274291281145)
SRR15652283_1	(1, 35.84661268199646)	(2, 35.81609690959559)	(3, 35.918294007664066)	(4, 36.0291468322005)	(5, 36.063924966272616)	(6, 36.07540434420846)	(7, 35.98195893429695)	(8, 36.04310463194156)	(9, 36.03402215083622)	(10, 36.10485027115993)	(15, 36.0316843417341)	(20, 35.99822618818182)	(25, 35.85169508479491)	(30, 35.81108377620822)	(35, 35.76785463989739)	(40, 35.698419881509885)	(45, 35.664411675735124)	(50, 35.61966304619498)	(55, 35.60249700628136)	(60, 35.49775964542357)	(65, 35.467877318500555)	(70, 35.440385112538436)	(75, 35.45484105490457)	(80, 35.45267452870162)	(85, 35.407490160686436)	(90, 35.37636262022699)	(95, 35.32797237197272)	(100, 35.29614360052191)	(105, 35.22514173903498)	(110, 35.12665626210136)	(115, 35.04511838820834)	(120, 34.9533925920973)	(125, 34.839352319832486)	(130, 34.61237326531481)	(135, 34.448476367947954)	(140, 34.26734519819687)	(145, 33.97515544273961)	(150, 33.77630226314045)
SRR15652283_2	(1, 36.32807115843056)	(2, 36.393009152966236)	(3, 36.430492182005224)	(4, 36.42237915084588)	(5, 36.44218377517128)	(6, 36.38464202669657)	(7, 36.38658106067568)	(8, 36.412866250054975)	(9, 36.40669448766023)	(10, 36.39190616117845)	(15, 36.365874074664724)	(20, 36.35195748436813)	(25, 36.32037285876264)	(30, 36.29724403571509)	(35, 36.27396710002435)	(40, 36.237915567301194)	(45, 36.19465949735562)	(50, 36.14290354594308)	(55, 36.12264597529436)	(60, 36.08751156278013)	(65, 36.05017524293906)	(70, 36.03000711734483)	(75, 35.98435427571675)	(80, 35.94469961622475)	(85, 35.91638351636525)	(90, 35.87080691667897)	(95, 35.82359070851281)	(100, 35.74906954259126)	(105, 35.681715923722656)	(110, 35.582078173511604)	(115, 35.46147873431761)	(120, 35.32150042425168)	(125, 35.15988322262504)	(130, 34.97135566378671)	(135, 34.83978128243791)	(140, 34.51485257209508)	(145, 34.34675710277403)	(150, 34.188503575120436)
SRR15652284_1	(1, 35.85195165480816)	(2, 35.81439802155013)	(3, 35.91874524616034)	(4, 36.02584307513112)	(5, 36.05476935846737)	(6, 36.07317112036443)	(7, 35.986467377723685)	(8, 36.052066152945805)	(9, 36.043604698960536)	(10, 36.11878266789897)	(15, 36.052013496591044)	(20, 36.0171873468038)	(25, 35.89400314354784)	(30, 35.83332397197805)	(35, 35.786084137303575)	(40, 35.707177270236926)	(45, 35.666119167786)	(50, 35.631332713257734)	(55, 35.599027095693486)	(60, 35.520017656321265)	(65, 35.46729726745186)	(70, 35.44454630176395)	(75, 35.434705876501965)	(80, 35.429873986075904)	(85, 35.38322229284119)	(90, 35.35572976856172)	(95, 35.29778006979301)	(100, 35.284353166212)	(105, 35.230372516305906)	(110, 35.16554568243265)	(115, 35.10449224272834)	(120, 35.03885420868196)	(125, 34.93787056605176)	(130, 34.744211911581985)	(135, 34.58116732480344)	(140, 34.406573021311615)	(145, 34.08935000865765)	(150, 33.87520494669305)
SRR15652284_2	(1, 36.42049448661171)	(2, 36.48877921296004)	(3, 36.52256068015608)	(4, 36.51092061130902)	(5, 36.526990847659725)	(6, 36.48005447720096)	(7, 36.487312081872716)	(8, 36.51591743345538)	(9, 36.51013335414687)	(10, 36.496041516917124)	(15, 36.47719578927796)	(20, 36.46351234328695)	(25, 36.43721707105218)	(30, 36.40985971973585)	(35, 36.38970339897379)	(40, 36.35915717150524)	(45, 36.31463418347431)	(50, 36.2704836772405)	(55, 36.23701499163364)	(60, 36.208565569036764)	(65, 36.17081840236072)	(70, 36.15823795881721)	(75, 36.11074867633414)	(80, 36.07216574734572)	(85, 36.04557842924511)	(90, 36.010284289507645)	(95, 35.967563918907594)	(100, 35.91033171879558)	(105, 35.850728176082534)	(110, 35.76481814577771)	(115, 35.66992464498067)	(120, 35.54127532513878)	(125, 35.397746910905)	(130, 35.22348737313198)	(135, 35.10150110194688)	(140, 34.7922213024389)	(145, 34.62981006361594)	(150, 34.47569946781355)
SRR15652285_1	(1, 36.5534811538162)	(2, 36.633281407542505)	(3, 36.66313881032082)	(4, 36.67434522585893)	(5, 36.677611480830336)	(6, 36.66956802388177)	(7, 36.654019726832935)	(8, 36.67513258682339)	(9, 36.69177506577291)	(10, 36.69048527822011)	(15, 36.672102057994124)	(20, 36.65356468216346)	(25, 36.603303584851986)	(30, 36.56858353777104)	(35, 36.53355773632189)	(40, 36.49301029764115)	(45, 36.45055685808349)	(50, 36.4256810292469)	(55, 36.37873171328957)	(60, 36.334775304070504)	(65, 36.29715550693174)	(70, 36.255098202423795)	(75, 36.21920091263157)	(80, 36.17554055639493)	(85, 36.13754151396846)	(90, 36.108592418045575)	(95, 36.06888561028803)	(100, 36.03169096469323)	(105, 35.99834966862608)	(110, 35.94456708515581)	(115, 35.81519394808853)	(120, 35.81617212245428)	(125, 35.69390019524039)	(130, 35.64368959188871)	(135, 35.541509556084165)	(140, 35.52273754990041)	(145, 35.3770809874316)	(150, 35.270192214550235)
SRR15652285_2	(1, 36.536527909089834)	(2, 36.43526911045159)	(3, 36.510026981248714)	(4, 36.482144555615896)	(5, 36.510689860576186)	(6, 36.48001061600439)	(7, 36.50482819269465)	(8, 36.53284401238212)	(9, 36.56989607390469)	(10, 36.54279273968158)	(15, 36.52169073530806)	(20, 36.48938007998676)	(25, 36.422850211626084)	(30, 36.380947384154275)	(35, 36.33993384063984)	(40, 36.271695710190386)	(45, 36.23769159323784)	(50, 36.15945901916944)	(55, 36.08624758433302)	(60, 36.033778778890664)	(65, 35.95920456233966)	(70, 35.91786583246437)	(75, 35.81668204423978)	(80, 35.75953007013196)	(85, 35.71916549672922)	(90, 35.63207507528436)	(95, 35.532883051693624)	(100, 35.53885236989221)	(105, 35.420444180286225)	(110, 35.356654135223)	(115, 35.275259581469946)	(120, 35.169128291038064)	(125, 35.04558555533786)	(130, 34.94195270778973)	(135, 34.84925527984042)	(140, 34.67860509851655)	(145, 34.57871381540163)	(150, 34.48398504291767)
SRR15652286_1	(1, 36.493858326790715)	(2, 36.59565674082074)	(3, 36.63611582572464)	(4, 36.64713245360056)	(5, 36.653959980611276)	(6, 36.64311870812892)	(7, 36.62735914030026)	(8, 36.647836801916156)	(9, 36.66926914163535)	(10, 36.669155110812646)	(15, 36.656733759201174)	(20, 36.63652158415664)	(25, 36.58839514693985)	(30, 36.55601265996198)	(35, 36.522875708894105)	(40, 36.48999575062072)	(45, 36.45100481878614)	(50, 36.434880429541)	(55, 36.38796459215922)	(60, 36.3487651019851)	(65, 36.31007870069624)	(70, 36.273367999234814)	(75, 36.23956652844145)	(80, 36.19260833426325)	(85, 36.15878235356829)	(90, 36.12468855736313)	(95, 36.08870645258031)	(100, 36.05362096433511)	(105, 36.02243545227743)	(110, 35.96362632213982)	(115, 35.838279497068775)	(120, 35.845047455553384)	(125, 35.7236124630857)	(130, 35.66464063104029)	(135, 35.558916647404146)	(140, 35.549948053455495)	(145, 35.40324757441645)	(150, 35.29945146640948)
SRR15652286_2	(1, 36.57755098507885)	(2, 36.565287129511916)	(3, 36.607717281274034)	(4, 36.57317152148701)	(5, 36.597264393589164)	(6, 36.572358946014454)	(7, 36.58312966535017)	(8, 36.6146283138184)	(9, 36.62799075598102)	(10, 36.60666309396658)	(15, 36.58743482707567)	(20, 36.55774506663505)	(25, 36.498696404517)	(30, 36.462360002132165)	(35, 36.42496930035191)	(40, 36.37027133258143)	(45, 36.34166520122031)	(50, 36.274730005001615)	(55, 36.20947463374635)	(60, 36.16469295121134)	(65, 36.09882577893663)	(70, 36.06343676893739)	(75, 35.97648443073262)	(80, 35.92479124239296)	(85, 35.888545618805274)	(90, 35.81242441534917)	(95, 35.72227869103177)	(100, 35.7299049444243)	(105, 35.629843756849816)	(110, 35.57419698936708)	(115, 35.49911110507774)	(120, 35.40080464213551)	(125, 35.28477423242161)	(130, 35.18792574745237)	(135, 35.09948829353297)	(140, 34.94476853088048)	(145, 34.85523074677485)	(150, 34.77553382515872)
SRR15652287_1	(1, 36.597052100040315)	(2, 36.65633204152051)	(3, 36.68593333180572)	(4, 36.693317826841366)	(5, 36.69841882714571)	(6, 36.69192598398972)	(7, 36.67478976641784)	(8, 36.69009146028275)	(9, 36.70607477973483)	(10, 36.703827718969464)	(15, 36.687558254010824)	(20, 36.66730106697196)	(25, 36.62062374868013)	(30, 36.58745776243412)	(35, 36.55445835946919)	(40, 36.51831197677996)	(45, 36.477258984515935)	(50, 36.45400320038898)	(55, 36.40906041662403)	(60, 36.3663183097548)	(65, 36.32914187512961)	(70, 36.28814417100045)	(75, 36.25154919306322)	(80, 36.2035869484548)	(85, 36.16853912336038)	(90, 36.13695822702845)	(95, 36.09552782462388)	(100, 36.060097785987125)	(105, 36.02608515933059)	(110, 35.97090122886621)	(115, 35.84385904482803)	(120, 35.84299080544756)	(125, 35.72075937534375)	(130, 35.66648756839997)	(135, 35.560514133907645)	(140, 35.548045107373795)	(145, 35.4017828462925)	(150, 35.294343312278016)
SRR15652287_2	(1, 36.61521279825561)	(2, 36.5847156898749)	(3, 36.62360331188018)	(4, 36.603448548398504)	(5, 36.62961867402502)	(6, 36.61076385157505)	(7, 36.6339824991977)	(8, 36.65118251705524)	(9, 36.66292781471482)	(10, 36.631700883348046)	(15, 36.617611688996554)	(20, 36.588818628245654)	(25, 36.53130256452233)	(30, 36.49220199170441)	(35, 36.45399581556718)	(40, 36.396488116951716)	(45, 36.36397351446733)	(50, 36.296014005673975)	(55, 36.23381300773458)	(60, 36.18637207926316)	(65, 36.11688678786352)	(70, 36.07835100687021)	(75, 35.99076679161638)	(80, 35.93963123026434)	(85, 35.90063007479297)	(90, 35.826010224628874)	(95, 35.73534536234212)	(100, 35.73535939677116)	(105, 35.634652761635394)	(110, 35.57668035840403)	(115, 35.49725890364233)	(120, 35.40342216236486)	(125, 35.28845416196589)	(130, 35.19136798473073)	(135, 35.102143081004016)	(140, 34.94954429972018)	(145, 34.85466368447303)	(150, 34.76791171576246)
SRR15652288_1	(1, 36.590212527478755)	(2, 36.64570951688909)	(3, 36.67605147870811)	(4, 36.68733463199811)	(5, 36.69103351342726)	(6, 36.684021852424344)	(7, 36.665987261375264)	(8, 36.68074627203266)	(9, 36.70096064963625)	(10, 36.6976193592411)	(15, 36.68003032032642)	(20, 36.66083174549124)	(25, 36.61138118809997)	(30, 36.577983642707245)	(35, 36.546087370787895)	(40, 36.507984428165834)	(45, 36.469026810818775)	(50, 36.44622042841401)	(55, 36.40143469976476)	(60, 36.35884933266591)	(65, 36.322710181899296)	(70, 36.281286301538024)	(75, 36.24698219069917)	(80, 36.200858197957885)	(85, 36.16530929131667)	(90, 36.13559706461682)	(95, 36.093893463509374)	(100, 36.05646853797936)	(105, 36.022866474049025)	(110, 35.96987063792022)	(115, 35.84189127311892)	(120, 35.84413820633497)	(125, 35.722573468491504)	(130, 35.67362924755333)	(135, 35.56716070743609)	(140, 35.55317612388884)	(145, 35.40805544439746)	(150, 35.30410451071723)
SRR15652288_2	(1, 36.5799364030811)	(2, 36.57486209258398)	(3, 36.614083627438475)	(4, 36.591059984707286)	(5, 36.61431631473604)	(6, 36.59355797392047)	(7, 36.59952361102637)	(8, 36.63046144388155)	(9, 36.649581737955195)	(10, 36.625894393403414)	(15, 36.60674993268872)	(20, 36.57787789441171)	(25, 36.521279261913506)	(30, 36.48593947453633)	(35, 36.44996405148008)	(40, 36.39690590885918)	(45, 36.36618930424317)	(50, 36.302975921739076)	(55, 36.2390296896934)	(60, 36.19482666271472)	(65, 36.12869529085292)	(70, 36.09223036076664)	(75, 36.00413849024597)	(80, 35.95712787424077)	(85, 35.92015594068159)	(90, 35.84518946377209)	(95, 35.75605784618189)	(100, 35.75807588898242)	(105, 35.657039780591525)	(110, 35.597981606586494)	(115, 35.523921096515586)	(120, 35.425509129598574)	(125, 35.31231212114825)	(130, 35.21836597162489)	(135, 35.13038463825997)	(140, 34.975228679833954)	(145, 34.884986987341286)	(150, 34.79427227518022)
SRR15652289_1	(1, 36.13767063365963)	(2, 36.14691680934847)	(3, 36.22600850441472)	(4, 36.27157688722132)	(5, 36.28709847593636)	(6, 36.302847622491164)	(7, 36.251780158604575)	(8, 36.29274431150738)	(9, 36.31916232362058)	(10, 36.310806274866685)	(15, 36.309306959548806)	(20, 36.26718422435822)	(25, 36.192763339318674)	(30, 36.14927919166167)	(35, 36.11110499933763)	(40, 36.06461414070999)	(45, 36.02167696285739)	(50, 35.9993389872875)	(55, 35.951767140542344)	(60, 35.888661001510215)	(65, 35.85419781775406)	(70, 35.79491383321422)	(75, 35.758267668943446)	(80, 35.708199366010504)	(85, 35.659646415105485)	(90, 35.59320432818546)	(95, 35.57541552605585)	(100, 35.500579789278184)	(105, 35.448654322378864)	(110, 35.37131611048214)	(115, 35.29310840405098)	(120, 35.23111218624456)	(125, 35.209572240156454)	(130, 35.11303894484968)	(135, 34.98059289043932)	(140, 34.87348008614096)	(145, 34.7704066274723)	(150, 34.739019691477665)
SRR15652289_2	(1, 35.54841186871724)	(2, 35.72533690692264)	(3, 35.83479495955138)	(4, 35.83009973405827)	(5, 35.87542738256995)	(6, 35.84919710050956)	(7, 35.86617778651209)	(8, 35.88602244620615)	(9, 35.91923500990564)	(10, 35.85907645307549)	(15, 35.876674527164404)	(20, 35.85068652200832)	(25, 35.72528390268054)	(30, 35.67314384320606)	(35, 35.63213207601181)	(40, 35.58235839310696)	(45, 35.4660938658069)	(50, 35.404492932473126)	(55, 35.393279149331725)	(60, 35.34613400395215)	(65, 35.25194497448049)	(70, 35.185354310402985)	(75, 35.14371805728274)	(80, 35.08136882066434)	(85, 35.05765697238438)	(90, 34.96224317992764)	(95, 34.96309758351846)	(100, 34.81640410819835)	(105, 34.71167073755622)	(110, 34.613165069235734)	(115, 34.5293721802472)	(120, 34.48978853878415)	(125, 34.38264839448911)	(130, 34.16498167887367)	(135, 34.09650179577408)	(140, 33.884574863395855)	(145, 33.66513498256794)	(150, 33.628035993576226)
SRR15652290_1	(1, 36.582305055430325)	(2, 36.6475965044484)	(3, 36.67734966813287)	(4, 36.68525250616334)	(5, 36.68968986590481)	(6, 36.68244149277252)	(7, 36.66616803359294)	(8, 36.68230140952654)	(9, 36.700556169318645)	(10, 36.70180186030263)	(15, 36.68709992228544)	(20, 36.67101054169573)	(25, 36.628361909812135)	(30, 36.60138194854788)	(35, 36.57449764371783)	(40, 36.54345068037814)	(45, 36.5099030872751)	(50, 36.49144425754693)	(55, 36.45159816790099)	(60, 36.410999425644306)	(65, 36.37862597176459)	(70, 36.345035332547056)	(75, 36.314353822521575)	(80, 36.27369583972175)	(85, 36.239877457362525)	(90, 36.2125092468965)	(95, 36.17528478499631)	(100, 36.14828999561845)	(105, 36.11303957128774)	(110, 36.06490875137)	(115, 35.9432721389597)	(120, 35.95117549475166)	(125, 35.833771366740024)	(130, 35.7856539942386)	(135, 35.683671363266704)	(140, 35.67244009553563)	(145, 35.53015055281465)	(150, 35.42748135573256)
SRR15652290_2	(1, 36.57897469850641)	(2, 36.564317805738334)	(3, 36.608471714078874)	(4, 36.58561419851565)	(5, 36.60647221990308)	(6, 36.58317597339339)	(7, 36.60349696106369)	(8, 36.61001694446368)	(9, 36.63578665264108)	(10, 36.616483540901754)	(15, 36.60031380660616)	(20, 36.57252012564057)	(25, 36.51828548749797)	(30, 36.48445089632783)	(35, 36.45142227281903)	(40, 36.39949291015537)	(45, 36.37250775689401)	(50, 36.31009496105175)	(55, 36.2473745861234)	(60, 36.20899311427564)	(65, 36.147587537107135)	(70, 36.116942256003284)	(75, 36.03499145729507)	(80, 35.984985592927146)	(85, 35.95350868620396)	(90, 35.87995278590556)	(95, 35.79486849469549)	(100, 35.80142535421897)	(105, 35.706379562170824)	(110, 35.65234492378371)	(115, 35.585451074883636)	(120, 35.48766281531225)	(125, 35.37897321713327)	(130, 35.28554064042925)	(135, 35.20012967048724)	(140, 35.04746063520561)	(145, 34.96149128826752)	(150, 34.88151984856627)
SRR15652291_1	(1, 36.61313799452162)	(2, 36.66471797809381)	(3, 36.6944538875242)	(4, 36.699426494653046)	(5, 36.701024622972625)	(6, 36.691450608336694)	(7, 36.67408209691864)	(8, 36.69180921575486)	(9, 36.707383376784804)	(10, 36.707926618354065)	(15, 36.69473354259825)	(20, 36.676699714763416)	(25, 36.63346151758843)	(30, 36.605597334933506)	(35, 36.576664607236225)	(40, 36.54902637352068)	(45, 36.51352249320996)	(50, 36.49684522424262)	(55, 36.45805518050402)	(60, 36.42415516066937)	(65, 36.39013286512997)	(70, 36.35296900792169)	(75, 36.32424557346383)	(80, 36.28036026062772)	(85, 36.24950131204195)	(90, 36.21725824079577)	(95, 36.18000829308624)	(100, 36.148350581626545)	(105, 36.116913689521446)	(110, 36.06039033127345)	(115, 35.94048015308412)	(120, 35.9457855806522)	(125, 35.82525906431043)	(130, 35.77132546655369)	(135, 35.66566694355352)	(140, 35.65565054858166)	(145, 35.51104075528501)	(150, 35.403476220724336)
SRR15652291_2	(1, 36.59420804985586)	(2, 36.52511068875298)	(3, 36.57819764236095)	(4, 36.55114897098328)	(5, 36.577091537015576)	(6, 36.575184474817235)	(7, 36.59111755227647)	(8, 36.61321215719319)	(9, 36.62892923587148)	(10, 36.5898344299044)	(15, 36.58165764000088)	(20, 36.558120323913194)	(25, 36.5037132593007)	(30, 36.471077280400756)	(35, 36.439495122162725)	(40, 36.38426494459914)	(45, 36.35946412834623)	(50, 36.293516903971124)	(55, 36.23390691078289)	(60, 36.1919792607179)	(65, 36.129466834124955)	(70, 36.093725926825776)	(75, 36.009482864077405)	(80, 35.95779569999423)	(85, 35.92083395151654)	(90, 35.84562642060625)	(95, 35.75214893100495)	(100, 35.7604923088095)	(105, 35.65634777039777)	(110, 35.60086740197153)	(115, 35.517376225108436)	(120, 35.41512723823039)	(125, 35.291118228238325)	(130, 35.190587559559475)	(135, 35.09586917395724)	(140, 34.934671415910245)	(145, 34.83794920127382)	(150, 34.747216070432906)
SRR15652292_1	(1, 36.60489767437273)	(2, 36.66321180888349)	(3, 36.692288324044675)	(4, 36.696284885422195)	(5, 36.69999571051496)	(6, 36.68938164358845)	(7, 36.67299917505786)	(8, 36.69377091076166)	(9, 36.708975338366585)	(10, 36.708076656844185)	(15, 36.69376974854824)	(20, 36.675787997898524)	(25, 36.631712522230195)	(30, 36.60406344981796)	(35, 36.574741248857954)	(40, 36.54559773821036)	(45, 36.51044125649645)	(50, 36.49210426614137)	(55, 36.45300625997201)	(60, 36.41686296731588)	(65, 36.38305450023944)	(70, 36.3457990458075)	(75, 36.31713240967442)	(80, 36.27332797440806)	(85, 36.24152879081711)	(90, 36.21052034053159)	(95, 36.17235161574044)	(100, 36.14131131163201)	(105, 36.109258123240956)	(110, 36.054222210464154)	(115, 35.93024532719481)	(120, 35.93637354089649)	(125, 35.816151677414204)	(130, 35.76231454189714)	(135, 35.65747169800068)	(140, 35.64482248834021)	(145, 35.49840369222968)	(150, 35.39082820933574)
SRR15652292_2	(1, 36.60572705127418)	(2, 36.56933394390317)	(3, 36.61269008592963)	(4, 36.58214260618559)	(5, 36.61157367289947)	(6, 36.58694086543457)	(7, 36.597337858421454)	(8, 36.633560303927986)	(9, 36.65303433660132)	(10, 36.62505617428552)	(15, 36.608366850829064)	(20, 36.580947269689254)	(25, 36.5260307284639)	(30, 36.49244332661263)	(35, 36.459427382038584)	(40, 36.40685241028917)	(45, 36.37960208412392)	(50, 36.316000673777936)	(55, 36.2541599555851)	(60, 36.21296637158425)	(65, 36.15208311844492)	(70, 36.117532409888504)	(75, 36.034454275427606)	(80, 35.983063797946755)	(85, 35.94677775184037)	(90, 35.870398401406035)	(95, 35.78171896410389)	(100, 35.78650888905931)	(105, 35.68508151512564)	(110, 35.62770866643428)	(115, 35.54830216294798)	(120, 35.44786864969841)	(125, 35.32998746873971)	(130, 35.22975699111511)	(135, 35.13512137828112)	(140, 34.975342266115824)	(145, 34.877827820070706)	(150, 34.788568147721605)
SRR15652293_1	(1, 36.610800776547)	(2, 36.663606383121625)	(3, 36.691227677565585)	(4, 36.69463974395308)	(5, 36.69869895490124)	(6, 36.68648559014853)	(7, 36.670803451146504)	(8, 36.6912850471294)	(9, 36.70593949674783)	(10, 36.70603905643147)	(15, 36.69142032548724)	(20, 36.67348526320156)	(25, 36.629342487230645)	(30, 36.6008049340207)	(35, 36.57214456891868)	(40, 36.54059680094872)	(45, 36.50622000546169)	(50, 36.49092051549498)	(55, 36.44839718901048)	(60, 36.41485421745367)	(65, 36.379965555763846)	(70, 36.34481816859015)	(75, 36.3134790352623)	(80, 36.27259155523991)	(85, 36.23820131396813)	(90, 36.208631836481786)	(95, 36.169537661530555)	(100, 36.140107128231165)	(105, 36.1079811782835)	(110, 36.05305565052818)	(115, 35.93070272819075)	(120, 35.93662788585614)	(125, 35.815868408116366)	(130, 35.76080719174794)	(135, 35.654760353700894)	(140, 35.64174488701207)	(145, 35.498767917484166)	(150, 35.39064636573739)
SRR15652293_2	(1, 36.60737117505638)	(2, 36.552781553706744)	(3, 36.60268056805529)	(4, 36.56787517494574)	(5, 36.59510341839888)	(6, 36.575289744419585)	(7, 36.5915978535181)	(8, 36.62935582714306)	(9, 36.63641069540712)	(10, 36.61838200228776)	(15, 36.6022420449027)	(20, 36.57513143883197)	(25, 36.519702461723355)	(30, 36.48588714685543)	(35, 36.452606778356234)	(40, 36.399069633747274)	(45, 36.37393369203316)	(50, 36.30975575718792)	(55, 36.24967842936824)	(60, 36.20582876091734)	(65, 36.14517389958792)	(70, 36.110501270368594)	(75, 36.02863498221312)	(80, 35.97682976319736)	(85, 35.94164873509376)	(90, 35.867388089483015)	(95, 35.77832858440833)	(100, 35.78516689084027)	(105, 35.684903817974245)	(110, 35.6303557779786)	(115, 35.549500504316185)	(120, 35.44967946162337)	(125, 35.330337071662925)	(130, 35.23299313689297)	(135, 35.139353555520074)	(140, 34.98192819037802)	(145, 34.88562823609501)	(150, 34.80075193169012)
SRR15652294_1	(1, 36.61976428814097)	(2, 36.671812922703786)	(3, 36.700704894659665)	(4, 36.70282757583534)	(5, 36.70687221512714)	(6, 36.6945280564835)	(7, 36.68071561717098)	(8, 36.70296554392138)	(9, 36.71713447172093)	(10, 36.715318214337024)	(15, 36.70104600005332)	(20, 36.68459344120767)	(25, 36.64122402840734)	(30, 36.61303735735479)	(35, 36.585423544033354)	(40, 36.55590965558778)	(45, 36.5232217118899)	(50, 36.50409430548139)	(55, 36.46701741357659)	(60, 36.430796542843204)	(65, 36.39927760591091)	(70, 36.36234649744645)	(75, 36.332199859346844)	(80, 36.290196152624894)	(85, 36.25844832640572)	(90, 36.22847220231306)	(95, 36.189010776174165)	(100, 36.16470705169745)	(105, 36.1287434995694)	(110, 36.07726908462122)	(115, 35.95673313857626)	(120, 35.966768378473)	(125, 35.844440456808236)	(130, 35.791281809797724)	(135, 35.683382316646664)	(140, 35.6744252396944)	(145, 35.533448691057764)	(150, 35.42561591472319)
SRR15652294_2	(1, 36.58779577488793)	(2, 36.58271873503306)	(3, 36.6233908446684)	(4, 36.59720050914325)	(5, 36.6277455446)	(6, 36.6130515178482)	(7, 36.636865366632776)	(8, 36.65745936683172)	(9, 36.67381837356519)	(10, 36.6359769697759)	(15, 36.62288894416382)	(20, 36.59706232439392)	(25, 36.5432469709602)	(30, 36.51152935379362)	(35, 36.47919396769171)	(40, 36.4289895865047)	(45, 36.40202005241936)	(50, 36.340281369004)	(55, 36.28235504636073)	(60, 36.24139561025478)	(65, 36.18169323674329)	(70, 36.147280158049675)	(75, 36.06680604306407)	(80, 36.01686704345186)	(85, 35.98173739736399)	(90, 35.91068445209163)	(95, 35.82257116102543)	(100, 35.83056823390442)	(105, 35.73092539172626)	(110, 35.67729037952715)	(115, 35.60081046771529)	(120, 35.50332283715777)	(125, 35.3875375122497)	(130, 35.28645249732875)	(135, 35.19380181275208)	(140, 35.03716798334107)	(145, 34.94153737381733)	(150, 34.84835558562017)
SRR15652295_1	(1, 36.59336792230126)	(2, 36.647085123122345)	(3, 36.67942142405851)	(4, 36.688786355825016)	(5, 36.69501820418757)	(6, 36.68758972247722)	(7, 36.66859179375428)	(8, 36.687021053126955)	(9, 36.703867215325396)	(10, 36.70175999922721)	(15, 36.68641781112062)	(20, 36.667676457263674)	(25, 36.61850094679188)	(30, 36.58676073183068)	(35, 36.55132495414595)	(40, 36.51420703879576)	(45, 36.47160729835125)	(50, 36.44857452458546)	(55, 36.40378084406026)	(60, 36.362906355417)	(65, 36.32742348519891)	(70, 36.285336360643896)	(75, 36.25047045981029)	(80, 36.2057431791216)	(85, 36.16629425327782)	(90, 36.13401331943352)	(95, 36.09256164538134)	(100, 36.058634341317976)	(105, 36.023631382782)	(110, 35.96487889068295)	(115, 35.83511590435283)	(120, 35.83655750784788)	(125, 35.70665586228796)	(130, 35.65610003852245)	(135, 35.55116825231125)	(140, 35.527927623161354)	(145, 35.37995401137663)	(150, 35.271002848844056)
SRR15652295_2	(1, 36.56586219676118)	(2, 36.53724188437881)	(3, 36.589650535588596)	(4, 36.56531863071818)	(5, 36.59235730763788)	(6, 36.58710900049847)	(7, 36.5818530034852)	(8, 36.597920836053255)	(9, 36.62194311228325)	(10, 36.60567511420495)	(15, 36.58655070294503)	(20, 36.55570759756679)	(25, 36.49437213403247)	(30, 36.45405046470194)	(35, 36.411742621701066)	(40, 36.34892489366922)	(45, 36.314023174547074)	(50, 36.24398351100384)	(55, 36.175048367558944)	(60, 36.1300172415234)	(65, 36.061419028948784)	(70, 36.02403569220002)	(75, 35.93324779566747)	(80, 35.878188349605935)	(85, 35.8374149478501)	(90, 35.75957500672784)	(95, 35.66634441222783)	(100, 35.667963403953806)	(105, 35.56149426578499)	(110, 35.498052730100646)	(115, 35.41728040492715)	(120, 35.31158868123016)	(125, 35.19231250935614)	(130, 35.095162278105434)	(135, 35.003039457600785)	(140, 34.83330671853158)	(145, 34.733800373480015)	(150, 34.638910088119914)
SRR15652296_1	(1, 36.25943657282708)	(2, 36.26412156057482)	(3, 36.37365804707479)	(4, 36.40605816934207)	(5, 36.4178341133725)	(6, 36.39521213302435)	(7, 36.37054256459155)	(8, 36.400572363902434)	(9, 36.41235068430477)	(10, 36.42765556417858)	(15, 36.403910431911285)	(20, 36.36544721473109)	(25, 36.29411940652135)	(30, 36.24781001813977)	(35, 36.20215653589865)	(40, 36.153747546346914)	(45, 36.10545497937899)	(50, 36.0723984678411)	(55, 36.026079507197814)	(60, 35.97554715275688)	(65, 35.93205091736204)	(70, 35.90511240081986)	(75, 35.86016883317155)	(80, 35.829966151822745)	(85, 35.7993337203088)	(90, 35.744746509463184)	(95, 35.70571286875695)	(100, 35.653321873328935)	(105, 35.60994172271958)	(110, 35.572185285678)	(115, 35.48381331725099)	(120, 35.44211991541844)	(125, 35.34540260021435)	(130, 35.33427873656201)	(135, 35.27334149076997)	(140, 35.16411320203034)	(145, 35.0482463750116)	(150, 35.04578184560276)
SRR15652296_2	(1, 36.134480182197414)	(2, 36.151213650445825)	(3, 36.22590957893125)	(4, 36.23708280827298)	(5, 36.28172240456785)	(6, 36.26034560381803)	(7, 36.23031429227049)	(8, 36.29061932493912)	(9, 36.282177784198566)	(10, 36.27083276084374)	(15, 36.249078042331476)	(20, 36.21185232180176)	(25, 36.14101467859393)	(30, 36.08604061011404)	(35, 36.03899472712534)	(40, 36.00166696793563)	(45, 35.94016762181106)	(50, 35.915732508979744)	(55, 35.85457597708753)	(60, 35.79429696667321)	(65, 35.752762106161526)	(70, 35.69401371885392)	(75, 35.641556475676275)	(80, 35.56733106489978)	(85, 35.53930116911999)	(90, 35.44248412878161)	(95, 35.38759653274377)	(100, 35.352130050153626)	(105, 35.26807230832283)	(110, 35.19542844964162)	(115, 35.15952147804205)	(120, 35.09310441291084)	(125, 35.04890147593513)	(130, 34.95782418288747)	(135, 34.75659783358154)	(140, 34.64971020832022)	(145, 34.60438199836616)	(150, 34.51378684564636)
SRR15652297_1	(1, 36.61174818496774)	(2, 36.665029255722)	(3, 36.69401521811445)	(4, 36.696283637097096)	(5, 36.699605167933456)	(6, 36.687397079883176)	(7, 36.6715794139164)	(8, 36.69341605240929)	(9, 36.70973388477669)	(10, 36.707920245296044)	(15, 36.69465248659169)	(20, 36.67825284669298)	(25, 36.633695937255276)	(30, 36.60752933307725)	(35, 36.58050895827962)	(40, 36.55002905548567)	(45, 36.518205215913)	(50, 36.50038756337248)	(55, 36.462291242064715)	(60, 36.429107169023446)	(65, 36.39894614738766)	(70, 36.36222047646675)	(75, 36.33396477862467)	(80, 36.29173040984709)	(85, 36.25907347916659)	(90, 36.22899193475892)	(95, 36.189744783188054)	(100, 36.163982540627714)	(105, 36.12926616206086)	(110, 36.077144964998)	(115, 35.95441048846318)	(120, 35.96410592323719)	(125, 35.840621027344255)	(130, 35.7891835967952)	(135, 35.683284341666585)	(140, 35.672091123805686)	(145, 35.53176211740299)	(150, 35.42182986363791)
SRR15652297_2	(1, 36.49981832122952)	(2, 36.424457164744794)	(3, 36.498044127145974)	(4, 36.46780265603637)	(5, 36.501474302581535)	(6, 36.49622965431187)	(7, 36.49844197626069)	(8, 36.52113411381)	(9, 36.54193176116059)	(10, 36.52851230126159)	(15, 36.512874624209665)	(20, 36.48319532717109)	(25, 36.420904501783106)	(30, 36.385520452770194)	(35, 36.34942445755056)	(40, 36.29064445769408)	(45, 36.261799162279154)	(50, 36.18795842831698)	(55, 36.12069337785704)	(60, 36.075604418532635)	(65, 36.0112436974751)	(70, 35.973221127948534)	(75, 35.88069270500129)	(80, 35.820662381738074)	(85, 35.782124336799185)	(90, 35.69637607760126)	(95, 35.596496350567726)	(100, 35.60582341224753)	(105, 35.49276028039874)	(110, 35.432925085304916)	(115, 35.34296345274388)	(120, 35.23052769715812)	(125, 35.09785867513621)	(130, 34.988997836136015)	(135, 34.88591367985971)	(140, 34.71254574280999)	(145, 34.60748447088266)	(150, 34.51353138389839)
SRR15652298_1	(1, 36.48470112715022)	(2, 36.600764795492665)	(3, 36.631786381383215)	(4, 36.64661710078297)	(5, 36.650980541145884)	(6, 36.64185181224769)	(7, 36.6346077466688)	(8, 36.65236768442744)	(9, 36.67207299401185)	(10, 36.67362689473751)	(15, 36.65340423279197)	(20, 36.63006643433262)	(25, 36.57328632133316)	(30, 36.52890270098861)	(35, 36.486505157457586)	(40, 36.44084690868598)	(45, 36.39425856872255)	(50, 36.36402986753167)	(55, 36.308176500830164)	(60, 36.24309745598436)	(65, 36.202856631528604)	(70, 36.15678145622456)	(75, 36.100518287351136)	(80, 36.057449539510834)	(85, 36.01229931953797)	(90, 35.9829253572452)	(95, 35.94279615216054)	(100, 35.90014325100505)	(105, 35.85473814748717)	(110, 35.798622180280816)	(115, 35.665655367422104)	(120, 35.66399880215927)	(125, 35.54181295090223)	(130, 35.47828701664967)	(135, 35.3786684267305)	(140, 35.359431454960344)	(145, 35.2036404297056)	(150, 35.09730836128646)
SRR15652298_2	(1, 36.626437777599854)	(2, 36.62416627862386)	(3, 36.65916611532983)	(4, 36.634227824670674)	(5, 36.65372526358817)	(6, 36.632386289411805)	(7, 36.655838077639466)	(8, 36.66887894960852)	(9, 36.666818679362166)	(10, 36.64862148233053)	(15, 36.62386735836613)	(20, 36.587187739673496)	(25, 36.521645611393915)	(30, 36.469768625527806)	(35, 36.4238226895475)	(40, 36.35211513177302)	(45, 36.31213177196147)	(50, 36.23464722695131)	(55, 36.15697526253466)	(60, 36.0949756665557)	(65, 36.01871643254165)	(70, 35.968380152190036)	(75, 35.864889031171245)	(80, 35.81322551274325)	(85, 35.77182328583409)	(90, 35.69370842586662)	(95, 35.5954422002343)	(100, 35.59723586663829)	(105, 35.484479165788734)	(110, 35.41928869910494)	(115, 35.36039557452108)	(120, 35.27490077253879)	(125, 35.168273879381545)	(130, 35.07155497003818)	(135, 34.98549896334629)	(140, 34.83698816539684)	(145, 34.74526702788008)	(150, 34.66151333532798)
