Sample	0	1	2	3	4	5	6	7	8	9	10	11	12	13	14	15
SRR15652275_1	(1.0, 8.421301063561453)	(2.0, 5.460942388976912)	(3.0, 4.07246709171948)	(4.0, 3.1533302453355123)	(5.0, 2.547614374787564)	(6.0, 2.0609103127252624)	(7.0, 1.7836315719484432)	(8.0, 1.4836159696535522)	(9.0, 1.2782230960632743)	('>10', 17.992423046553473)	('>50', 6.489449157461426)	('>100', 14.550750406835366)	('>500', 6.066782833519099)	('>1k', 13.287380854799075)	('>5k', 4.0519493290492266)	('>10k+', 7.299228257011102)
SRR15652275_2	(1.0, 11.916709921609707)	(2.0, 6.754600912006431)	(3.0, 5.084753480831845)	(4.0, 3.7016099466304158)	(5.0, 3.0054885690315265)	(6.0, 2.378884488894339)	(7.0, 1.9127786654860424)	(8.0, 1.620707892155679)	(9.0, 1.4418227170319136)	('>10', 17.325877839317958)	('>50', 6.198404416517566)	('>100', 15.072242860168325)	('>500', 6.250552761477373)	('>1k', 10.645562944067645)	('>5k', 2.876986096589812)	('>10k+', 3.813016488183444)
SRR15652276_1	(1.0, 5.043783080428354)	(2.0, 2.4104926116280607)	(3.0, 2.515258529584255)	(4.0, 2.4695093251614684)	(5.0, 2.346748160999222)	(6.0, 2.259146336564346)	(7.0, 2.203886838723084)	(8.0, 2.018523517305254)	(9.0, 1.9408515321316897)	('>10', 28.82876781607117)	('>50', 8.099644492779765)	('>100', 12.859878696334118)	('>500', 4.902300944410948)	('>1k', 10.439907393109694)	('>5k', 3.269992922696648)	('>10k+', 8.391307802071863)
SRR15652276_2	(1.0, 8.651231068638019)	(2.0, 2.862801309878955)	(3.0, 2.990228045374885)	(4.0, 2.9288377417044185)	(5.0, 2.82504187806651)	(6.0, 2.631333643269558)	(7.0, 2.5134525931801597)	(8.0, 2.324309858559771)	(9.0, 2.1741200071107336)	('>10', 30.135631987806118)	('>50', 6.707886267464411)	('>100', 11.528928992012597)	('>500', 4.113784361185027)	('>1k', 7.822960770987683)	('>5k', 2.7740336150171867)	('>10k+', 7.0154178597438985)
SRR15652277_1	(1.0, 3.9516028449749574)	(2.0, 1.1809891646061241)	(3.0, 1.1093243107406952)	(4.0, 1.0511234529669304)	(5.0, 1.030624429638945)	(6.0, 1.0335046034803874)	(7.0, 1.0771490282193277)	(8.0, 1.0372789241550402)	(9.0, 1.0219528445124044)	('>10', 23.49927683004959)	('>50', 9.34600220844861)	('>100', 16.0194726963476)	('>500', 6.065979747029479)	('>1k', 12.33468545200986)	('>5k', 4.273560854510202)	('>10k+', 15.967472608309896)
SRR15652277_2	(1.0, 6.799841549963438)	(2.0, 1.3354525080656277)	(3.0, 1.201427730304477)	(4.0, 1.154375516195307)	(5.0, 1.1148893493498515)	(6.0, 1.112285799404563)	(7.0, 1.1367901108883673)	(8.0, 1.1309193429313242)	(9.0, 1.1008085890776917)	('>10', 24.651219793047737)	('>50', 9.434170443131437)	('>100', 15.702132286513294)	('>500', 5.473788763373254)	('>1k', 11.211279117176845)	('>5k', 4.156887302176529)	('>10k+', 13.28373179840033)
SRR15652278_1	(1.0, 6.1114321501356335)	(2.0, 4.063542488928176)	(3.0, 3.613151056158157)	(4.0, 3.210867623662946)	(5.0, 2.9078721172732824)	(6.0, 2.4662730799717436)	(7.0, 2.146710085177434)	(8.0, 1.882408038406606)	(9.0, 1.7325522523287333)	('>10', 21.875462430552314)	('>50', 6.895785683542771)	('>100', 14.220066796506185)	('>500', 5.723462134601675)	('>1k', 11.8136406369287)	('>5k', 4.39320296845199)	('>10k+', 6.943570457373702)
SRR15652278_2	(1.0, 10.715427928499977)	(2.0, 4.769420247407923)	(3.0, 4.230571979202353)	(4.0, 3.771123399962253)	(5.0, 3.2080838898908532)	(6.0, 2.8095218372367627)	(7.0, 2.3981916001043455)	(8.0, 2.089835598469852)	(9.0, 1.846885885862715)	('>10', 21.35299477720527)	('>50', 6.201752109714272)	('>100', 13.465218108254415)	('>500', 5.3275807442492376)	('>1k', 9.959428123092701)	('>5k', 3.619468582944417)	('>10k+', 4.234495187902674)
SRR15652279_1	(1.0, 8.803145605871137)	(2.0, 5.011975178648359)	(3.0, 4.524975533198479)	(4.0, 3.854828913920637)	(5.0, 3.2898416888439694)	(6.0, 2.832467038007018)	(7.0, 2.4436893510920785)	(8.0, 2.158624042630337)	(9.0, 1.8069347803453137)	('>10', 21.136130142016185)	('>50', 6.723309541980719)	('>100', 15.48895217352308)	('>500', 6.501260689444534)	('>1k', 10.68040575240126)	('>5k', 2.5259881611324055)	('>10k+', 2.21747140694451)
SRR15652279_2	(1.0, 7.405778163863112)	(2.0, 5.306440631487594)	(3.0, 4.82988458101476)	(4.0, 4.219776119359921)	(5.0, 3.582207629258674)	(6.0, 3.0364496750069225)	(7.0, 2.5185941370278684)	(8.0, 2.229791324908661)	(9.0, 1.943697400945989)	('>10', 21.864888215363056)	('>50', 7.294427700118966)	('>100', 17.564174563447203)	('>500', 6.736974263050165)	('>1k', 8.933191307975191)	('>5k', 1.3413548609695327)	('>10k+', 1.1923694262022075)
SRR15652280_1	(1.0, 5.104566003690024)	(2.0, 1.9294376001132252)	(3.0, 1.9544759274740393)	(4.0, 2.0585900371149486)	(5.0, 2.110795739488166)	(6.0, 2.138859985542525)	(7.0, 2.1073025818046163)	(8.0, 2.1354768500930574)	(9.0, 2.086687331724972)	('>10', 37.413376135735255)	('>50', 10.806721398148605)	('>100', 15.681189815363405)	('>500', 4.612121439665325)	('>1k', 5.379537868154342)	('>5k', 1.5019094590109712)	('>10k+', 2.97895182687638)
SRR15652280_2	(1.0, 6.884160359391969)	(2.0, 1.8639651484590902)	(3.0, 1.918824420203764)	(4.0, 2.0530190120607155)	(5.0, 2.1354299403520987)	(6.0, 2.1498332023410236)	(7.0, 2.116921698352393)	(8.0, 2.1518954550519114)	(9.0, 2.0543868883999243)	('>10', 37.53875756688199)	('>50', 11.034559481991)	('>100', 15.977389065177174)	('>500', 3.7128924217419312)	('>1k', 5.229754469711598)	('>5k', 1.1651958717289053)	('>10k+', 2.0130149981546044)
SRR15652281_1	(1.0, 4.355094643232134)	(2.0, 0.8801804598165184)	(3.0, 0.5271189951271127)	(4.0, 0.42420698846400523)	(5.0, 0.3708883092333614)	(6.0, 0.3301315545534993)	(7.0, 0.3427206177996965)	(8.0, 0.3197727519777275)	(9.0, 0.3710168458927552)	('>10', 15.586896779025992)	('>50', 13.313254821742929)	('>100', 24.92859918719798)	('>500', 6.223176590188902)	('>1k', 11.700648411117676)	('>5k', 3.5230033090296127)	('>10k+', 16.803289735600156)
SRR15652281_2	(1.0, 5.3132288209346035)	(2.0, 0.8549955831698205)	(3.0, 0.5176520368588311)	(4.0, 0.40599858546948814)	(5.0, 0.3777166891664166)	(6.0, 0.33002181301226796)	(7.0, 0.34169000643530545)	(8.0, 0.333614586726444)	(9.0, 0.36080245636667246)	('>10', 16.190943142860956)	('>50', 13.622798673773184)	('>100', 25.314981226050143)	('>500', 6.585074793512383)	('>1k', 10.758915463273361)	('>5k', 3.475563715205221)	('>10k+', 15.216002407184925)
SRR15652282_1	(1.0, 12.504962339145125)	(2.0, 6.116881323566218)	(3.0, 4.027619302492306)	(4.0, 2.8364665994411062)	(5.0, 2.084477167852033)	(6.0, 1.7848743219081677)	(7.0, 1.5037581439453647)	(8.0, 1.2919750756733326)	(9.0, 1.1116383108701402)	('>10', 15.44318776615208)	('>50', 5.969833580034336)	('>100', 14.082867282868355)	('>500', 6.348742199315656)	('>1k', 12.768164798495201)	('>5k', 4.39303371851231)	('>10k+', 7.731518069728229)
SRR15652282_2	(1.0, 13.43471889275728)	(2.0, 7.02888346185275)	(3.0, 4.628361546271615)	(4.0, 3.235041744076929)	(5.0, 2.3930054340371103)	(6.0, 1.937059915614152)	(7.0, 1.5740604426076863)	(8.0, 1.3220049005195271)	(9.0, 1.1255537934680515)	('>10', 15.093438992563879)	('>50', 5.975445013239229)	('>100', 15.163855150428574)	('>500', 6.398210758330715)	('>1k', 12.0394488547062)	('>5k', 3.4681221883584987)	('>10k+', 5.182788911167647)
SRR15652283_1	(1.0, 7.379173566876478)	(2.0, 4.148356733970857)	(3.0, 3.6056221939097375)	(4.0, 3.0861259420689744)	(5.0, 2.6548501125716992)	(6.0, 2.2813559849889495)	(7.0, 1.920412199118985)	(8.0, 1.6641129812010027)	(9.0, 1.504460931194983)	('>10', 16.477904170814103)	('>50', 4.658668880062016)	('>100', 11.31661595290588)	('>500', 6.118953844635809)	('>1k', 16.086096899228654)	('>5k', 7.634636190210546)	('>10k+', 9.462653416241242)
SRR15652283_2	(1.0, 6.980206039371679)	(2.0, 4.57042346398403)	(3.0, 4.096708194167389)	(4.0, 3.456705753698409)	(5.0, 2.947125141384155)	(6.0, 2.524722602057996)	(7.0, 2.107127952567354)	(8.0, 1.8106068440637366)	(9.0, 1.5576222712288568)	('>10', 15.396011232127218)	('>50', 4.443451477421139)	('>100', 12.353395692413047)	('>500', 7.533435862553311)	('>1k', 19.676136013469733)	('>5k', 5.906947455980276)	('>10k+', 4.639374003511581)
SRR15652284_1	(1.0, 15.05887347961753)	(2.0, 8.990396449169777)	(3.0, 6.479416982463706)	(4.0, 4.896607173976037)	(5.0, 3.8171382296514675)	(6.0, 3.144319349337642)	(7.0, 2.5958951172854716)	(8.0, 2.2252732830247197)	(9.0, 1.894582853328017)	('>10', 21.442053804026607)	('>50', 5.698266776231921)	('>100', 9.61507978038494)	('>500', 3.383777363011764)	('>1k', 6.9392890226658785)	('>5k', 1.9192510051244713)	('>10k+', 1.89977933070012)
SRR15652284_2	(1.0, 15.268330732494501)	(2.0, 10.75305940425585)	(3.0, 8.045530025880044)	(4.0, 5.844282186950675)	(5.0, 4.5804866707558105)	(6.0, 3.551679565759027)	(7.0, 2.953264067859321)	(8.0, 2.2885484142974484)	(9.0, 2.0316635068213547)	('>10', 19.097969601488714)	('>50', 4.573452105482351)	('>100', 8.746553937484032)	('>500', 3.4158717656201008)	('>1k', 6.650663518392838)	('>5k', 1.5268193910597911)	('>10k+', 0.6718251053981017)
SRR15652285_1	(1.0, 18.86689853756358)	(2.0, 20.20063855358123)	(3.0, 16.11935637139745)	(4.0, 10.596289914861797)	(5.0, 6.339028776784008)	(6.0, 3.642806282600053)	(7.0, 2.1288163113859913)	(8.0, 1.268542084019331)	(9.0, 0.8587488952542682)	('>10', 5.738385229514979)	('>50', 2.0508804744961813)	('>100', 5.001195683641852)	('>500', 2.123307172601844)	('>1k', 3.739271121564857)	('>5k', 0.9632117064972258)	('>10k+', 0.3626228842354316)
SRR15652285_2	(1.0, 19.54480295345068)	(2.0, 20.157845570834226)	(3.0, 15.993448496088499)	(4.0, 10.529556608672696)	(5.0, 6.129099534957873)	(6.0, 3.423321355951741)	(7.0, 1.9905566186905075)	(8.0, 1.2395749114991104)	(9.0, 0.7996748610314833)	('>10', 5.42151872690366)	('>50', 1.972393064731559)	('>100', 4.955344879659177)	('>500', 2.331167217405733)	('>1k', 4.326896449534942)	('>5k', 0.8557307972431013)	('>10k+', 0.32906795334507405)
SRR15652286_1	(1.0, 33.944423842250536)	(2.0, 24.467783208880416)	(3.0, 13.833154649476596)	(4.0, 7.022843368971037)	(5.0, 3.6210028122462914)	(6.0, 1.9717540207105064)	(7.0, 1.124721447151428)	(8.0, 0.72329712698589)	(9.0, 0.5143055158502704)	('>10', 4.147576595831795)	('>50', 1.3734315300523647)	('>100', 3.141876906850686)	('>500', 1.2517284132657358)	('>1k', 2.091387057505177)	('>5k', 0.4756828728649315)	('>10k+', 0.29503063110639355)
SRR15652286_2	(1.0, 34.74208131001307)	(2.0, 24.39415078071449)	(3.0, 13.78407047188161)	(4.0, 6.858291456790664)	(5.0, 3.4552166576508108)	(6.0, 1.8161168843707383)	(7.0, 0.9884631803030324)	(8.0, 0.6432305771562593)	(9.0, 0.4460035632053479)	('>10', 4.063455052593302)	('>50', 1.4144181952642212)	('>100', 3.006558482430655)	('>500', 1.3333029530277547)	('>1k', 2.452054501336325)	('>5k', 0.4624540008957143)	('>10k+', 0.1401319323661195)
SRR15652287_1	(1.0, 5.900195054204955)	(2.0, 8.32477862059673)	(3.0, 11.585111837820529)	(4.0, 13.14682212828344)	(5.0, 12.682680537517568)	(6.0, 10.56029028002679)	(7.0, 8.24237452986612)	(8.0, 6.013507522437037)	(9.0, 4.084157830164764)	('>10', 11.111514984215166)	('>50', 1.5015860362232794)	('>100', 3.356709045221564)	('>500', 1.3654726050527988)	('>1k', 1.7038829298979523)	('>5k', 0.36561114103155967)	('>10k+', 0.05530491743951423)
SRR15652287_2	(1.0, 6.1322730306014)	(2.0, 8.368967425809227)	(3.0, 11.543546703100747)	(4.0, 13.209736153236133)	(5.0, 12.715539424785533)	(6.0, 10.597201598986969)	(7.0, 8.186352038404717)	(8.0, 5.943324023927177)	(9.0, 3.989431583912275)	('>10', 10.651012107376296)	('>50', 1.5164565050843568)	('>100', 3.3140523151143277)	('>500', 1.4698999859590383)	('>1k', 2.0586983979394105)	('>5k', 0.3035087057624352)	('>10k+', 0.0)
SRR15652288_1	(1.0, 25.98997216040402)	(2.0, 22.901395551397535)	(3.0, 15.19866893819824)	(4.0, 8.693659498849296)	(5.0, 4.60713865819113)	(6.0, 2.501852785899488)	(7.0, 1.3321619790069201)	(8.0, 0.8895414315652032)	(9.0, 0.5936700908971712)	('>10', 5.01762581950584)	('>50', 1.6769462393034507)	('>100', 4.406250266355309)	('>500', 1.7965266243279456)	('>1k', 2.8943826167023037)	('>5k', 0.9095863607159191)	('>10k+', 0.590620978680119)
SRR15652288_2	(1.0, 26.317708343960984)	(2.0, 22.897469805424368)	(3.0, 14.973813358572247)	(4.0, 8.542874723407895)	(5.0, 4.449843221031681)	(6.0, 2.4260330284077956)	(7.0, 1.3187363514962187)	(8.0, 0.785731218162065)	(9.0, 0.5631344699918394)	('>10', 4.899684603949909)	('>50', 1.5796402673525465)	('>100', 4.281786037944712)	('>500', 2.1020784150351868)	('>1k', 3.699431626974223)	('>5k', 0.6071882877671211)	('>10k+', 0.5548462405214805)
SRR15652289_1	(1.0, 23.915681513050842)	(2.0, 19.731086622805698)	(3.0, 13.912457022854941)	(4.0, 8.431360713482922)	(5.0, 4.780093343425855)	(6.0, 2.873713407120708)	(7.0, 1.7800894450481286)	(8.0, 1.1140685076888905)	(9.0, 0.7960103198947096)	('>10', 6.799197118202723)	('>50', 2.124966262880178)	('>100', 4.687711112663985)	('>500', 1.7854637066394903)	('>1k', 3.716184584497626)	('>5k', 0.7888391830163168)	('>10k+', 2.7630771367271754)
SRR15652289_2	(1.0, 27.559273534904595)	(2.0, 19.857249870814385)	(3.0, 13.472469117581106)	(4.0, 7.936367690978745)	(5.0, 4.349429131190618)	(6.0, 2.5777891719633614)	(7.0, 1.47882428154077)	(8.0, 0.9403326466546218)	(9.0, 0.7009617273345429)	('>10', 6.2673472094064735)	('>50', 2.0947865714638625)	('>100', 4.3023002864157736)	('>500', 1.5769005561001785)	('>1k', 3.320905131347841)	('>5k', 1.2108026459981085)	('>10k+', 2.354260426304724)
SRR15652290_1	(1.0, 23.9485271833132)	(2.0, 22.952405294244073)	(3.0, 16.24703730861259)	(4.0, 9.695984560432983)	(5.0, 5.221036218426226)	(6.0, 2.7966770811433657)	(7.0, 1.678711609178574)	(8.0, 0.970958507309794)	(9.0, 0.6203673970725347)	('>10', 4.828058108609689)	('>50', 1.558603897786081)	('>100', 3.75735146180934)	('>500', 1.4758258736638286)	('>1k', 2.5065344570832426)	('>5k', 0.6576748382998656)	('>10k+', 1.0842462030145834)
SRR15652290_2	(1.0, 24.494460854835413)	(2.0, 22.995394597603266)	(3.0, 16.027869502397234)	(4.0, 9.575148270141955)	(5.0, 5.144190098477067)	(6.0, 2.7064928951114995)	(7.0, 1.5147633046524616)	(8.0, 0.8939550719217265)	(9.0, 0.5520710819216946)	('>10', 4.69212807038754)	('>50', 1.5855849270890887)	('>100', 3.640542405310839)	('>500', 1.5583146878799934)	('>1k', 3.02018971289212)	('>5k', 0.8332021296399478)	('>10k+', 0.7656923897380169)
SRR15652291_1	(1.0, 40.16395071568333)	(2.0, 23.948924903067727)	(3.0, 11.947341299143101)	(4.0, 5.492186365338749)	(5.0, 2.5895627491715483)	(6.0, 1.4709036655560357)	(7.0, 0.9767523986113938)	(8.0, 0.5913247877160452)	(9.0, 0.5126427967498807)	('>10', 4.576592265270786)	('>50', 1.5201714780126223)	('>100', 3.609730711224543)	('>500', 1.182334312023462)	('>1k', 1.1257677879686843)	('>5k', 0.23511080840509258)	('>10k+', 0.05670295605692985)
SRR15652291_2	(1.0, 41.536382185778145)	(2.0, 24.076841687672733)	(3.0, 11.757015180399776)	(4.0, 5.125968009408605)	(5.0, 2.387258888626702)	(6.0, 1.245487441751039)	(7.0, 0.7634538885642574)	(8.0, 0.491939739541553)	(9.0, 0.3815573287308956)	('>10', 4.457254488929959)	('>50', 1.7451104215884146)	('>100', 3.671524864241735)	('>500', 1.04122656945628)	('>1k', 1.2017475506138606)	('>5k', 0.11723175469605608)	('>10k+', 0.0)
SRR15652292_1	(1.0, 43.73646534796161)	(2.0, 23.2187790752079)	(3.0, 10.623873342576319)	(4.0, 4.745110173767119)	(5.0, 2.231368105462167)	(6.0, 1.2585419408758107)	(7.0, 0.7795655974444253)	(8.0, 0.5811700639099134)	(9.0, 0.45393390140739937)	('>10', 4.34913217049457)	('>50', 1.746390539390404)	('>100', 3.3285275136078103)	('>500', 1.1442812785486922)	('>1k', 1.3785819211294146)	('>5k', 0.3400665677393142)	('>10k+', 0.08421246047727936)
SRR15652292_2	(1.0, 44.77172283598516)	(2.0, 23.494910705229564)	(3.0, 10.308864564342988)	(4.0, 4.355422243766419)	(5.0, 2.0485753397649256)	(6.0, 1.1127829733363885)	(7.0, 0.6798857467869436)	(8.0, 0.5356412578347283)	(9.0, 0.35857000828225505)	('>10', 4.40117120342735)	('>50', 1.704868784840177)	('>100', 3.1580073276769633)	('>500', 1.2102795732568887)	('>1k', 1.5452983364457586)	('>5k', 0.2613388242078343)	('>10k+', 0.052660274815741516)
SRR15652293_1	(1.0, 38.018840099226466)	(2.0, 25.082264951475462)	(3.0, 13.206856653082319)	(4.0, 6.381772039386567)	(5.0, 3.1052634573621987)	(6.0, 1.6828779188268022)	(7.0, 1.0045506557422406)	(8.0, 0.6275160020665846)	(9.0, 0.48915162211480273)	('>10', 3.799859616846822)	('>50', 1.106182784714654)	('>100', 2.3650011239280366)	('>500', 0.9789375401113534)	('>1k', 1.4470736327530493)	('>5k', 0.30986808104671315)	('>10k+', 0.3939838213159413)
SRR15652293_2	(1.0, 39.01948751253477)	(2.0, 25.17556818066322)	(3.0, 13.111013960424248)	(4.0, 6.18069331841011)	(5.0, 2.9333950431479807)	(6.0, 1.450225771877388)	(7.0, 0.8699281443559389)	(8.0, 0.5453982160067407)	(9.0, 0.40888809711820745)	('>10', 3.564679022575724)	('>50', 1.0758743375887243)	('>100', 2.5178416782109005)	('>500', 1.0442366497406423)	('>1k', 1.532783855973345)	('>5k', 0.38603573199790975)	('>10k+', 0.18395047937426254)
SRR15652294_1	(1.0, 40.1305079743166)	(2.0, 24.536687813537654)	(3.0, 12.406421385393928)	(4.0, 5.933760044821869)	(5.0, 2.8672596092070695)	(6.0, 1.5769118160004651)	(7.0, 0.8748430355521938)	(8.0, 0.660352650979067)	(9.0, 0.48315810256134945)	('>10', 4.229083028069849)	('>50', 1.3596728289503848)	('>100', 2.526053385960842)	('>500', 0.8354234655098233)	('>1k', 1.0761822246644592)	('>5k', 0.27422811099019484)	('>10k+', 0.22945452348410092)
SRR15652294_2	(1.0, 41.26389412351901)	(2.0, 24.612209400038704)	(3.0, 12.201499208998932)	(4.0, 5.5646073367937285)	(5.0, 2.641740012317935)	(6.0, 1.3332112169102321)	(7.0, 0.7464143671868799)	(8.0, 0.5657670772576274)	(9.0, 0.4393139574335853)	('>10', 4.477845015065772)	('>50', 1.3842080044200253)	('>100', 2.410631800575726)	('>500', 0.7281010226708062)	('>1k', 1.2661066173471665)	('>5k', 0.259672064417351)	('>10k+', 0.10477877504663628)
SRR15652295_1	(1.0, 12.684688149646195)	(2.0, 15.772175885569958)	(3.0, 15.365892193206362)	(4.0, 12.460135803663215)	(5.0, 9.01668627750783)	(6.0, 6.132525258777404)	(7.0, 4.060709225763411)	(8.0, 2.5551424951402626)	(9.0, 1.657477227456436)	('>10', 7.383646299746347)	('>50', 1.7339540749789253)	('>100', 4.204803411988546)	('>500', 1.8060302961711323)	('>1k', 3.101963329364725)	('>5k', 0.8043071694030143)	('>10k+', 1.259862901616161)
SRR15652295_2	(1.0, 13.249258734014605)	(2.0, 15.996962782712057)	(3.0, 15.44262380140654)	(4.0, 12.28856378050925)	(5.0, 9.008131634229095)	(6.0, 6.1094249438034245)	(7.0, 3.983207044599536)	(8.0, 2.3880492050569786)	(9.0, 1.62501924538539)	('>10', 7.0209805900143625)	('>50', 1.6728915398973299)	('>100', 3.991011124379128)	('>500', 1.816471395477803)	('>1k', 3.569099461327386)	('>5k', 0.9701459493494984)	('>10k+', 0.8681587678375317)
SRR15652296_1	(1.0, 35.50625065981615)	(2.0, 21.44211204534413)	(3.0, 11.449729404952087)	(4.0, 5.853936342695998)	(5.0, 3.0432712575183007)	(6.0, 1.6885433744572182)	(7.0, 1.0485769331481287)	(8.0, 0.726162937661607)	(9.0, 0.5452670109997387)	('>10', 4.195826880617836)	('>50', 1.1671077990757377)	('>100', 3.353805728643651)	('>500', 1.930864887928725)	('>1k', 4.6495154147443625)	('>5k', 1.3688022056797478)	('>10k+', 2.0302271167165746)
SRR15652296_2	(1.0, 37.360047564325654)	(2.0, 21.45796825324004)	(3.0, 11.291148006439428)	(4.0, 5.486369839383121)	(5.0, 2.857313971011743)	(6.0, 1.5057263859838503)	(7.0, 0.9275569021525253)	(8.0, 0.5952912682423656)	(9.0, 0.4511226202648954)	('>10', 3.5286063358294304)	('>50', 1.0310598163159004)	('>100', 3.1309428016170324)	('>500', 2.089082730123774)	('>1k', 5.585182287865178)	('>5k', 1.6512144559482733)	('>10k+', 1.0513667612568405)
SRR15652297_1	(1.0, 43.761691828480956)	(2.0, 25.281212403980142)	(3.0, 12.06880913382988)	(4.0, 5.367975294146895)	(5.0, 2.49034261540469)	(6.0, 1.3037749871385171)	(7.0, 0.7807517332434449)	(8.0, 0.521382187199939)	(9.0, 0.3336319333675826)	('>10', 2.874815314101435)	('>50', 0.7821272465936644)	('>100', 1.8479320259512952)	('>500', 0.7274296786978274)	('>1k', 1.0445109405766995)	('>5k', 0.32327265564985924)	('>10k+', 0.4903400216371307)
SRR15652297_2	(1.0, 45.47614262472655)	(2.0, 25.242082226326783)	(3.0, 11.878340581461087)	(4.0, 5.069160325575806)	(5.0, 2.200949689624557)	(6.0, 1.1040027324835724)	(7.0, 0.6066961788359746)	(8.0, 0.40376256864885346)	(9.0, 0.3131224401614471)	('>10', 2.512994622785315)	('>50', 0.8295924514345967)	('>100', 1.7781279294934365)	('>500', 0.7303306275320844)	('>1k', 1.2664063314793539)	('>5k', 0.4748155131612741)	('>10k+', 0.11347315626917892)
SRR15652298_1	(1.0, 12.994283174541629)	(2.0, 16.1362263469187)	(3.0, 15.238376962996908)	(4.0, 11.652198927949868)	(5.0, 8.014995756014553)	(6.0, 5.061576105329016)	(7.0, 2.937360381136062)	(8.0, 1.8621710758288494)	(9.0, 1.1314975148013406)	('>10', 4.478801548776104)	('>50', 1.4209887356547042)	('>100', 4.688444905264226)	('>500', 2.746090688019636)	('>1k', 7.050062458575628)	('>5k', 2.527886157154516)	('>10k+', 2.059039261038276)
SRR15652298_2	(1.0, 13.394159012473118)	(2.0, 16.157184354436474)	(3.0, 15.17666494548634)	(4.0, 11.614592552449341)	(5.0, 7.867924167386903)	(6.0, 4.939330771925372)	(7.0, 3.004575710938444)	(8.0, 1.7581278407822538)	(9.0, 1.1139871127871577)	('>10', 4.060744586253109)	('>50', 1.1099337106812353)	('>100', 4.281180578041956)	('>500', 2.947315774243146)	('>1k', 8.419951779388132)	('>5k', 2.5899313223440323)	('>10k+', 1.564395780383028)
