.	Basic Statistics	Per Base Sequence Quality	Per Tile Sequence Quality	Per Sequence Quality Scores	Per Base Sequence Content	Per Sequence GC Content	Per Base N Content	Sequence Length Distribution	Sequence Duplication Levels	Overrepresented Sequences	Adapter Content
SRR15652275_1	1	1	1	1	0.25	0.25	1	1	0.25	0.5	0.25
SRR15652275_2	1	1	1	1	0.25	0.5	1	1	0.25	0.5	0.25
SRR15652276_1	1	1	0.5	1	0.25	0.5	1	1	0.25	0.25	0.25
SRR15652276_2	1	1	1	1	0.25	0.5	1	1	0.25	0.5	0.25
SRR15652277_1	1	1	1	1	0.25	0.5	1	1	0.25	0.5	0.25
SRR15652277_2	1	1	1	1	0.25	0.5	1	1	0.25	0.5	0.25
SRR15652278_1	1	1	1	1	0.25	0.25	1	1	0.25	0.5	0.25
SRR15652278_2	1	1	1	1	0.25	0.5	1	1	0.25	0.5	0.25
SRR15652279_1	1	1	0.25	1	0.25	0.25	1	1	0.25	0.5	0.25
SRR15652279_2	1	1	1	1	0.25	0.25	1	1	0.25	1	0.25
SRR15652280_1	1	1	1	1	0.25	1	1	1	0.25	0.5	0.25
SRR15652280_2	1	1	1	1	0.25	0.5	1	1	0.25	0.5	0.25
SRR15652281_1	1	1	1	1	0.25	0.5	1	1	0.25	0.25	0.25
SRR15652281_2	1	1	1	1	0.25	0.5	1	1	0.25	0.25	0.25
SRR15652282_1	1	1	0.25	1	0.25	0.25	1	1	0.25	0.5	0.25
SRR15652282_2	1	1	1	1	0.5	0.25	1	1	0.25	0.5	0.25
SRR15652283_1	1	1	0.25	1	0.25	0.25	1	1	0.25	0.5	0.25
SRR15652283_2	1	1	1	1	0.25	0.25	1	1	0.25	0.5	0.25
SRR15652284_1	1	1	0.5	1	0.25	0.5	1	1	0.25	0.5	0.25
SRR15652284_2	1	1	1	1	0.5	0.5	1	1	0.25	0.5	0.25
SRR15652285_1	1	1	1	1	0.5	0.25	1	1	0.25	1	1
SRR15652285_2	1	1	1	1	0.5	0.25	1	1	0.25	1	1
SRR15652286_1	1	1	1	1	0.5	0.25	1	1	0.5	1	1
SRR15652286_2	1	1	1	1	0.5	0.25	1	1	0.5	1	1
SRR15652287_1	1	1	1	1	0.5	0.25	1	1	0.25	1	1
SRR15652287_2	1	1	1	1	0.5	0.25	1	1	0.25	1	1
SRR15652288_1	1	1	1	1	0.5	0.25	1	1	0.25	0.5	1
SRR15652288_2	1	1	1	1	0.5	0.25	1	1	0.25	1	1
SRR15652289_1	1	1	0.5	1	0.5	0.25	1	1	0.25	0.5	0.5
SRR15652289_2	1	1	0.5	1	0.5	0.25	1	1	0.25	0.5	0.5
SRR15652290_1	1	1	1	1	0.5	0.25	1	1	0.25	0.5	1
SRR15652290_2	1	1	1	1	0.5	0.25	1	1	0.25	1	1
SRR15652291_1	1	1	1	1	0.5	0.25	1	1	0.5	1	1
SRR15652291_2	1	1	1	1	0.5	0.25	1	1	0.5	1	1
SRR15652292_1	1	1	1	1	0.5	0.25	1	1	0.5	1	1
SRR15652292_2	1	1	1	1	0.25	0.25	1	1	0.5	1	1
SRR15652293_1	1	1	1	1	0.5	0.25	1	1	0.5	1	1
SRR15652293_2	1	1	1	1	0.25	0.25	1	1	0.5	1	1
SRR15652294_1	1	1	1	1	0.5	0.25	1	1	0.5	1	1
SRR15652294_2	1	1	1	1	0.25	0.25	1	1	0.5	1	1
SRR15652295_1	1	1	1	1	0.5	0.25	1	1	0.25	0.5	1
SRR15652295_2	1	1	1	1	0.5	0.25	1	1	0.25	1	1
SRR15652296_1	1	1	0.5	1	0.5	0.25	1	1	0.5	1	1
SRR15652296_2	1	1	1	1	0.5	0.25	1	1	0.5	1	1
SRR15652297_1	1	1	1	1	0.5	0.25	1	1	0.5	0.5	1
SRR15652297_2	1	1	1	1	0.25	0.25	1	1	0.5	1	1
SRR15652298_1	1	1	1	1	0.5	0.25	1	1	0.25	1	1
SRR15652298_2	1	1	1	1	0.5	0.25	1	1	0.25	0.5	1
