Sample	0	1	2	3	4	5	6	7	8	9	10	11	12	13	14	15	16	17	18	19	20	21	22	23	24	25	26	27	28	29
SRR15652275_1	(14.0, 1.0)	(15.0, 3.0)	(16.0, 15.0)	(17.0, 38.0)	(18.0, 119.0)	(19.0, 341.0)	(20.0, 833.0)	(21.0, 1788.0)	(22.0, 3852.0)	(23.0, 7234.0)	(24.0, 13842.0)	(25.0, 25107.0)	(26.0, 44016.0)	(27.0, 69904.0)	(28.0, 102061.0)	(29.0, 140104.0)	(30.0, 183718.0)	(31.0, 240792.0)	(32.0, 451112.0)	(33.0, 739678.0)	(34.0, 1022682.0)	(35.0, 1879310.0)	(36.0, 14907129.0)	(37.0, 4292529.0)						
SRR15652275_2	(11.0, 422.0)	(12.0, 15374.0)	(13.0, 46430.0)	(14.0, 49684.0)	(15.0, 38172.0)	(16.0, 28347.0)	(17.0, 22823.0)	(18.0, 21349.0)	(19.0, 24806.0)	(20.0, 34702.0)	(21.0, 49778.0)	(22.0, 62060.0)	(23.0, 63706.0)	(24.0, 60571.0)	(25.0, 57459.0)	(26.0, 60656.0)	(27.0, 72434.0)	(28.0, 96503.0)	(29.0, 137771.0)	(30.0, 220777.0)	(31.0, 384817.0)	(32.0, 671659.0)	(33.0, 1214732.0)	(34.0, 2982190.0)	(35.0, 3478546.0)	(36.0, 11924484.0)	(37.0, 2305956.0)			
SRR15652276_1	(14.0, 1.0)	(15.0, 15.0)	(16.0, 39.0)	(17.0, 22.0)	(18.0, 94.0)	(19.0, 341.0)	(20.0, 880.0)	(21.0, 2093.0)	(22.0, 4684.0)	(23.0, 9286.0)	(24.0, 17116.0)	(25.0, 29077.0)	(26.0, 47578.0)	(27.0, 71291.0)	(28.0, 102105.0)	(29.0, 139959.0)	(30.0, 191971.0)	(31.0, 267919.0)	(32.0, 404782.0)	(33.0, 770104.0)	(34.0, 1203644.0)	(35.0, 2000298.0)	(36.0, 12366669.0)	(37.0, 2539070.0)						
SRR15652276_2	(11.0, 449.0)	(12.0, 13816.0)	(13.0, 43722.0)	(14.0, 47480.0)	(15.0, 37148.0)	(16.0, 27808.0)	(17.0, 22440.0)	(18.0, 22390.0)	(19.0, 27136.0)	(20.0, 37891.0)	(21.0, 50757.0)	(22.0, 60337.0)	(23.0, 62263.0)	(24.0, 61791.0)	(25.0, 64571.0)	(26.0, 74743.0)	(27.0, 97122.0)	(28.0, 135946.0)	(29.0, 205331.0)	(30.0, 342731.0)	(31.0, 578890.0)	(32.0, 932799.0)	(33.0, 1506696.0)	(34.0, 2714702.0)	(35.0, 3018312.0)	(36.0, 8973517.0)	(37.0, 1008250.0)			
SRR15652277_1	(13.0, 1.0)	(14.0, 0.0)	(15.0, 1.0)	(16.0, 18.0)	(17.0, 42.0)	(18.0, 128.0)	(19.0, 363.0)	(20.0, 939.0)	(21.0, 2114.0)	(22.0, 4747.0)	(23.0, 9903.0)	(24.0, 18956.0)	(25.0, 31964.0)	(26.0, 53006.0)	(27.0, 85325.0)	(28.0, 127231.0)	(29.0, 183118.0)	(30.0, 248208.0)	(31.0, 327182.0)	(32.0, 422444.0)	(33.0, 574520.0)	(34.0, 968836.0)	(35.0, 2306603.0)	(36.0, 11977124.0)	(37.0, 1693720.0)					
SRR15652277_2	(11.0, 30.0)	(12.0, 1074.0)	(13.0, 4841.0)	(14.0, 6437.0)	(15.0, 5475.0)	(16.0, 4081.0)	(17.0, 3730.0)	(18.0, 4648.0)	(19.0, 7344.0)	(20.0, 12369.0)	(21.0, 19290.0)	(22.0, 27503.0)	(23.0, 36220.0)	(24.0, 49003.0)	(25.0, 73880.0)	(26.0, 96060.0)	(27.0, 102722.0)	(28.0, 114031.0)	(29.0, 139756.0)	(30.0, 182037.0)	(31.0, 254290.0)	(32.0, 379226.0)	(33.0, 647024.0)	(34.0, 1338694.0)	(35.0, 3279839.0)	(36.0, 10875011.0)	(37.0, 1371878.0)			
SRR15652278_1	(14.0, 2.0)	(15.0, 10.0)	(16.0, 34.0)	(17.0, 65.0)	(18.0, 135.0)	(19.0, 371.0)	(20.0, 1045.0)	(21.0, 2412.0)	(22.0, 5133.0)	(23.0, 10102.0)	(24.0, 18435.0)	(25.0, 33104.0)	(26.0, 58095.0)	(27.0, 97168.0)	(28.0, 151444.0)	(29.0, 222242.0)	(30.0, 304024.0)	(31.0, 398986.0)	(32.0, 518829.0)	(33.0, 722540.0)	(34.0, 1240479.0)	(35.0, 2987952.0)	(36.0, 25486005.0)	(37.0, 3485518.0)						
SRR15652278_2	(8.0, 1.0)	(9.0, 2.0)	(10.0, 3.0)	(11.0, 373.0)	(12.0, 11917.0)	(13.0, 62805.0)	(14.0, 99248.0)	(15.0, 87082.0)	(16.0, 65299.0)	(17.0, 51028.0)	(18.0, 45942.0)	(19.0, 50360.0)	(20.0, 68893.0)	(21.0, 100105.0)	(22.0, 130827.0)	(23.0, 138475.0)	(24.0, 129630.0)	(25.0, 125207.0)	(26.0, 133541.0)	(27.0, 155214.0)	(28.0, 189564.0)	(29.0, 247022.0)	(30.0, 353887.0)	(31.0, 585116.0)	(32.0, 1023304.0)	(33.0, 1979771.0)	(34.0, 4075018.0)	(35.0, 6468287.0)	(36.0, 17946290.0)	(37.0, 1419919.0)
SRR15652279_1	(14.0, 6.0)	(15.0, 121.0)	(16.0, 541.0)	(17.0, 525.0)	(18.0, 665.0)	(19.0, 1498.0)	(20.0, 3443.0)	(21.0, 7720.0)	(22.0, 15578.0)	(23.0, 28938.0)	(24.0, 50964.0)	(25.0, 84033.0)	(26.0, 130012.0)	(27.0, 195228.0)	(28.0, 277444.0)	(29.0, 385929.0)	(30.0, 505110.0)	(31.0, 650853.0)	(32.0, 826757.0)	(33.0, 1077030.0)	(34.0, 1622736.0)	(35.0, 3132540.0)	(36.0, 13311865.0)	(37.0, 1421494.0)						
SRR15652279_2	(11.0, 21.0)	(12.0, 1870.0)	(13.0, 8773.0)	(14.0, 10562.0)	(15.0, 7762.0)	(16.0, 5159.0)	(17.0, 3919.0)	(18.0, 3722.0)	(19.0, 4639.0)	(20.0, 7453.0)	(21.0, 12325.0)	(22.0, 19007.0)	(23.0, 26930.0)	(24.0, 37601.0)	(25.0, 55999.0)	(26.0, 77294.0)	(27.0, 80826.0)	(28.0, 84520.0)	(29.0, 100981.0)	(30.0, 129782.0)	(31.0, 184098.0)	(32.0, 283240.0)	(33.0, 500436.0)	(34.0, 1155579.0)	(35.0, 3707506.0)	(36.0, 15435482.0)	(37.0, 1785544.0)			
SRR15652280_1	(14.0, 3.0)	(15.0, 204.0)	(16.0, 539.0)	(17.0, 464.0)	(18.0, 442.0)	(19.0, 906.0)	(20.0, 1929.0)	(21.0, 4160.0)	(22.0, 8530.0)	(23.0, 16462.0)	(24.0, 29831.0)	(25.0, 50529.0)	(26.0, 81523.0)	(27.0, 124985.0)	(28.0, 181950.0)	(29.0, 251303.0)	(30.0, 337824.0)	(31.0, 456927.0)	(32.0, 784160.0)	(33.0, 1367242.0)	(34.0, 1917167.0)	(35.0, 2999455.0)	(36.0, 11293061.0)	(37.0, 1349971.0)						
SRR15652280_2	(11.0, 58.0)	(12.0, 2028.0)	(13.0, 8713.0)	(14.0, 12517.0)	(15.0, 11221.0)	(16.0, 8676.0)	(17.0, 7049.0)	(18.0, 7003.0)	(19.0, 8841.0)	(20.0, 13800.0)	(21.0, 21963.0)	(22.0, 33069.0)	(23.0, 44644.0)	(24.0, 58460.0)	(25.0, 79445.0)	(26.0, 102374.0)	(27.0, 111379.0)	(28.0, 123114.0)	(29.0, 150902.0)	(30.0, 196121.0)	(31.0, 269489.0)	(32.0, 394880.0)	(33.0, 663800.0)	(34.0, 1387972.0)	(35.0, 3757865.0)	(36.0, 12359524.0)	(37.0, 1424660.0)			
SRR15652281_1	(14.0, 5.0)	(15.0, 40.0)	(16.0, 132.0)	(17.0, 188.0)	(18.0, 316.0)	(19.0, 842.0)	(20.0, 2076.0)	(21.0, 4505.0)	(22.0, 10098.0)	(23.0, 20994.0)	(24.0, 38993.0)	(25.0, 67201.0)	(26.0, 108263.0)	(27.0, 165819.0)	(28.0, 239386.0)	(29.0, 333781.0)	(30.0, 447246.0)	(31.0, 611079.0)	(32.0, 1194336.0)	(33.0, 2307183.0)	(34.0, 2775466.0)	(35.0, 3778354.0)	(36.0, 12631226.0)	(37.0, 1643896.0)						
SRR15652281_2	(11.0, 93.0)	(12.0, 2396.0)	(13.0, 10123.0)	(14.0, 12510.0)	(15.0, 9957.0)	(16.0, 7648.0)	(17.0, 6510.0)	(18.0, 7022.0)	(19.0, 9709.0)	(20.0, 15505.0)	(21.0, 25793.0)	(22.0, 38528.0)	(23.0, 55371.0)	(24.0, 80500.0)	(25.0, 127995.0)	(26.0, 160203.0)	(27.0, 150473.0)	(28.0, 158983.0)	(29.0, 191879.0)	(30.0, 243387.0)	(31.0, 329883.0)	(32.0, 478122.0)	(33.0, 797051.0)	(34.0, 1736040.0)	(35.0, 4895818.0)	(36.0, 15423935.0)	(37.0, 1405991.0)			
SRR15652282_1	(14.0, 3.0)	(15.0, 19.0)	(16.0, 78.0)	(17.0, 254.0)	(18.0, 576.0)	(19.0, 1600.0)	(20.0, 3579.0)	(21.0, 7420.0)	(22.0, 15609.0)	(23.0, 30720.0)	(24.0, 57232.0)	(25.0, 98067.0)	(26.0, 154653.0)	(27.0, 232259.0)	(28.0, 332093.0)	(29.0, 464009.0)	(30.0, 611658.0)	(31.0, 790606.0)	(32.0, 1005786.0)	(33.0, 1308597.0)	(34.0, 1919655.0)	(35.0, 3635413.0)	(36.0, 17991354.0)	(37.0, 2263611.0)						
SRR15652282_2	(8.0, 1.0)	(9.0, 0.0)	(10.0, 0.0)	(11.0, 49.0)	(12.0, 3338.0)	(13.0, 16349.0)	(14.0, 20840.0)	(15.0, 15134.0)	(16.0, 10126.0)	(17.0, 7386.0)	(18.0, 6733.0)	(19.0, 7869.0)	(20.0, 12417.0)	(21.0, 21208.0)	(22.0, 33068.0)	(23.0, 45604.0)	(24.0, 59132.0)	(25.0, 75981.0)	(26.0, 93525.0)	(27.0, 105883.0)	(28.0, 126352.0)	(29.0, 163342.0)	(30.0, 220238.0)	(31.0, 312550.0)	(32.0, 468351.0)	(33.0, 776759.0)	(34.0, 1596064.0)	(35.0, 4610513.0)	(36.0, 20008196.0)	(37.0, 2107843.0)
SRR15652283_1	(14.0, 3.0)	(15.0, 24.0)	(16.0, 87.0)	(17.0, 187.0)	(18.0, 530.0)	(19.0, 1622.0)	(20.0, 4171.0)	(21.0, 9650.0)	(22.0, 19206.0)	(23.0, 35550.0)	(24.0, 61089.0)	(25.0, 96781.0)	(26.0, 140474.0)	(27.0, 196369.0)	(28.0, 269358.0)	(29.0, 362891.0)	(30.0, 468930.0)	(31.0, 597179.0)	(32.0, 754686.0)	(33.0, 972447.0)	(34.0, 1424231.0)	(35.0, 2852109.0)	(36.0, 12584592.0)	(37.0, 1521346.0)						
SRR15652283_2	(10.0, 1.0)	(11.0, 20.0)	(12.0, 2385.0)	(13.0, 11891.0)	(14.0, 15669.0)	(15.0, 11793.0)	(16.0, 8135.0)	(17.0, 5724.0)	(18.0, 5417.0)	(19.0, 6550.0)	(20.0, 10347.0)	(21.0, 17730.0)	(22.0, 27756.0)	(23.0, 39306.0)	(24.0, 52511.0)	(25.0, 70064.0)	(26.0, 83431.0)	(27.0, 83662.0)	(28.0, 87421.0)	(29.0, 106422.0)	(30.0, 140708.0)	(31.0, 202428.0)	(32.0, 312082.0)	(33.0, 542627.0)	(34.0, 1196427.0)	(35.0, 3469937.0)	(36.0, 14176926.0)	(37.0, 1686142.0)		
SRR15652284_1	(15.0, 32.0)	(16.0, 119.0)	(17.0, 206.0)	(18.0, 684.0)	(19.0, 1769.0)	(20.0, 4202.0)	(21.0, 8649.0)	(22.0, 16579.0)	(23.0, 29055.0)	(24.0, 47941.0)	(25.0, 75661.0)	(26.0, 113143.0)	(27.0, 164702.0)	(28.0, 229684.0)	(29.0, 313607.0)	(30.0, 410890.0)	(31.0, 524511.0)	(32.0, 663975.0)	(33.0, 855908.0)	(34.0, 1241602.0)	(35.0, 2409988.0)	(36.0, 11293372.0)	(37.0, 1298845.0)							
SRR15652284_2	(11.0, 15.0)	(12.0, 953.0)	(13.0, 4701.0)	(14.0, 6177.0)	(15.0, 4556.0)	(16.0, 3192.0)	(17.0, 2530.0)	(18.0, 2547.0)	(19.0, 3302.0)	(20.0, 5420.0)	(21.0, 9147.0)	(22.0, 14607.0)	(23.0, 21462.0)	(24.0, 31867.0)	(25.0, 48807.0)	(26.0, 66433.0)	(27.0, 66202.0)	(28.0, 70001.0)	(29.0, 87485.0)	(30.0, 115648.0)	(31.0, 162913.0)	(32.0, 245749.0)	(33.0, 416579.0)	(34.0, 890605.0)	(35.0, 2708673.0)	(36.0, 12981711.0)	(37.0, 1733842.0)			
SRR15652285_1	(20.0, 21.0)	(21.0, 819.0)	(22.0, 10083.0)	(23.0, 25085.0)	(24.0, 37961.0)	(25.0, 52957.0)	(26.0, 71256.0)	(27.0, 92829.0)	(28.0, 121617.0)	(29.0, 158513.0)	(30.0, 204114.0)	(31.0, 262201.0)	(32.0, 340618.0)	(33.0, 469553.0)	(34.0, 739243.0)	(35.0, 1761187.0)	(36.0, 20271432.0)	(37.0, 2758043.0)												
SRR15652285_2	(18.0, 1.0)	(19.0, 9.0)	(20.0, 69.0)	(21.0, 1643.0)	(22.0, 15106.0)	(23.0, 33822.0)	(24.0, 49672.0)	(25.0, 72130.0)	(26.0, 99333.0)	(27.0, 120301.0)	(28.0, 140788.0)	(29.0, 171625.0)	(30.0, 214899.0)	(31.0, 279157.0)	(32.0, 388436.0)	(33.0, 624116.0)	(34.0, 1409252.0)	(35.0, 5497440.0)	(36.0, 17567236.0)	(37.0, 692497.0)										
SRR15652286_1	(20.0, 15.0)	(21.0, 573.0)	(22.0, 7710.0)	(23.0, 21379.0)	(24.0, 34744.0)	(25.0, 50878.0)	(26.0, 70983.0)	(27.0, 95157.0)	(28.0, 129064.0)	(29.0, 172054.0)	(30.0, 223963.0)	(31.0, 291774.0)	(32.0, 386359.0)	(33.0, 542941.0)	(34.0, 891910.0)	(35.0, 2333474.0)	(36.0, 24088505.0)	(37.0, 2776149.0)												
SRR15652286_2	(19.0, 13.0)	(20.0, 61.0)	(21.0, 1608.0)	(22.0, 14616.0)	(23.0, 33878.0)	(24.0, 47941.0)	(25.0, 66888.0)	(26.0, 87941.0)	(27.0, 106132.0)	(28.0, 128917.0)	(29.0, 162637.0)	(30.0, 208114.0)	(31.0, 277037.0)	(32.0, 394723.0)	(33.0, 633056.0)	(34.0, 1354770.0)	(35.0, 5303047.0)	(36.0, 22223982.0)	(37.0, 1072271.0)											
SRR15652287_1	(20.0, 11.0)	(21.0, 579.0)	(22.0, 7363.0)	(23.0, 19595.0)	(24.0, 31121.0)	(25.0, 44643.0)	(26.0, 60347.0)	(27.0, 78545.0)	(28.0, 104008.0)	(29.0, 136801.0)	(30.0, 175225.0)	(31.0, 224457.0)	(32.0, 292656.0)	(33.0, 401905.0)	(34.0, 629467.0)	(35.0, 1532705.0)	(36.0, 18302606.0)	(37.0, 2440615.0)												
SRR15652287_2	(19.0, 5.0)	(20.0, 68.0)	(21.0, 1464.0)	(22.0, 12580.0)	(23.0, 29239.0)	(24.0, 41955.0)	(25.0, 58704.0)	(26.0, 77817.0)	(27.0, 93447.0)	(28.0, 109651.0)	(29.0, 134668.0)	(30.0, 167127.0)	(31.0, 217363.0)	(32.0, 297788.0)	(33.0, 451366.0)	(34.0, 908575.0)	(35.0, 3587540.0)	(36.0, 17329611.0)	(37.0, 963681.0)											
SRR15652288_1	(20.0, 12.0)	(21.0, 616.0)	(22.0, 7436.0)	(23.0, 19857.0)	(24.0, 30561.0)	(25.0, 42397.0)	(26.0, 57217.0)	(27.0, 74460.0)	(28.0, 98126.0)	(29.0, 129613.0)	(30.0, 166893.0)	(31.0, 215083.0)	(32.0, 279644.0)	(33.0, 385149.0)	(34.0, 605064.0)	(35.0, 1490843.0)	(36.0, 17461299.0)	(37.0, 2323341.0)												
SRR15652288_2	(18.0, 1.0)	(19.0, 6.0)	(20.0, 63.0)	(21.0, 1223.0)	(22.0, 10737.0)	(23.0, 24424.0)	(24.0, 35362.0)	(25.0, 49976.0)	(26.0, 67070.0)	(27.0, 82346.0)	(28.0, 98400.0)	(29.0, 122254.0)	(30.0, 154629.0)	(31.0, 203567.0)	(32.0, 280549.0)	(33.0, 430879.0)	(34.0, 885534.0)	(35.0, 3552282.0)	(36.0, 16522684.0)	(37.0, 865625.0)										
SRR15652289_1	(12.0, 1.0)	(13.0, 0.0)	(14.0, 14.0)	(15.0, 125.0)	(16.0, 425.0)	(17.0, 1010.0)	(18.0, 2192.0)	(19.0, 4730.0)	(20.0, 9802.0)	(21.0, 18111.0)	(22.0, 32011.0)	(23.0, 54174.0)	(24.0, 84184.0)	(25.0, 126666.0)	(26.0, 183243.0)	(27.0, 254632.0)	(28.0, 351044.0)	(29.0, 475856.0)	(30.0, 630638.0)	(31.0, 816434.0)	(32.0, 1056752.0)	(33.0, 1413621.0)	(34.0, 2135227.0)	(35.0, 4630178.0)	(36.0, 28883104.0)	(37.0, 2398377.0)				
SRR15652289_2	(11.0, 2.0)	(12.0, 18.0)	(13.0, 145.0)	(14.0, 651.0)	(15.0, 1349.0)	(16.0, 2290.0)	(17.0, 3812.0)	(18.0, 6468.0)	(19.0, 12193.0)	(20.0, 24493.0)	(21.0, 49286.0)	(22.0, 94560.0)	(23.0, 160853.0)	(24.0, 234367.0)	(25.0, 305178.0)	(26.0, 366351.0)	(27.0, 429565.0)	(28.0, 500439.0)	(29.0, 593907.0)	(30.0, 729925.0)	(31.0, 936094.0)	(32.0, 1263461.0)	(33.0, 1905779.0)	(34.0, 3472373.0)	(35.0, 9398297.0)	(36.0, 22520615.0)	(37.0, 550080.0)			
SRR15652290_1	(19.0, 2.0)	(20.0, 11.0)	(21.0, 472.0)	(22.0, 5655.0)	(23.0, 15295.0)	(24.0, 24684.0)	(25.0, 36802.0)	(26.0, 51971.0)	(27.0, 71242.0)	(28.0, 98414.0)	(29.0, 134006.0)	(30.0, 175977.0)	(31.0, 229365.0)	(32.0, 301978.0)	(33.0, 420048.0)	(34.0, 672364.0)	(35.0, 1704285.0)	(36.0, 21145653.0)	(37.0, 2723810.0)											
SRR15652290_2	(19.0, 11.0)	(20.0, 58.0)	(21.0, 1282.0)	(22.0, 11285.0)	(23.0, 25398.0)	(24.0, 36664.0)	(25.0, 52011.0)	(26.0, 70390.0)	(27.0, 85020.0)	(28.0, 102040.0)	(29.0, 128964.0)	(30.0, 165018.0)	(31.0, 218939.0)	(32.0, 308885.0)	(33.0, 489326.0)	(34.0, 1057606.0)	(35.0, 4401682.0)	(36.0, 19656159.0)	(37.0, 1001296.0)											
SRR15652291_1	(20.0, 12.0)	(21.0, 387.0)	(22.0, 5256.0)	(23.0, 14684.0)	(24.0, 23693.0)	(25.0, 34974.0)	(26.0, 48914.0)	(27.0, 67298.0)	(28.0, 93120.0)	(29.0, 126340.0)	(30.0, 164685.0)	(31.0, 211072.0)	(32.0, 274534.0)	(33.0, 378873.0)	(34.0, 598822.0)	(35.0, 1561994.0)	(36.0, 19832279.0)	(37.0, 2452098.0)												
SRR15652291_2	(19.0, 8.0)	(20.0, 66.0)	(21.0, 1244.0)	(22.0, 11177.0)	(23.0, 25527.0)	(24.0, 36635.0)	(25.0, 50119.0)	(26.0, 65336.0)	(27.0, 80249.0)	(28.0, 97983.0)	(29.0, 122987.0)	(30.0, 157692.0)	(31.0, 209733.0)	(32.0, 295843.0)	(33.0, 472001.0)	(34.0, 1047696.0)	(35.0, 4471921.0)	(36.0, 17919269.0)	(37.0, 823549.0)											
SRR15652292_1	(19.0, 1.0)	(20.0, 14.0)	(21.0, 465.0)	(22.0, 5710.0)	(23.0, 15398.0)	(24.0, 24210.0)	(25.0, 35443.0)	(26.0, 48881.0)	(27.0, 68145.0)	(28.0, 93186.0)	(29.0, 126373.0)	(30.0, 165605.0)	(31.0, 214462.0)	(32.0, 280914.0)	(33.0, 387761.0)	(34.0, 617633.0)	(35.0, 1604641.0)	(36.0, 20053659.0)	(37.0, 2414485.0)											
SRR15652292_2	(19.0, 2.0)	(20.0, 51.0)	(21.0, 1212.0)	(22.0, 10401.0)	(23.0, 24418.0)	(24.0, 36037.0)	(25.0, 50250.0)	(26.0, 66768.0)	(27.0, 81790.0)	(28.0, 98629.0)	(29.0, 123163.0)	(30.0, 157434.0)	(31.0, 210665.0)	(32.0, 295782.0)	(33.0, 462495.0)	(34.0, 991716.0)	(35.0, 4230221.0)	(36.0, 18397617.0)	(37.0, 918335.0)											
SRR15652293_1	(19.0, 1.0)	(20.0, 12.0)	(21.0, 409.0)	(22.0, 6179.0)	(23.0, 16933.0)	(24.0, 27679.0)	(25.0, 41269.0)	(26.0, 57689.0)	(27.0, 80972.0)	(28.0, 110628.0)	(29.0, 148967.0)	(30.0, 194300.0)	(31.0, 249348.0)	(32.0, 324965.0)	(33.0, 445451.0)	(34.0, 710429.0)	(35.0, 1860003.0)	(36.0, 23132332.0)	(37.0, 2817520.0)											
SRR15652293_2	(18.0, 1.0)	(19.0, 12.0)	(20.0, 73.0)	(21.0, 1339.0)	(22.0, 12680.0)	(23.0, 29150.0)	(24.0, 42538.0)	(25.0, 58498.0)	(26.0, 75719.0)	(27.0, 93051.0)	(28.0, 113874.0)	(29.0, 142964.0)	(30.0, 183073.0)	(31.0, 241941.0)	(32.0, 339347.0)	(33.0, 532606.0)	(34.0, 1159613.0)	(35.0, 4937794.0)	(36.0, 21225449.0)	(37.0, 1035364.0)										
SRR15652294_1	(20.0, 6.0)	(21.0, 373.0)	(22.0, 5139.0)	(23.0, 14448.0)	(24.0, 23542.0)	(25.0, 34603.0)	(26.0, 48225.0)	(27.0, 66559.0)	(28.0, 91371.0)	(29.0, 122200.0)	(30.0, 158997.0)	(31.0, 203986.0)	(32.0, 266804.0)	(33.0, 368498.0)	(34.0, 586717.0)	(35.0, 1533258.0)	(36.0, 19822871.0)	(37.0, 2498960.0)												
SRR15652294_2	(18.0, 1.0)	(19.0, 3.0)	(20.0, 49.0)	(21.0, 1092.0)	(22.0, 10034.0)	(23.0, 23649.0)	(24.0, 34553.0)	(25.0, 48190.0)	(26.0, 64545.0)	(27.0, 76875.0)	(28.0, 92184.0)	(29.0, 115525.0)	(30.0, 147976.0)	(31.0, 195130.0)	(32.0, 273005.0)	(33.0, 430195.0)	(34.0, 916585.0)	(35.0, 3961629.0)	(36.0, 18532742.0)	(37.0, 922595.0)										
SRR15652295_1	(20.0, 23.0)	(21.0, 959.0)	(22.0, 10569.0)	(23.0, 26107.0)	(24.0, 40045.0)	(25.0, 56930.0)	(26.0, 75717.0)	(27.0, 99190.0)	(28.0, 131113.0)	(29.0, 173825.0)	(30.0, 223545.0)	(31.0, 287499.0)	(32.0, 372786.0)	(33.0, 514780.0)	(34.0, 810350.0)	(35.0, 2022844.0)	(36.0, 23648528.0)	(37.0, 2975147.0)												
SRR15652295_2	(18.0, 1.0)	(19.0, 10.0)	(20.0, 101.0)	(21.0, 2236.0)	(22.0, 17796.0)	(23.0, 40482.0)	(24.0, 57880.0)	(25.0, 81367.0)	(26.0, 106796.0)	(27.0, 127155.0)	(28.0, 148162.0)	(29.0, 178133.0)	(30.0, 220957.0)	(31.0, 289542.0)	(32.0, 399799.0)	(33.0, 616820.0)	(34.0, 1298250.0)	(35.0, 5255514.0)	(36.0, 21582775.0)	(37.0, 1046181.0)										
SRR15652296_1	(13.0, 4.0)	(14.0, 10.0)	(15.0, 169.0)	(16.0, 496.0)	(17.0, 1071.0)	(18.0, 2529.0)	(19.0, 5912.0)	(20.0, 12661.0)	(21.0, 24240.0)	(22.0, 43601.0)	(23.0, 71059.0)	(24.0, 107687.0)	(25.0, 155200.0)	(26.0, 210928.0)	(27.0, 276541.0)	(28.0, 364833.0)	(29.0, 479706.0)	(30.0, 621730.0)	(31.0, 797241.0)	(32.0, 1053070.0)	(33.0, 1425088.0)	(34.0, 2162353.0)	(35.0, 4555350.0)	(36.0, 33806684.0)	(37.0, 4739793.0)					
SRR15652296_2	(11.0, 5.0)	(12.0, 132.0)	(13.0, 648.0)	(14.0, 1358.0)	(15.0, 2451.0)	(16.0, 4138.0)	(17.0, 6820.0)	(18.0, 10615.0)	(19.0, 16689.0)	(20.0, 27323.0)	(21.0, 43436.0)	(22.0, 69535.0)	(23.0, 106931.0)	(24.0, 153673.0)	(25.0, 208351.0)	(26.0, 261872.0)	(27.0, 313103.0)	(28.0, 376919.0)	(29.0, 469094.0)	(30.0, 600009.0)	(31.0, 799518.0)	(32.0, 1100207.0)	(33.0, 1595047.0)	(34.0, 2818855.0)	(35.0, 7765187.0)	(36.0, 31810062.0)	(37.0, 2355978.0)			
SRR15652297_1	(20.0, 7.0)	(21.0, 351.0)	(22.0, 4968.0)	(23.0, 13707.0)	(24.0, 22244.0)	(25.0, 32381.0)	(26.0, 46702.0)	(27.0, 65491.0)	(28.0, 90808.0)	(29.0, 122332.0)	(30.0, 159167.0)	(31.0, 205551.0)	(32.0, 269050.0)	(33.0, 369850.0)	(34.0, 585997.0)	(35.0, 1559501.0)	(36.0, 20005817.0)	(37.0, 2365450.0)												
SRR15652297_2	(19.0, 7.0)	(20.0, 80.0)	(21.0, 1394.0)	(22.0, 12732.0)	(23.0, 28799.0)	(24.0, 40703.0)	(25.0, 54938.0)	(26.0, 71931.0)	(27.0, 88413.0)	(28.0, 108152.0)	(29.0, 135974.0)	(30.0, 173561.0)	(31.0, 230437.0)	(32.0, 332650.0)	(33.0, 555915.0)	(34.0, 1357722.0)	(35.0, 5681812.0)	(36.0, 16484085.0)	(37.0, 560069.0)											
SRR15652298_1	(19.0, 2.0)	(20.0, 23.0)	(21.0, 1351.0)	(22.0, 13342.0)	(23.0, 33379.0)	(24.0, 53304.0)	(25.0, 77829.0)	(26.0, 103681.0)	(27.0, 131069.0)	(28.0, 166481.0)	(29.0, 211186.0)	(30.0, 265442.0)	(31.0, 337457.0)	(32.0, 434775.0)	(33.0, 600874.0)	(34.0, 952607.0)	(35.0, 2159626.0)	(36.0, 21785934.0)	(37.0, 3046294.0)											
SRR15652298_2	(18.0, 2.0)	(19.0, 10.0)	(20.0, 69.0)	(21.0, 1999.0)	(22.0, 18931.0)	(23.0, 42959.0)	(24.0, 64250.0)	(25.0, 98242.0)	(26.0, 138384.0)	(27.0, 158069.0)	(28.0, 176939.0)	(29.0, 212820.0)	(30.0, 260894.0)	(31.0, 327770.0)	(32.0, 438246.0)	(33.0, 640938.0)	(34.0, 1190453.0)	(35.0, 4089100.0)	(36.0, 21131864.0)	(37.0, 1382717.0)										
