Sample	0	1	2	3	4	5	6	7	8	9	10	11	12	13	14	15	16	17	18	19	20	21	22	23	24	25	26	27	28	29	30	31	32	33	34	35	36	37
SRR15652275_1	(1, 0.05554955009921161)	(2, 0.010482376675190731)	(3, 0.00036889344566705217)	(4, 0.0)	(5, 0.0)	(6, 4.144870176034294e-06)	(7, 0.0)	(8, 0.0)	(9, 4.144870176034294e-06)	(10, 5.802818246448012e-06)	(15, 4.310664983075666e-05)	(20, 6.631792281654872e-06)	(25, 0.011816195897838565)	(30, 0.008343623664357034)	(35, 0.0006457707734261431)	(40, 0.0007129176702778986)	(45, 0.0007054569039610369)	(50, 0.0019016664367645343)	(55, 0.0029536344874420382)	(60, 0.002972700890251796)	(65, 0.0014606522500344853)	(70, 0.0010867849601561921)	(75, 0.005740645193807498)	(80, 0.0053294740723448955)	(85, 0.0024927249238670245)	(90, 0.0011597346752543955)	(95, 0.0037627131458039323)	(100, 0.004086013019534607)	(105, 0.00023459965196354104)	(110, 0.00013180687159789056)	(115, 4.6422545971584095e-05)	(120, 3.896177965472236e-05)	(125, 0.0001649658330061649)	(130, 0.0004327244463779803)	(135, 0.000587742590961663)	(140, 0.0003680644716318453)	(145, 0.00042692162813153233)	(150, 0.0006631792281654871)
SRR15652275_2	(1, 0.0005429779930604925)	(2, 0.0008414086457349617)	(3, 0.0002859960421463663)	(4, 0.00019895376844964612)	(5, 6.217305264051441e-05)	(6, 0.0007502215018622073)	(7, 0.0002652716912661948)	(8, 9.118714387275447e-05)	(9, 0.00025283708073809194)	(10, 0.00019812479441443925)	(15, 0.0002196781193298176)	(20, 6.300202667572127e-05)	(25, 0.00041614496567384315)	(30, 0.0002611268210901606)	(35, 0.00030257552285050353)	(40, 0.0002984306526744692)	(45, 0.00022299401547064502)	(50, 0.00048080494041997815)	(55, 0.00019895376844964612)	(60, 0.0002511791326676782)	(65, 6.548894878134186e-05)	(70, 2.238229895058519e-05)	(75, 0.0003763542119839139)	(80, 4.393562386596352e-05)	(85, 5.139639018282525e-05)	(90, 4.973844211241153e-06)	(95, 8.289740352068588e-06)	(100, 0.0001127404687881328)	(105, 3.315896140827436e-06)	(110, 9.947688422482306e-06)	(115, 7.46076631686173e-06)	(120, 0.0001550181445836826)	(125, 0.00015253122247806204)	(130, 2.155332491537833e-05)	(135, 2.238229895058519e-05)	(140, 2.4869221056205765e-05)	(145, 1.3263584563309743e-05)	(150, 0.0003274447439067092)
SRR15652276_1	(1, 0.0524615998046114)	(2, 0.09973703257438456)	(3, 0.0)	(4, 0.003103767269415626)	(5, 0.0)	(6, 0.018746555983483196)	(7, 0.0)	(8, 0.0)	(9, 0.002146854996257134)	(10, 0.0)	(15, 0.0)	(20, 0.0)	(25, 0.00012990208060493515)	(30, 0.00018642435995212066)	(35, 1.9832378718310712e-06)	(40, 0.0005215915602915717)	(45, 3.0740187013381595e-05)	(50, 8.131275274507391e-05)	(55, 0.0)	(60, 0.0007337980125774963)	(65, 0.000742722583000736)	(70, 0.020557252160464966)	(75, 0.0004085470015972006)	(80, 0.001052107691006383)	(85, 0.0008567587606310226)	(90, 0.0007268566800260875)	(95, 2.5782092333803924e-05)	(100, 9.717865571972248e-05)	(105, 0.0)	(110, 0.0006247199296267874)	(115, 0.00045416147264931527)	(120, 9.916189359155356e-07)	(125, 0.0)	(130, 0.0)	(135, 0.0005830719343183349)	(140, 0.000251871209722546)	(145, 0.00021022321441409355)	(150, 0.0005057256573169231)
SRR15652276_2	(1, 0.023555907822673545)	(2, 0.0)	(3, 0.0)	(4, 0.0)	(5, 0.0014328893623979488)	(6, 0.0)	(7, 0.0005503485094331222)	(8, 0.0)	(9, 3.470666275704374e-05)	(10, 0.000153700935066908)	(15, 5.6522279347185525e-05)	(20, 4.363123318028356e-05)	(25, 0.001129453968007795)	(30, 0.0006465355462169291)	(35, 0.000616786978139463)	(40, 0.00035400796012184616)	(45, 0.00021914778483733333)	(50, 0.002614899134009267)	(55, 0.0008755995204134178)	(60, 0.0006624014491915777)	(65, 0.0006772757332303107)	(70, 0.0004749854703035415)	(75, 0.002013978058844453)	(80, 0.0009341050376324343)	(85, 0.0010620238803655385)	(90, 0.0002122064522859246)	(95, 0.000849817428079614)	(100, 0.0022688241253747453)	(105, 0.0008627084742465158)	(110, 0.0010243423608007481)	(115, 0.00030442701332606943)	(120, 0.0001398182699640905)	(125, 0.0004829184217908658)	(130, 9.420379891197587e-05)	(135, 0.0001140361776302866)	(140, 0.0)	(145, 8.131275274507391e-05)	(150, 0.0)
SRR15652277_1	(1, 0.0033462045766518025)	(2, 0.06094609968338181)	(3, 0.0003677147886430552)	(4, 0.0013237732391149987)	(5, 5.253068409186503e-05)	(6, 0.01945211231921762)	(7, 4.727761568267853e-05)	(8, 0.0015444021123008317)	(9, 0.0)	(10, 0.00037191724337040443)	(15, 0.0005725844566013289)	(20, 6.198620722840074e-05)	(25, 0.0003277914687332378)	(30, 0.0004769786115541345)	(35, 0.00022378071423134502)	(40, 0.0020245325649004783)	(45, 0.0007669479877412294)	(50, 0.0007942639434689992)	(55, 0.0007448851004226461)	(60, 0.001101043138565491)	(65, 0.0009182363579258007)	(70, 0.0006839495068760827)	(75, 0.00045281449687187655)	(80, 0.0006303682091023805)	(85, 0.0006314188227842176)	(90, 0.0020676077258558077)	(95, 0.0005053451809637416)	(100, 0.00046647247473576145)	(105, 0.00026475464782299975)	(110, 0.00041709363168940835)	(115, 0.0026853685707761404)	(120, 0.0005211043861913012)	(125, 0.0004149924043257337)	(130, 0.000576786911328678)	(135, 0.0003246396276877259)	(140, 0.0006828988931942454)	(145, 0.0011210047985203996)	(150, 0.0009035277663800784)
SRR15652277_2	(1, 0.00449137348985446)	(2, 0.00027315955727769814)	(3, 0.0003782209254614282)	(4, 5.253068409186503e-06)	(5, 0.0001943635311399006)	(6, 0.0014813652913905938)	(7, 0.006371971980343227)	(8, 0.00021012273636746012)	(9, 0.0003467025150063092)	(10, 0.0009350461768351976)	(15, 0.0006913038026489438)	(20, 0.0007196703720585509)	(25, 0.0006608360058756621)	(30, 0.0007974157845145112)	(35, 0.0011829910057488005)	(40, 0.0005610277061011185)	(45, 0.001454049335662824)	(50, 6.723927563758723e-05)	(55, 0.001293305442341717)	(60, 0.0001691488027758054)	(65, 0.00027631139832321003)	(70, 0.00044651081478085276)	(75, 0.000943451086289896)	(80, 0.0013206213980694868)	(85, 0.001030652021882392)	(90, 0.0008446934001971896)	(95, 0.002741051095913517)	(100, 0.0011609281184302171)	(105, 0.0011441182995208204)	(110, 0.0007942639434689992)	(115, 0.0015149849292093874)	(120, 0.0005473697282372336)	(125, 0.006461274143299399)	(130, 0.003478581900563302)	(135, 0.0008310354223333048)	(140, 0.003393482192334481)	(145, 0.0006997087121036422)	(150, 0.00023638807841339261)
SRR15652278_1	(1, 0.002985105526417904)	(2, 0.004151730647801471)	(3, 0.004677691134180634)	(4, 0.0)	(5, 0.0)	(6, 0.0006630459322971352)	(7, 0.0)	(8, 5.875090539341704e-05)	(9, 0.0)	(10, 0.002652183729188541)	(15, 0.0)	(20, 0.0003508268350635475)	(25, 0.00028927826750853916)	(30, 1.1750181078683409e-05)	(35, 1.6785972969547727e-05)	(40, 0.0006596887377032256)	(45, 0.0013719735240443677)	(50, 1.4547843240274696e-05)	(55, 1.0631116214046894e-05)	(60, 2.2381297292730304e-06)	(65, 0.0005819137296109878)	(70, 0.0020305431968829567)	(75, 0.00011973994051610712)	(80, 8.392986484773863e-06)	(85, 2.3500362157366818e-05)	(90, 0.0005248414215145256)	(95, 0.001514094761853205)	(100, 0.00020199120806689097)	(105, 0.0)	(110, 0.0)	(115, 0.00014939515942897477)	(120, 0.0011610297970603843)	(125, 0.00010519209727583241)	(130, 0.0)	(135, 5.595324323182576e-07)	(140, 0.0002601825810279898)	(145, 0.0014061050024157813)	(150, 0.0008448939728005688)
SRR15652278_2	(1, 0.3793154288550316)	(2, 0.009109187998141234)	(3, 0.001994733121214588)	(4, 0.0022912853103432647)	(5, 0.0009372168241330814)	(6, 0.0009540027971026291)	(7, 0.0003441124458757284)	(8, 0.002727720607551506)	(9, 0.002011519094184136)	(10, 0.00307630931288578)	(15, 0.0016052985483210808)	(20, 0.00033963618641718235)	(25, 0.00016562159996620426)	(30, 0.0007005346052624585)	(35, 0.00307630931288578)	(40, 0.0018744336482661628)	(45, 7.217968376905523e-05)	(50, 0.00017737178104488765)	(55, 0.0001857647675296615)	(60, 0.0014452722726780592)	(65, 0.0018699573888076167)	(70, 2.797662161591288e-06)	(75, 4.588165945009712e-05)	(80, 0.00013652591348565485)	(85, 0.0016909070104657743)	(90, 0.0022884876481816733)	(95, 0.00020926512968702835)	(100, 0.0001796099107741607)	(105, 0.0002652183729188541)	(110, 0.0019382203455504442)	(115, 0.0032878125723020814)	(120, 0.00021933671346875696)	(125, 0.00016785972969547727)	(130, 0.000623319129602539)	(135, 0.002411025250859372)	(140, 0.0029464977885879443)	(145, 0.0002383608161675777)	(150, 0.00040845867559232806)
SRR15652279_1	(1, 0.002629468674558163)	(2, 0.03557789105656181)	(3, 0.04148576779010435)	(4, 0.00045088645541301834)	(5, 0.00044667256330635464)	(6, 0.0)	(7, 8.427784213327444e-06)	(8, 0.0)	(9, 0.00021912238954651357)	(10, 0.0)	(15, 0.00014832900215456304)	(20, 0.0)	(25, 8.764895581860543e-05)	(30, 8.427784213327445e-07)	(35, 0.0)	(40, 0.009236008719385546)	(45, 0.0018819242148360184)	(50, 7.500727949861427e-05)	(55, 0.0)	(60, 7.5850057919947e-06)	(65, 0.007863122671034506)	(70, 0.0)	(75, 0.0019956993017159388)	(80, 0.005588463711857429)	(85, 0.0)	(90, 2.6126131061315077e-05)	(95, 0.0027491432103874127)	(100, 0.006253415886288965)	(105, 0.0022106077991557887)	(110, 6.573671686395407e-05)	(115, 0.007083552631301717)	(120, 0.0011082536240525592)	(125, 0.001339174911497731)	(130, 0.012205117097740805)	(135, 0.005146005040657738)	(140, 0.00553031200078547)	(145, 0.0009540251729486668)	(150, 3.3711136853309775e-05)
SRR15652279_2	(1, 0.10618165330371247)	(2, 0.0017276957637321264)	(3, 0.0004972392685863192)	(4, 0.000623656031786231)	(5, 0.00048459759226632807)	(6, 5.0566705279964676e-05)	(7, 0.0010113341055992934)	(8, 0.003202558001064429)	(9, 0.0019426042611719763)	(10, 0.002648852578248816)	(15, 0.001570938977364236)	(20, 0.0009337984908366809)	(25, 0.00048628314910899355)	(30, 0.00039104918749839347)	(35, 0.0004635281317330095)	(40, 0.0001702412411092144)	(45, 0.0001213600926719152)	(50, 0.00013905843951990285)	(55, 0.000527579291754298)	(60, 0.00039526307960505717)	(65, 0.0009236851497806879)	(70, 0.0015574545226229117)	(75, 0.0002680035379838128)	(80, 0.00042560310277303594)	(85, 0.0012953504335884282)	(90, 0.0008790178934500525)	(95, 0.0008655334387087286)	(100, 0.0009691951845326561)	(105, 0.0032076146715924255)	(110, 0.000999535207700635)	(115, 0.0007273177776101586)	(120, 0.0014546355552203171)	(125, 0.00020310959954119142)	(130, 0.0008503634271247393)	(135, 0.001203487585663159)	(140, 0.0013585588151883842)	(145, 0.002154141644926495)	(150, 0.0003286835843197704)
SRR15652280_1	(1, 0.0)	(2, 0.07752744917147184)	(3, 0.002130805392226474)	(4, 4.703764662751598e-06)	(5, 0.0)	(6, 0.002450661389293583)	(7, 0.0)	(8, 0.0)	(9, 0.0)	(10, 3.3867105571811506e-05)	(15, 0.0005860890769788491)	(20, 4.703764662751598e-06)	(25, 0.002398919978003315)	(30, 0.00028692964442784746)	(35, 0.0002257807038120767)	(40, 0.000732846534456699)	(45, 7.996399926677716e-05)	(50, 0.00021261016275637225)	(55, 0.00024929952712583465)	(60, 0.0008203365571838786)	(65, 0.0007723581576238123)	(70, 0.0002652923269791901)	(75, 0.000253062538856036)	(80, 0.00025682555058623727)	(85, 0.0005776223005858962)	(90, 0.001032946719940251)	(95, 0.00014487595161274922)	(100, 0.0002304844684748283)	(105, 0.00016651326906140656)	(110, 0.00031609298533690736)	(115, 0.0008984190505855553)	(120, 0.00015898724560100403)	(125, 4.703764662751598e-06)	(130, 0.001653843655423462)	(135, 0.00035466385557147046)	(140, 0.0008306848394419322)	(145, 0.0)	(150, 4.703764662751598e-06)
SRR15652280_2	(1, 0.003791234318177788)	(2, 0.0038335682001425526)	(3, 0.0)	(4, 4.703764662751598e-06)	(5, 0.0)	(6, 0.0010348282258053514)	(7, 0.002224880685481506)	(8, 0.0009736792851895807)	(9, 0.0005456367008791854)	(10, 2.445957624630831e-05)	(15, 1.8815058651006393e-05)	(20, 4.703764662751598e-06)	(25, 0.0005324661598234809)	(30, 0.00033490804398791376)	(35, 0.00013734992815234666)	(40, 0.0)	(45, 3.4807858504361826e-05)	(50, 0.0003499600909087189)	(55, 0.00032455976172986027)	(60, 2.6341082111408948e-05)	(65, 1.2229788123154155e-05)	(70, 3.104484677416055e-05)	(75, 0.00033208578519026283)	(80, 0.0005842075711137484)	(85, 0.00020978790395872126)	(90, 8.560851686207908e-05)	(95, 0.0002445957624630831)	(100, 0.0002210769391493251)	(105, 0.0005296439010258299)	(110, 0.0002408327507328818)	(115, 0.00012700164589429314)	(120, 0.0001298239046919441)	(125, 0.00044497613709630114)	(130, 0.0009793238027848827)	(135, 0.00011383110483858866)	(140, 0.00011947562243389059)	(145, 0.00026435157404663983)	(150, 4.703764662751598e-06)
SRR15652281_1	(1, 0.004942871736458512)	(2, 0.015059838503795758)	(3, 0.0008452917156673682)	(4, 0.0029869500984120454)	(5, 0.003892890547042095)	(6, 0.03076027924950983)	(7, 8.339200782368655e-05)	(8, 1.5162183240670282e-05)	(9, 1.5162183240670282e-05)	(10, 0.019467485171858607)	(15, 0.0004381870956553712)	(20, 0.0028368444843294097)	(25, 0.006614502438742411)	(30, 0.0014980237041782238)	(35, 0.0003426653412391484)	(40, 0.0013782424565769286)	(45, 0.001660259064853396)	(50, 0.0013827911115491297)	(55, 0.0014085668230582693)	(60, 0.0016435806632886585)	(65, 0.0022546166478876707)	(70, 0.0013706613649565936)	(75, 0.0019748743670973045)	(80, 0.001266800409758002)	(85, 0.0010348190061757467)	(90, 0.0013418532167993199)	(95, 0.0009567337624862948)	(100, 0.0008324038599127985)	(105, 0.0005723724173353032)	(110, 0.0009188283043846191)	(115, 0.0013024315403735772)	(120, 0.0011075974857309642)	(125, 0.0010696920276292885)	(130, 0.001210700331767522)	(135, 0.0014328263162433417)	(140, 0.0019255972715651259)	(145, 0.0006876050099643973)	(150, 0.001959712183856634)
SRR15652281_2	(1, 0.003676829435862544)	(2, 0.0028656526324866835)	(3, 0.0006557644251589897)	(4, 4.9277095532178416e-05)	(5, 1.1371637430502713e-05)	(6, 0.0024297398643174126)	(7, 0.0017057456145754069)	(8, 0.0005230953218031247)	(9, 0.00027670984414223266)	(10, 3.411491229150814e-05)	(15, 0.00014176641330026712)	(20, 0.00019786649129074717)	(25, 0.0007406726513067433)	(30, 0.000669410390075593)	(35, 0.0021105759071013033)	(40, 0.00031461530224390836)	(45, 0.002549521111918708)	(50, 0.0005549359066085324)	(55, 0.0004730601171089128)	(60, 0.00019331783631854613)	(65, 0.00019635027296668016)	(70, 0.012092599243596583)	(75, 0.00028277471743850077)	(80, 0.0006315049319739172)	(85, 0.0007323334505243747)	(90, 6.064873296268113e-05)	(95, 0.0006080035479508783)	(100, 0.0021446908193928113)	(105, 0.0024380790650997816)	(110, 0.0002092381287212499)	(115, 0.00012736233922163036)	(120, 0.0001501056140826358)	(125, 0.009333081893794592)	(130, 0.001962744620504768)	(135, 0.00015313805073076986)	(140, 0.004140792243027054)	(145, 0.0007891916376768881)	(150, 0.00029945311900323807)
SRR15652282_1	(1, 0.0026806919781117134)	(2, 0.03628150059639738)	(3, 0.04043350119940756)	(4, 0.0004915140900759716)	(5, 0.00048504679941707723)	(6, 0.0)	(7, 0.0)	(8, 0.0)	(9, 0.0002813271436619048)	(10, 0.0)	(15, 0.00015715516301113302)	(20, 0.0)	(25, 8.666169482918447e-05)	(30, 1.9401871976683087e-06)	(35, 1.2934581317788727e-06)	(40, 0.008898345217572753)	(45, 0.0018250694239399891)	(50, 7.178692631372743e-05)	(55, 0.0)	(60, 5.820561593004927e-06)	(65, 0.007580311381290083)	(70, 0.0)	(75, 0.001943420842997756)	(80, 0.00532387367040184)	(85, 0.0)	(90, 2.1988788240240833e-05)	(95, 0.002656116273607915)	(100, 0.005986770962938512)	(105, 0.0021956451786946363)	(110, 6.79065519183908e-05)	(115, 0.006778367339587182)	(120, 0.0011479440919537494)	(125, 0.0013788263684762782)	(130, 0.011854543777753367)	(135, 0.005058068024321281)	(140, 0.005526946597091123)	(145, 0.0009474580815280241)	(150, 9.700935988341544e-06)
SRR15652282_2	(1, 0.1053456975427303)	(2, 0.0018787479364088125)	(3, 0.000497981380734866)	(4, 0.0005949907406182814)	(5, 0.00047211221809928853)	(6, 5.17383252711549e-05)	(7, 0.0011414768012948551)	(8, 0.0031948415854938152)	(9, 0.0018852152270677066)	(10, 0.002800983584367149)	(15, 0.0016485123889521732)	(20, 0.0009455178943303558)	(25, 0.0005063888585914286)	(30, 0.0004119664149715709)	(35, 0.0005147963364479913)	(40, 0.00018431778377848935)	(45, 0.00014874768515457036)	(50, 0.0001623289955382485)	(55, 0.0005264374596340011)	(60, 0.00045465053332027376)	(65, 0.0009920823870743954)	(70, 0.0016232899553824851)	(75, 0.0002923215377820252)	(80, 0.00042748791255291734)	(85, 0.001354897393038369)	(90, 0.0009409907908691298)	(95, 0.0009325833130125672)	(100, 0.0009849683673496116)	(105, 0.0032575743048850908)	(110, 0.0010367066926207664)	(115, 0.0008012973126370116)	(120, 0.0014887703096774824)	(125, 0.0002315290055884182)	(130, 0.0008219926427454735)	(135, 0.0012947515899106514)	(140, 0.001460314230778347)	(145, 0.002330811553465528)	(150, 0.0003977383755220034)
SRR15652283_1	(1, 0.0026415164503453908)	(2, 0.03598004640487377)	(3, 0.04056582623237693)	(4, 0.0004961223789988804)	(5, 0.0005095310919447961)	(6, 0.0)	(7, 0.0)	(8, 0.0)	(9, 0.00022794812008056673)	(10, 0.0)	(15, 0.0001376627862447344)	(20, 0.0)	(25, 0.00010995144615650865)	(30, 2.6817425891831377e-06)	(35, 2.6817425891831377e-06)	(40, 0.00910183434768757)	(45, 0.0018799015550173793)	(50, 6.168007955121217e-05)	(55, 0.0)	(60, 9.833056160338172e-06)	(65, 0.007759175224703212)	(70, 0.0)	(75, 0.0019961104005486487)	(80, 0.0054644974825588406)	(85, 0.0)	(90, 2.324176910625386e-05)	(95, 0.002734483526770406)	(100, 0.006101858304588033)	(105, 0.0022213767780400323)	(110, 5.274093758726837e-05)	(115, 0.006924259365270862)	(120, 0.001121862316474946)	(125, 0.0013641130636978228)	(130, 0.012091977334626768)	(135, 0.005065811750966947)	(140, 0.005457346168987685)	(145, 0.0009439733913924644)	(150, 3.5756567855775166e-05)
SRR15652283_2	(1, 0.10491870923080829)	(2, 0.0019263850932298872)	(3, 0.00045589624016113345)	(4, 0.0006838443602417002)	(5, 0.0005005919499808523)	(6, 5.810442276563465e-05)	(7, 0.0010280013258535362)	(8, 0.003048247409704833)	(9, 0.0017878283927887583)	(10, 0.002712135671860547)	(15, 0.001600106411545939)	(20, 0.000952018619160014)	(25, 0.0004898649796241198)	(30, 0.00038706484703876623)	(35, 0.0004818197518565704)	(40, 0.00016626804052935455)	(45, 0.00013498104365555126)	(50, 0.00014928367079786132)	(55, 0.0005166824055159512)	(60, 0.0004353362136440627)	(65, 0.0009547003617491971)	(70, 0.0015884855269928117)	(75, 0.000285158628649807)	(80, 0.0004353362136440627)	(85, 0.0013301443242348364)	(90, 0.0009538064475528026)	(95, 0.0009359281636249151)	(100, 0.0009940325863905496)	(105, 0.0031921675953243286)	(110, 0.0010056534709436766)	(115, 0.0007437366114001235)	(120, 0.0014695949388723595)	(125, 0.00022884203427696106)	(130, 0.0008617332853241817)	(135, 0.0011987389373648626)	(140, 0.001372158291465372)	(145, 0.0021588027842924257)	(150, 0.00040673095935944253)
SRR15652284_1	(1, 0.0027556284345127695)	(2, 0.036284978465499634)	(3, 0.041111134342519236)	(4, 0.0005531556157677567)	(5, 0.000522706682789715)	(6, 0.0)	(7, 0.0)	(8, 0.0)	(9, 0.00017254395354223602)	(10, 0.0)	(15, 0.0001319453762381805)	(20, 0.0)	(25, 9.54066566645305e-05)	(30, 3.044893297804165e-06)	(35, 3.044893297804165e-06)	(40, 0.009291999380465711)	(45, 0.0019203127064818268)	(50, 7.206247471469857e-05)	(55, 0.0)	(60, 1.0149644326013883e-05)	(65, 0.00788119881914978)	(70, 0.0)	(75, 0.002046168296124399)	(80, 0.0056401573519659146)	(85, 0.0)	(90, 2.435914638243332e-05)	(95, 0.0027952120473842238)	(100, 0.006252180904824552)	(105, 0.0023394930171462)	(110, 6.800261698429302e-05)	(115, 0.007055017771012251)	(120, 0.001149954702137373)	(125, 0.0013813665927704896)	(130, 0.0122079921953295)	(135, 0.005250411009846983)	(140, 0.005518361620053748)	(145, 0.0009875603929211509)	(150, 1.0149644326013883e-05)
SRR15652284_2	(1, 0.10567809672245657)	(2, 0.001750813646237395)	(3, 0.00044150952818160395)	(4, 0.0006597268811909024)	(5, 0.0004871829276486664)	(6, 3.5523755141048594e-05)	(7, 0.0011519846310025757)	(8, 0.0032428113621614358)	(9, 0.0018320108008455058)	(10, 0.0027728828298669932)	(15, 0.00165946684730327)	(20, 0.0009449318867518926)	(25, 0.000512557038463701)	(30, 0.0004049708086079539)	(35, 0.00048616796321606504)	(40, 0.0001979180643572707)	(45, 0.00015224466489020824)	(50, 0.0001563045226206138)	(55, 0.0005267665405201205)	(60, 0.00045064420807501646)	(65, 0.0009286924558302704)	(70, 0.0016452573452468504)	(75, 0.0002963696143196054)	(80, 0.00041918031066437336)	(85, 0.0013306183711404203)	(90, 0.0009540665666453051)	(95, 0.000940872029021487)	(100, 0.0009368121712910814)	(105, 0.0032164222869138)	(110, 0.00104541336557943)	(115, 0.0007865974352660759)	(120, 0.0014889528226262366)	(125, 0.00024663635712213736)	(130, 0.0008424204790591522)	(135, 0.00129407965156677)	(140, 0.001458503889648195)	(145, 0.0023070141553029554)	(150, 0.00041106059520356226)
SRR15652285_1	(1, 0.0)	(2, 0.0)	(3, 0.0)	(4, 0.0)	(5, 0.0)	(6, 0.0)	(7, 0.0)	(8, 0.0)	(9, 0.0)	(10, 0.0)	(15, 0.0)	(20, 0.0)	(25, 0.0)	(30, 0.0)	(35, 0.0)	(40, 0.0)	(45, 0.0)	(50, 0.0)	(55, 0.0)	(60, 0.0)	(65, 0.0)	(70, 0.0)	(75, 0.0)	(80, 0.0)	(85, 0.0)	(90, 0.0)	(95, 0.0)	(100, 0.0)	(105, 0.0)	(110, 0.0)	(115, 0.0)	(120, 0.0)	(125, 0.0)	(130, 0.0)	(135, 0.0)	(140, 0.0)	(145, 0.0)	(150, 0.0)
SRR15652285_2	(1, 0.0)	(2, 0.0)	(3, 0.0)	(4, 0.0)	(5, 0.0)	(6, 0.0)	(7, 0.0)	(8, 0.0)	(9, 0.0)	(10, 0.0)	(15, 0.0)	(20, 0.0)	(25, 0.0)	(30, 0.0)	(35, 0.0)	(40, 0.0)	(45, 0.0)	(50, 0.0)	(55, 0.0)	(60, 0.0)	(65, 0.0)	(70, 0.0)	(75, 0.0)	(80, 0.0)	(85, 0.0)	(90, 0.0)	(95, 0.0)	(100, 0.0)	(105, 0.0)	(110, 0.0)	(115, 0.0)	(120, 0.0)	(125, 0.0)	(130, 0.0)	(135, 0.0)	(140, 0.0)	(145, 0.0)	(150, 0.0)
SRR15652286_1	(1, 0.0)	(2, 0.0)	(3, 0.0)	(4, 0.0)	(5, 0.0)	(6, 0.0)	(7, 0.0)	(8, 0.0)	(9, 0.0)	(10, 0.0)	(15, 0.0)	(20, 0.0)	(25, 0.0)	(30, 0.0)	(35, 0.0)	(40, 0.0)	(45, 0.0)	(50, 0.0)	(55, 0.0)	(60, 0.0)	(65, 0.0)	(70, 0.0)	(75, 0.0)	(80, 0.0)	(85, 0.0)	(90, 0.0)	(95, 0.0)	(100, 0.0)	(105, 0.0)	(110, 0.0)	(115, 0.0)	(120, 0.0)	(125, 0.0)	(130, 0.0)	(135, 0.0)	(140, 0.0)	(145, 0.0)	(150, 0.0)
SRR15652286_2	(1, 0.0)	(2, 0.0)	(3, 0.0)	(4, 0.0)	(5, 0.0)	(6, 0.0)	(7, 0.0)	(8, 0.0)	(9, 0.0)	(10, 0.0)	(15, 0.0)	(20, 0.0)	(25, 0.0)	(30, 0.0)	(35, 0.0)	(40, 0.0)	(45, 0.0)	(50, 0.0)	(55, 0.0)	(60, 0.0)	(65, 0.0)	(70, 0.0)	(75, 0.0)	(80, 0.0)	(85, 0.0)	(90, 0.0)	(95, 0.0)	(100, 0.0)	(105, 0.0)	(110, 0.0)	(115, 0.0)	(120, 0.0)	(125, 0.0)	(130, 0.0)	(135, 0.0)	(140, 0.0)	(145, 0.0)	(150, 0.0)
SRR15652287_1	(1, 0.0)	(2, 0.0)	(3, 0.0)	(4, 0.0)	(5, 0.0)	(6, 0.0)	(7, 0.0)	(8, 0.0)	(9, 0.0)	(10, 0.0)	(15, 0.0)	(20, 0.0)	(25, 0.0)	(30, 0.0)	(35, 0.0)	(40, 0.0)	(45, 0.0)	(50, 0.0)	(55, 0.0)	(60, 0.0)	(65, 0.0)	(70, 0.0)	(75, 0.0)	(80, 0.0)	(85, 0.0)	(90, 0.0)	(95, 0.0)	(100, 0.0)	(105, 0.0)	(110, 0.0)	(115, 0.0)	(120, 0.0)	(125, 0.0)	(130, 0.0)	(135, 0.0)	(140, 0.0)	(145, 0.0)	(150, 0.0)
SRR15652287_2	(1, 0.0)	(2, 0.0)	(3, 0.0)	(4, 0.0)	(5, 0.0)	(6, 0.0)	(7, 0.0)	(8, 0.0)	(9, 0.0)	(10, 0.0)	(15, 0.0)	(20, 0.0)	(25, 0.0)	(30, 0.0)	(35, 0.0)	(40, 0.0)	(45, 0.0)	(50, 0.0)	(55, 0.0)	(60, 0.0)	(65, 0.0)	(70, 0.0)	(75, 0.0)	(80, 0.0)	(85, 0.0)	(90, 0.0)	(95, 0.0)	(100, 0.0)	(105, 0.0)	(110, 0.0)	(115, 0.0)	(120, 0.0)	(125, 0.0)	(130, 0.0)	(135, 0.0)	(140, 0.0)	(145, 0.0)	(150, 0.0)
SRR15652288_1	(1, 0.0)	(2, 0.0)	(3, 0.0)	(4, 0.0)	(5, 0.0)	(6, 0.0)	(7, 0.0)	(8, 0.0)	(9, 0.0)	(10, 0.0)	(15, 0.0)	(20, 0.0)	(25, 0.0)	(30, 0.0)	(35, 0.0)	(40, 0.0)	(45, 0.0)	(50, 0.0)	(55, 0.0)	(60, 0.0)	(65, 0.0)	(70, 0.0)	(75, 0.0)	(80, 0.0)	(85, 0.0)	(90, 0.0)	(95, 0.0)	(100, 0.0)	(105, 0.0)	(110, 0.0)	(115, 0.0)	(120, 0.0)	(125, 0.0)	(130, 0.0)	(135, 0.0)	(140, 0.0)	(145, 0.0)	(150, 0.0)
SRR15652288_2	(1, 0.0)	(2, 0.0)	(3, 0.0)	(4, 0.0)	(5, 0.0)	(6, 0.0)	(7, 0.0)	(8, 0.0)	(9, 0.0)	(10, 0.0)	(15, 0.0)	(20, 0.0)	(25, 0.0)	(30, 0.0)	(35, 0.0)	(40, 0.0)	(45, 0.0)	(50, 0.0)	(55, 0.0)	(60, 0.0)	(65, 0.0)	(70, 0.0)	(75, 0.0)	(80, 0.0)	(85, 0.0)	(90, 0.0)	(95, 0.0)	(100, 0.0)	(105, 0.0)	(110, 0.0)	(115, 0.0)	(120, 0.0)	(125, 0.0)	(130, 0.0)	(135, 0.0)	(140, 0.0)	(145, 0.0)	(150, 0.0)
SRR15652289_1	(1, 0.00899625919519727)	(2, 6.427539103483631e-05)	(3, 0.00011936858335041031)	(4, 2.295549679815583e-06)	(5, 0.022833832665125602)	(6, 0.0012855078206967265)	(7, 2.5251046477971414e-05)	(8, 0.0)	(9, 0.0)	(10, 0.0)	(15, 0.0)	(20, 6.10616214830945e-05)	(25, 0.00023093229778944763)	(30, 4.5910993596311655e-07)	(35, 0.00014553784970030794)	(40, 0.0006395401407966214)	(45, 0.0014333412200768498)	(50, 2.4791936542008296e-05)	(55, 4.13198942366805e-06)	(60, 0.00021807721958248038)	(65, 6.427539103483632e-06)	(70, 4.774743334016413e-05)	(75, 0.0)	(80, 0.0015623511120824857)	(85, 5.2797642635758406e-05)	(90, 8.126245866547163e-05)	(95, 6.886649039446749e-06)	(100, 2.295549679815583e-06)	(105, 8.814910770491837e-05)	(110, 0.00018134842470543105)	(115, 0.024551822045499584)	(120, 0.0)	(125, 4.5910993596311655e-07)	(130, 9.182198719262331e-07)	(135, 0.0004379908789088132)	(140, 0.00018777596380891467)	(145, 0.00012166413303022589)	(150, 0.0)
SRR15652289_2	(1, 0.035025497014626164)	(2, 4.591099359631166e-06)	(3, 0.0)	(4, 0.0)	(5, 0.0011385926411885293)	(6, 0.0)	(7, 0.0)	(8, 0.0)	(9, 0.0)	(10, 0.0005311901959093259)	(15, 0.0)	(20, 1.3773298078893496e-06)	(25, 5.0502092955942824e-06)	(30, 0.00018043020483350482)	(35, 0.00013451921123719315)	(40, 0.0)	(45, 1.3773298078893496e-06)	(50, 0.0)	(55, 0.00045956904589907973)	(60, 0.0002079768009912918)	(65, 4.5910993596311655e-07)	(70, 4.5910993596311655e-07)	(75, 3.6728794877049325e-05)	(80, 5.922518173924203e-05)	(85, 0.000464619255194674)	(90, 2.5251046477971414e-05)	(95, 4.5910993596311655e-07)	(100, 8.723088783299215e-06)	(105, 4.5910993596311655e-07)	(110, 0.0)	(115, 0.0)	(120, 0.0011523659392674225)	(125, 1.0100418591188565e-05)	(130, 0.00024103271638063623)	(135, 5.968429167520516e-06)	(140, 4.866565321209036e-05)	(145, 1.3773298078893496e-06)	(150, 0.0)
SRR15652290_1	(1, 0.0)	(2, 0.0)	(3, 0.0)	(4, 0.0)	(5, 0.0)	(6, 0.0)	(7, 0.0)	(8, 0.0)	(9, 0.0)	(10, 0.0)	(15, 0.0)	(20, 0.0)	(25, 0.0)	(30, 0.0)	(35, 0.0)	(40, 0.0)	(45, 0.0)	(50, 0.0)	(55, 0.0)	(60, 0.0)	(65, 0.0)	(70, 0.0)	(75, 0.0)	(80, 0.0)	(85, 0.0)	(90, 0.0)	(95, 0.0)	(100, 0.0)	(105, 0.0)	(110, 0.0)	(115, 0.0)	(120, 0.0)	(125, 0.0)	(130, 0.0)	(135, 0.0)	(140, 0.0)	(145, 0.0)	(150, 0.0)
SRR15652290_2	(1, 0.0)	(2, 0.0)	(3, 0.0)	(4, 0.0)	(5, 0.0)	(6, 0.0)	(7, 0.0)	(8, 0.0)	(9, 0.0)	(10, 0.0)	(15, 0.0)	(20, 0.0)	(25, 0.0)	(30, 0.0)	(35, 0.0)	(40, 0.0)	(45, 0.0)	(50, 0.0)	(55, 0.0)	(60, 0.0)	(65, 0.0)	(70, 0.0)	(75, 0.0)	(80, 0.0)	(85, 0.0)	(90, 0.0)	(95, 0.0)	(100, 0.0)	(105, 0.0)	(110, 0.0)	(115, 0.0)	(120, 0.0)	(125, 0.0)	(130, 0.0)	(135, 0.0)	(140, 0.0)	(145, 0.0)	(150, 0.0)
SRR15652291_1	(1, 0.0)	(2, 0.0)	(3, 0.0)	(4, 0.0)	(5, 0.0)	(6, 0.0)	(7, 0.0)	(8, 0.0)	(9, 0.0)	(10, 0.0)	(15, 0.0)	(20, 0.0)	(25, 0.0)	(30, 0.0)	(35, 0.0)	(40, 0.0)	(45, 0.0)	(50, 0.0)	(55, 0.0)	(60, 0.0)	(65, 0.0)	(70, 0.0)	(75, 0.0)	(80, 0.0)	(85, 0.0)	(90, 0.0)	(95, 0.0)	(100, 0.0)	(105, 0.0)	(110, 0.0)	(115, 0.0)	(120, 0.0)	(125, 0.0)	(130, 0.0)	(135, 0.0)	(140, 0.0)	(145, 0.0)	(150, 0.0)
SRR15652291_2	(1, 0.0)	(2, 0.0)	(3, 0.0)	(4, 0.0)	(5, 0.0)	(6, 0.0)	(7, 0.0)	(8, 0.0)	(9, 0.0)	(10, 0.0)	(15, 0.0)	(20, 0.0)	(25, 0.0)	(30, 0.0)	(35, 0.0)	(40, 0.0)	(45, 0.0)	(50, 0.0)	(55, 0.0)	(60, 0.0)	(65, 0.0)	(70, 0.0)	(75, 0.0)	(80, 0.0)	(85, 0.0)	(90, 0.0)	(95, 0.0)	(100, 0.0)	(105, 0.0)	(110, 0.0)	(115, 0.0)	(120, 0.0)	(125, 0.0)	(130, 0.0)	(135, 0.0)	(140, 0.0)	(145, 0.0)	(150, 0.0)
SRR15652292_1	(1, 0.0)	(2, 0.0)	(3, 0.0)	(4, 0.0)	(5, 0.0)	(6, 0.0)	(7, 0.0)	(8, 0.0)	(9, 0.0)	(10, 0.0)	(15, 0.0)	(20, 0.0)	(25, 0.0)	(30, 0.0)	(35, 0.0)	(40, 0.0)	(45, 0.0)	(50, 0.0)	(55, 0.0)	(60, 0.0)	(65, 0.0)	(70, 0.0)	(75, 0.0)	(80, 0.0)	(85, 0.0)	(90, 0.0)	(95, 0.0)	(100, 0.0)	(105, 0.0)	(110, 0.0)	(115, 0.0)	(120, 0.0)	(125, 0.0)	(130, 0.0)	(135, 0.0)	(140, 0.0)	(145, 0.0)	(150, 0.0)
SRR15652292_2	(1, 0.0)	(2, 0.0)	(3, 0.0)	(4, 0.0)	(5, 0.0)	(6, 0.0)	(7, 0.0)	(8, 0.0)	(9, 0.0)	(10, 0.0)	(15, 0.0)	(20, 0.0)	(25, 0.0)	(30, 0.0)	(35, 0.0)	(40, 0.0)	(45, 0.0)	(50, 0.0)	(55, 0.0)	(60, 0.0)	(65, 0.0)	(70, 0.0)	(75, 0.0)	(80, 0.0)	(85, 0.0)	(90, 0.0)	(95, 0.0)	(100, 0.0)	(105, 0.0)	(110, 0.0)	(115, 0.0)	(120, 0.0)	(125, 0.0)	(130, 0.0)	(135, 0.0)	(140, 0.0)	(145, 0.0)	(150, 0.0)
SRR15652293_1	(1, 0.0)	(2, 0.0)	(3, 0.0)	(4, 0.0)	(5, 0.0)	(6, 0.0)	(7, 0.0)	(8, 0.0)	(9, 0.0)	(10, 0.0)	(15, 0.0)	(20, 0.0)	(25, 0.0)	(30, 0.0)	(35, 0.0)	(40, 0.0)	(45, 0.0)	(50, 0.0)	(55, 0.0)	(60, 0.0)	(65, 0.0)	(70, 0.0)	(75, 0.0)	(80, 0.0)	(85, 0.0)	(90, 0.0)	(95, 0.0)	(100, 0.0)	(105, 0.0)	(110, 0.0)	(115, 0.0)	(120, 0.0)	(125, 0.0)	(130, 0.0)	(135, 0.0)	(140, 0.0)	(145, 0.0)	(150, 0.0)
SRR15652293_2	(1, 0.0)	(2, 0.0)	(3, 0.0)	(4, 0.0)	(5, 0.0)	(6, 0.0)	(7, 0.0)	(8, 0.0)	(9, 0.0)	(10, 0.0)	(15, 0.0)	(20, 0.0)	(25, 0.0)	(30, 0.0)	(35, 0.0)	(40, 0.0)	(45, 0.0)	(50, 0.0)	(55, 0.0)	(60, 0.0)	(65, 0.0)	(70, 0.0)	(75, 0.0)	(80, 0.0)	(85, 0.0)	(90, 0.0)	(95, 0.0)	(100, 0.0)	(105, 0.0)	(110, 0.0)	(115, 0.0)	(120, 0.0)	(125, 0.0)	(130, 0.0)	(135, 0.0)	(140, 0.0)	(145, 0.0)	(150, 0.0)
SRR15652294_1	(1, 0.0)	(2, 0.0)	(3, 0.0)	(4, 0.0)	(5, 0.0)	(6, 0.0)	(7, 0.0)	(8, 0.0)	(9, 0.0)	(10, 0.0)	(15, 0.0)	(20, 0.0)	(25, 0.0)	(30, 0.0)	(35, 0.0)	(40, 0.0)	(45, 0.0)	(50, 0.0)	(55, 0.0)	(60, 0.0)	(65, 0.0)	(70, 0.0)	(75, 0.0)	(80, 0.0)	(85, 0.0)	(90, 0.0)	(95, 0.0)	(100, 0.0)	(105, 0.0)	(110, 0.0)	(115, 0.0)	(120, 0.0)	(125, 0.0)	(130, 0.0)	(135, 0.0)	(140, 0.0)	(145, 0.0)	(150, 0.0)
SRR15652294_2	(1, 0.0)	(2, 0.0)	(3, 0.0)	(4, 0.0)	(5, 0.0)	(6, 0.0)	(7, 0.0)	(8, 0.0)	(9, 0.0)	(10, 0.0)	(15, 0.0)	(20, 0.0)	(25, 0.0)	(30, 0.0)	(35, 0.0)	(40, 0.0)	(45, 0.0)	(50, 0.0)	(55, 0.0)	(60, 0.0)	(65, 0.0)	(70, 0.0)	(75, 0.0)	(80, 0.0)	(85, 0.0)	(90, 0.0)	(95, 0.0)	(100, 0.0)	(105, 0.0)	(110, 0.0)	(115, 0.0)	(120, 0.0)	(125, 0.0)	(130, 0.0)	(135, 0.0)	(140, 0.0)	(145, 0.0)	(150, 0.0)
SRR15652295_1	(1, 0.0)	(2, 0.0)	(3, 0.0)	(4, 0.0)	(5, 0.0)	(6, 0.0)	(7, 0.0)	(8, 0.0)	(9, 0.0)	(10, 0.0)	(15, 0.0)	(20, 0.0)	(25, 0.0)	(30, 0.0)	(35, 0.0)	(40, 0.0)	(45, 0.0)	(50, 0.0)	(55, 0.0)	(60, 0.0)	(65, 0.0)	(70, 0.0)	(75, 0.0)	(80, 0.0)	(85, 0.0)	(90, 0.0)	(95, 0.0)	(100, 0.0)	(105, 0.0)	(110, 0.0)	(115, 0.0)	(120, 0.0)	(125, 0.0)	(130, 0.0)	(135, 0.0)	(140, 0.0)	(145, 0.0)	(150, 0.0)
SRR15652295_2	(1, 0.0)	(2, 0.0)	(3, 0.0)	(4, 0.0)	(5, 0.0)	(6, 0.0)	(7, 0.0)	(8, 0.0)	(9, 0.0)	(10, 0.0)	(15, 0.0)	(20, 0.0)	(25, 0.0)	(30, 0.0)	(35, 0.0)	(40, 0.0)	(45, 0.0)	(50, 0.0)	(55, 0.0)	(60, 0.0)	(65, 0.0)	(70, 0.0)	(75, 0.0)	(80, 0.0)	(85, 0.0)	(90, 0.0)	(95, 0.0)	(100, 0.0)	(105, 0.0)	(110, 0.0)	(115, 0.0)	(120, 0.0)	(125, 0.0)	(130, 0.0)	(135, 0.0)	(140, 0.0)	(145, 0.0)	(150, 0.0)
SRR15652296_1	(1, 0.0010919527091778783)	(2, 0.10019255289823495)	(3, 0.0)	(4, 0.0004320676187394482)	(5, 0.009833466213765534)	(6, 0.0)	(7, 0.0)	(8, 0.0)	(9, 0.0)	(10, 0.0007572966990269601)	(15, 0.0090545661338016)	(20, 0.00021446265439248978)	(25, 2.317453591420677e-05)	(30, 3.063752205606996e-05)	(35, 3.142309954468714e-06)	(40, 0.0)	(45, 0.0)	(50, 0.0)	(55, 0.0)	(60, 0.0024160435662421327)	(65, 0.0)	(70, 2.317453591420677e-05)	(75, 0.0)	(80, 0.0)	(85, 0.0)	(90, 0.0)	(95, 0.0)	(100, 2.356732465851536e-06)	(105, 0.042990335275830786)	(110, 0.0)	(115, 0.0)	(120, 0.0)	(125, 0.0)	(130, 0.0)	(135, 4.477791685117918e-05)	(140, 0.0)	(145, 1.2569239817874856e-05)	(150, 0.0)
SRR15652296_2	(1, 0.0477788228576968)	(2, 0.0)	(3, 0.00031815888288995735)	(4, 0.0)	(5, 3.338704326623009e-05)	(6, 0.0)	(7, 2.5531268380058306e-05)	(8, 0.0)	(9, 0.0)	(10, 2.238895842558959e-05)	(15, 0.0)	(20, 0.0)	(25, 0.0)	(30, 0.0)	(35, 2.749521210160125e-06)	(40, 8.209284756049516e-05)	(45, 7.855774886171785e-07)	(50, 0.0)	(55, 0.0)	(60, 0.0)	(65, 9.819718607714733e-06)	(70, 0.0)	(75, 0.0)	(80, 3.9278874430858925e-07)	(85, 0.0)	(90, 1.767549349388652e-05)	(95, 0.0)	(100, 0.0)	(105, 0.0)	(110, 0.0)	(115, 0.0)	(120, 0.0)	(125, 0.0)	(130, 7.855774886171785e-07)	(135, 0.0)	(140, 2.749521210160125e-06)	(145, 0.0)	(150, 0.0)
SRR15652297_1	(1, 0.0)	(2, 0.0)	(3, 0.0)	(4, 0.0)	(5, 0.0)	(6, 0.0)	(7, 0.0)	(8, 0.0)	(9, 0.0)	(10, 0.0)	(15, 0.0)	(20, 0.0)	(25, 0.0)	(30, 0.0)	(35, 0.0)	(40, 0.0)	(45, 0.0)	(50, 0.0)	(55, 0.0)	(60, 0.0)	(65, 0.0)	(70, 0.0)	(75, 0.0)	(80, 0.0)	(85, 0.0)	(90, 0.0)	(95, 0.0)	(100, 0.0)	(105, 0.0)	(110, 0.0)	(115, 0.0)	(120, 0.0)	(125, 0.0)	(130, 0.0)	(135, 0.0)	(140, 0.0)	(145, 0.0)	(150, 0.0)
SRR15652297_2	(1, 0.0)	(2, 0.0)	(3, 0.0)	(4, 0.0)	(5, 0.0)	(6, 0.0)	(7, 0.0)	(8, 0.0)	(9, 0.0)	(10, 0.0)	(15, 0.0)	(20, 0.0)	(25, 0.0)	(30, 0.0)	(35, 0.0)	(40, 0.0)	(45, 0.0)	(50, 0.0)	(55, 0.0)	(60, 0.0)	(65, 0.0)	(70, 0.0)	(75, 0.0)	(80, 0.0)	(85, 0.0)	(90, 0.0)	(95, 0.0)	(100, 0.0)	(105, 0.0)	(110, 0.0)	(115, 0.0)	(120, 0.0)	(125, 0.0)	(130, 0.0)	(135, 0.0)	(140, 0.0)	(145, 0.0)	(150, 0.0)
SRR15652298_1	(1, 0.0)	(2, 0.0)	(3, 0.0)	(4, 0.0)	(5, 0.0)	(6, 0.0)	(7, 0.0)	(8, 0.0)	(9, 0.0)	(10, 0.0)	(15, 0.0)	(20, 0.0)	(25, 0.0)	(30, 0.0)	(35, 0.0)	(40, 0.0)	(45, 0.0)	(50, 0.0)	(55, 0.0)	(60, 0.0)	(65, 0.0)	(70, 0.0)	(75, 0.0)	(80, 0.0)	(85, 0.0)	(90, 0.0)	(95, 0.0)	(100, 0.0)	(105, 0.0)	(110, 0.0)	(115, 0.0)	(120, 0.0)	(125, 0.0)	(130, 0.0)	(135, 0.0)	(140, 0.0)	(145, 0.0)	(150, 0.0)
SRR15652298_2	(1, 0.0)	(2, 0.0)	(3, 0.0)	(4, 0.0)	(5, 0.0)	(6, 0.0)	(7, 0.0)	(8, 0.0)	(9, 0.0)	(10, 0.0)	(15, 0.0)	(20, 0.0)	(25, 0.0)	(30, 0.0)	(35, 0.0)	(40, 0.0)	(45, 0.0)	(50, 0.0)	(55, 0.0)	(60, 0.0)	(65, 0.0)	(70, 0.0)	(75, 0.0)	(80, 0.0)	(85, 0.0)	(90, 0.0)	(95, 0.0)	(100, 0.0)	(105, 0.0)	(110, 0.0)	(115, 0.0)	(120, 0.0)	(125, 0.0)	(130, 0.0)	(135, 0.0)	(140, 0.0)	(145, 0.0)	(150, 0.0)
