Sample	fastqc-percent_duplicates	fastqc-percent_gc	fastqc-avg_sequence_length	fastqc-median_sequence_length	fastqc-percent_fails	fastqc-total_sequences
SRR15652275_1	84.1400867954133	50.0	150.0	150	36.36363636363637	24.126208
SRR15652275_2	79.34359254992721	52.0	150.0	150	27.27272727272727	24.126208
SRR15652276_1	88.94911016720548	50.0	150.0	150	36.36363636363637	20.169038
SRR15652276_2	84.48736835825788	52.0	150.0	150	27.27272727272727	20.169038
SRR15652277_1	92.68668810698323	51.0	150.0	150	27.27272727272727	19.036493
SRR15652277_2	89.57545612234443	51.0	150.0	150	27.27272727272727	19.036493
SRR15652278_1	86.76126431513774	50.0	150.0	150	36.36363636363637	35.74413
SRR15652278_2	81.27606760048977	51.0	150.0	150	27.27272727272727	35.74413
SRR15652279_1	82.93123474101232	50.0	150.0	150	45.45454545454545	23.73103
SRR15652279_2	83.79289558743672	50.0	150.0	150	36.36363636363637	23.73103
SRR15652280_1	89.01864810380339	50.0	150.0	150	27.27272727272727	21.259567
SRR15652280_2	87.26539994316431	51.0	150.0	150	27.27272727272727	21.259567
SRR15652281_1	93.6946682908345	50.0	150.0	150	36.36363636363637	26.381425
SRR15652281_2	92.72506804778689	51.0	150.0	150	36.36363636363637	26.381425
SRR15652282_1	80.1933384971631	50.0	150.0	150	45.45454545454545	30.924851
SRR15652282_2	78.41540296707457	50.0	150.0	150	27.27272727272727	30.924851
SRR15652283_1	85.95661230376794	50.0	150.0	150	45.45454545454545	22.373511999999998
SRR15652283_2	85.77529109523705	50.0	150.0	150	36.36363636363637	22.373511999999998
SRR15652284_1	73.593715987456	51.0	150.0	150	27.27272727272727	19.705123999999998
SRR15652284_2	71.56677426974275	51.0	150.0	150	18.181818181818183	19.705123999999998
SRR15652285_1	60.19525420560311	49.0	150.0	150	18.181818181818183	27.377532
SRR15652285_2	59.722706547165714	49.0	150.0	150	18.181818181818183	27.377532
SRR15652286_1	45.82304023226268	47.0	150.0	150	9.090909090909092	32.117632
SRR15652286_2	45.22489342434965	48.0	150.0	150	9.090909090909092	32.117632
SRR15652287_1	75.25555707194412	48.0	150.0	150	18.181818181818183	24.482649
SRR15652287_2	75.04781756220005	48.0	150.0	150	18.181818181818183	24.482649
SRR15652288_1	53.28405918566471	49.0	150.0	150	18.181818181818183	23.387611
SRR15652288_2	53.14523360442621	49.0	150.0	150	18.181818181818183	23.387611
SRR15652289_1	57.113087359929736	48.0	150.0	150	18.181818181818183	43.562551
SRR15652289_2	53.929799429858186	48.0	150.0	150	18.181818181818183	43.562551
SRR15652290_1	54.47971846312616	47.0	150.0	150	18.181818181818183	27.812033999999997
SRR15652290_2	54.09605800558262	48.0	150.0	150	18.181818181818183	27.812033999999997
SRR15652291_1	41.17963372905652	44.0	150.0	150	9.090909090909092	25.889035
SRR15652291_2	40.045163371202676	45.0	150.0	150	9.090909090909092	25.889035
SRR15652292_1	38.75359601927679	45.0	150.0	150	9.090909090909092	26.156986
SRR15652292_2	37.881432912781854	45.0	150.0	150	18.181818181818183	26.156986
SRR15652293_1	42.01852670686118	45.0	150.0	150	9.090909090909092	30.225085999999997
SRR15652293_2	41.18446051197671	45.0	150.0	150	18.181818181818183	30.225085999999997
SRR15652294_1	40.618173614253806	45.0	150.0	150	9.090909090909092	25.846556999999997
SRR15652294_2	39.71928152370619	45.0	150.0	150	18.181818181818183	25.846556999999997
SRR15652295_1	66.76769101612267	47.0	150.0	150	18.181818181818183	31.469956999999997
SRR15652295_2	66.17842405000326	47.0	150.0	150	18.181818181818183	31.469956999999997
SRR15652296_1	47.01856807880843	51.0	150.0	150	9.090909090909092	50.917956
SRR15652296_2	45.456996866425335	51.0	150.0	150	9.090909090909092	50.917956
SRR15652297_1	37.11669668346228	44.0	150.0	150	9.090909090909092	25.919373999999998
SRR15652297_2	35.71892817056552	44.0	150.0	150	18.181818181818183	25.919373999999998
SRR15652298_1	67.3927726898847	53.0	150.0	150	18.181818181818183	30.374655999999998
SRR15652298_2	67.0968226687615	54.0	150.0	150	18.181818181818183	30.374655999999998
