Sample	0	1	2	3	4	5	6	7	8	9	10	11	12	13	14	15	16	17	18	19	20	21	22	23	24	25	26	27	28	29	30	31	32	33
SRR29999095_1	(34, 67432.0)	(36, 769.0)	(38, 956.0)	(40, 1176.0)	(42, 1561.0)	(44, 1856.0)	(46, 2257.0)	(48, 2695.0)	(50, 3350.0)	(52, 4180.0)	(54, 5359.0)	(56, 6439.0)	(58, 8117.0)	(60, 9950.0)	(62, 12257.0)	(64, 15494.0)	(66, 19811.0)	(68, 23227.0)	(70, 28648.0)	(72, 36527.0)	(74, 44050.0)	(76, 56803.0)	(78, 69084.0)	(80, 86565.0)	(82, 104513.0)	(84, 124062.0)	(86, 151520.0)	(88, 172908.0)	(90, 212295.0)	(92, 253146.0)	(94, 291975.0)	(96, 475771.0)	(98, 3706910.0)	(100, 33807243.0)
SRR29999095_2	(34, 6104.0)	(36, 752.0)	(38, 943.0)	(40, 1176.0)	(42, 1532.0)	(44, 1846.0)	(46, 2236.0)	(48, 2664.0)	(50, 3337.0)	(52, 4144.0)	(54, 5299.0)	(56, 6378.0)	(58, 8053.0)	(60, 9879.0)	(62, 12184.0)	(64, 15350.0)	(66, 19646.0)	(68, 23056.0)	(70, 28469.0)	(72, 36185.0)	(74, 43710.0)	(76, 56305.0)	(78, 68618.0)	(80, 85890.0)	(82, 103671.0)	(84, 123050.0)	(86, 150562.0)	(88, 172216.0)	(90, 212013.0)	(92, 251982.0)	(94, 289847.0)	(96, 466910.0)	(98, 3604985.0)	(100, 33989914.0)
SRR29999096_1	(34, 63935.0)	(36, 684.0)	(38, 790.0)	(40, 986.0)	(42, 1208.0)	(44, 1458.0)	(46, 1773.0)	(48, 2086.0)	(50, 2443.0)	(52, 3311.0)	(54, 3845.0)	(56, 4652.0)	(58, 5828.0)	(60, 7283.0)	(62, 8563.0)	(64, 10435.0)	(66, 13036.0)	(68, 15415.0)	(70, 18571.0)	(72, 23044.0)	(74, 27952.0)	(76, 34821.0)	(78, 42232.0)	(80, 52422.0)	(82, 62481.0)	(84, 75394.0)	(86, 91034.0)	(88, 107312.0)	(90, 132668.0)	(92, 157603.0)	(94, 191600.0)	(96, 380014.0)	(98, 3717281.0)	(100, 33973996.0)
SRR29999096_2	(34, 5743.0)	(36, 671.0)	(38, 773.0)	(40, 982.0)	(42, 1205.0)	(44, 1452.0)	(46, 1766.0)	(48, 2064.0)	(50, 2426.0)	(52, 3295.0)	(54, 3828.0)	(56, 4606.0)	(58, 5789.0)	(60, 7246.0)	(62, 8505.0)	(64, 10371.0)	(66, 12960.0)	(68, 15313.0)	(70, 18424.0)	(72, 22785.0)	(74, 27650.0)	(76, 34447.0)	(78, 41878.0)	(80, 51942.0)	(82, 61834.0)	(84, 74737.0)	(86, 90449.0)	(88, 106913.0)	(90, 132812.0)	(92, 156982.0)	(94, 188981.0)	(96, 370711.0)	(98, 3598114.0)	(100, 34168502.0)
SRR29999097_1	(34, 49432.0)	(36, 702.0)	(38, 894.0)	(40, 1168.0)	(42, 1439.0)	(44, 1681.0)	(46, 2055.0)	(48, 2542.0)	(50, 3069.0)	(52, 3963.0)	(54, 4822.0)	(56, 5809.0)	(58, 7440.0)	(60, 8551.0)	(62, 10674.0)	(64, 13314.0)	(66, 16630.0)	(68, 20107.0)	(70, 24901.0)	(72, 31348.0)	(74, 38679.0)	(76, 48363.0)	(78, 60511.0)	(80, 76543.0)	(82, 91226.0)	(84, 111459.0)	(86, 133758.0)	(88, 155708.0)	(90, 191013.0)	(92, 223458.0)	(94, 262723.0)	(96, 450159.0)	(98, 3556325.0)	(100, 31622500.0)
SRR29999097_2	(34, 4839.0)	(36, 697.0)	(38, 864.0)	(40, 1144.0)	(42, 1424.0)	(44, 1661.0)	(46, 2021.0)	(48, 2504.0)	(50, 3015.0)	(52, 3937.0)	(54, 4791.0)	(56, 5751.0)	(58, 7388.0)	(60, 8465.0)	(62, 10569.0)	(64, 13159.0)	(66, 16428.0)	(68, 19916.0)	(70, 24725.0)	(72, 31036.0)	(74, 38366.0)	(76, 48033.0)	(78, 60115.0)	(80, 76067.0)	(82, 90408.0)	(84, 110757.0)	(86, 133103.0)	(88, 155321.0)	(90, 191025.0)	(92, 223458.0)	(94, 260799.0)	(96, 440888.0)	(98, 3464644.0)	(100, 31775648.0)
SRR29999098_1	(34, 48964.0)	(36, 612.0)	(38, 726.0)	(40, 905.0)	(42, 1137.0)	(44, 1401.0)	(46, 1696.0)	(48, 2111.0)	(50, 2624.0)	(52, 3319.0)	(54, 4238.0)	(56, 5189.0)	(58, 6937.0)	(60, 8648.0)	(62, 10859.0)	(64, 14111.0)	(66, 18474.0)	(68, 23251.0)	(70, 29648.0)	(72, 38048.0)	(74, 48490.0)	(76, 61966.0)	(78, 77240.0)	(80, 96135.0)	(82, 115444.0)	(84, 138231.0)	(86, 164050.0)	(88, 187058.0)	(90, 221505.0)	(92, 248913.0)	(94, 282062.0)	(96, 460731.0)	(98, 3438912.0)	(100, 30161792.0)
SRR29999098_2	(34, 4775.0)	(36, 587.0)	(38, 732.0)	(40, 899.0)	(42, 1117.0)	(44, 1404.0)	(46, 1698.0)	(48, 2073.0)	(50, 2587.0)	(52, 3297.0)	(54, 4168.0)	(56, 5150.0)	(58, 6916.0)	(60, 8579.0)	(62, 10730.0)	(64, 14004.0)	(66, 18325.0)	(68, 23071.0)	(70, 29429.0)	(72, 37614.0)	(74, 48036.0)	(76, 61388.0)	(78, 76688.0)	(80, 95349.0)	(82, 114541.0)	(84, 137166.0)	(86, 163094.0)	(88, 186172.0)	(90, 221103.0)	(92, 250731.0)	(94, 281226.0)	(96, 452784.0)	(98, 3337784.0)	(100, 30322210.0)
SRR29999099_1	(34, 60643.0)	(36, 978.0)	(38, 1374.0)	(40, 1725.0)	(42, 2185.0)	(44, 2643.0)	(46, 3354.0)	(48, 3945.0)	(50, 4618.0)	(52, 5934.0)	(54, 7361.0)	(56, 8461.0)	(58, 10787.0)	(60, 12559.0)	(62, 14929.0)	(64, 18042.0)	(66, 22013.0)	(68, 25677.0)	(70, 30363.0)	(72, 36194.0)	(74, 42736.0)	(76, 51854.0)	(78, 62840.0)	(80, 75810.0)	(82, 88414.0)	(84, 103959.0)	(86, 123288.0)	(88, 139467.0)	(90, 170588.0)	(92, 199547.0)	(94, 236089.0)	(96, 405378.0)	(98, 3428553.0)	(100, 30800655.0)
SRR29999099_2	(34, 5980.0)	(36, 973.0)	(38, 1341.0)	(40, 1693.0)	(42, 2132.0)	(44, 2632.0)	(46, 3329.0)	(48, 3902.0)	(50, 4588.0)	(52, 5875.0)	(54, 7263.0)	(56, 8381.0)	(58, 10727.0)	(60, 12407.0)	(62, 14768.0)	(64, 17828.0)	(66, 21753.0)	(68, 25367.0)	(70, 30152.0)	(72, 35669.0)	(74, 42069.0)	(76, 51350.0)	(78, 62217.0)	(80, 75218.0)	(82, 87603.0)	(84, 103415.0)	(86, 122597.0)	(88, 138951.0)	(90, 170551.0)	(92, 198207.0)	(94, 233617.0)	(96, 401834.0)	(98, 3271533.0)	(100, 31027041.0)
SRR29999100_1	(34, 55749.0)	(36, 1094.0)	(38, 1243.0)	(40, 1662.0)	(42, 1978.0)	(44, 2507.0)	(46, 3060.0)	(48, 3576.0)	(50, 3986.0)	(52, 4723.0)	(54, 5799.0)	(56, 6529.0)	(58, 8215.0)	(60, 8900.0)	(62, 10172.0)	(64, 12173.0)	(66, 14643.0)	(68, 17613.0)	(70, 19614.0)	(72, 24052.0)	(74, 27727.0)	(76, 33793.0)	(78, 40643.0)	(80, 50579.0)	(82, 59312.0)	(84, 70617.0)	(86, 84817.0)	(88, 97620.0)	(90, 121146.0)	(92, 144342.0)	(94, 171635.0)	(96, 336486.0)	(98, 3356239.0)	(100, 30680539.0)
SRR29999100_2	(34, 6219.0)	(36, 1110.0)	(38, 1243.0)	(40, 1669.0)	(42, 1992.0)	(44, 2528.0)	(46, 3088.0)	(48, 3571.0)	(50, 4008.0)	(52, 4724.0)	(54, 5771.0)	(56, 6520.0)	(58, 8247.0)	(60, 8921.0)	(62, 10185.0)	(64, 12144.0)	(66, 14608.0)	(68, 17606.0)	(70, 19553.0)	(72, 23986.0)	(74, 27573.0)	(76, 33609.0)	(78, 40536.0)	(80, 50341.0)	(82, 59080.0)	(84, 70183.0)	(86, 84477.0)	(88, 97382.0)	(90, 121480.0)	(92, 144400.0)	(94, 170384.0)	(96, 334690.0)	(98, 3189749.0)	(100, 30901206.0)
SRR29999101_1	(34, 72036.0)	(36, 505.0)	(38, 726.0)	(40, 794.0)	(42, 1048.0)	(44, 1183.0)	(46, 1479.0)	(48, 1849.0)	(50, 2248.0)	(52, 2946.0)	(54, 3649.0)	(56, 4496.0)	(58, 5793.0)	(60, 7225.0)	(62, 8695.0)	(64, 11211.0)	(66, 14126.0)	(68, 16839.0)	(70, 20617.0)	(72, 25517.0)	(74, 30929.0)	(76, 38246.0)	(78, 45718.0)	(80, 56381.0)	(82, 67249.0)	(84, 79555.0)	(86, 94754.0)	(88, 109996.0)	(90, 132846.0)	(92, 155643.0)	(94, 187668.0)	(96, 370303.0)	(98, 3540805.0)	(100, 32306035.0)
SRR29999101_2	(34, 5910.0)	(36, 507.0)	(38, 710.0)	(40, 809.0)	(42, 1033.0)	(44, 1206.0)	(46, 1489.0)	(48, 1846.0)	(50, 2229.0)	(52, 2921.0)	(54, 3630.0)	(56, 4510.0)	(58, 5789.0)	(60, 7240.0)	(62, 8658.0)	(64, 11176.0)	(66, 14039.0)	(68, 16749.0)	(70, 20534.0)	(72, 25300.0)	(74, 30807.0)	(76, 38003.0)	(78, 45390.0)	(80, 56020.0)	(82, 66747.0)	(84, 79020.0)	(86, 94306.0)	(88, 109659.0)	(90, 133090.0)	(92, 155501.0)	(94, 185012.0)	(96, 362980.0)	(98, 3479331.0)	(100, 32446959.0)
SRR29999102_1	(34, 84796.0)	(36, 1869.0)	(38, 2391.0)	(40, 3199.0)	(42, 4156.0)	(44, 5248.0)	(46, 6442.0)	(48, 8221.0)	(50, 9996.0)	(52, 12554.0)	(54, 15966.0)	(56, 18874.0)	(58, 22448.0)	(60, 26538.0)	(62, 32107.0)	(64, 37512.0)	(66, 44205.0)	(68, 48209.0)	(70, 55296.0)	(72, 63912.0)	(74, 72511.0)	(76, 82633.0)	(78, 92486.0)	(80, 104334.0)	(82, 114884.0)	(84, 129114.0)	(86, 143126.0)	(88, 158356.0)	(90, 184765.0)	(92, 213746.0)	(94, 246143.0)	(96, 425788.0)	(98, 3658170.0)	(100, 33436720.0)
SRR29999102_2	(34, 11071.0)	(36, 1860.0)	(38, 2389.0)	(40, 3215.0)	(42, 4158.0)	(44, 5273.0)	(46, 6415.0)	(48, 8234.0)	(50, 10022.0)	(52, 12586.0)	(54, 15998.0)	(56, 18899.0)	(58, 22455.0)	(60, 26528.0)	(62, 32089.0)	(64, 37468.0)	(66, 44158.0)	(68, 48108.0)	(70, 55238.0)	(72, 63576.0)	(74, 72097.0)	(76, 82156.0)	(78, 92238.0)	(80, 103814.0)	(82, 114115.0)	(84, 128600.0)	(86, 142638.0)	(88, 158201.0)	(90, 185223.0)	(92, 213315.0)	(94, 245938.0)	(96, 424310.0)	(98, 3620464.0)	(100, 33553866.0)
SRR29999103_1	(34, 98167.0)	(36, 1164.0)	(38, 1375.0)	(40, 1752.0)	(42, 2188.0)	(44, 2781.0)	(46, 3231.0)	(48, 3622.0)	(50, 4473.0)	(52, 5404.0)	(54, 6767.0)	(56, 8061.0)	(58, 10345.0)	(60, 12816.0)	(62, 15627.0)	(64, 19842.0)	(66, 24698.0)	(68, 28790.0)	(70, 35548.0)	(72, 43928.0)	(74, 53423.0)	(76, 66579.0)	(78, 78934.0)	(80, 96738.0)	(82, 113322.0)	(84, 133470.0)	(86, 159684.0)	(88, 178249.0)	(90, 217462.0)	(92, 254716.0)	(94, 293337.0)	(96, 471468.0)	(98, 3729527.0)	(100, 33830209.0)
SRR29999103_2	(34, 9486.0)	(36, 1145.0)	(38, 1376.0)	(40, 1774.0)	(42, 2188.0)	(44, 2783.0)	(46, 3231.0)	(48, 3626.0)	(50, 4447.0)	(52, 5408.0)	(54, 6767.0)	(56, 8015.0)	(58, 10340.0)	(60, 12735.0)	(62, 15581.0)	(64, 19774.0)	(66, 24609.0)	(68, 28715.0)	(70, 35430.0)	(72, 43589.0)	(74, 53059.0)	(76, 66101.0)	(78, 78461.0)	(80, 96162.0)	(82, 112445.0)	(84, 132781.0)	(86, 158919.0)	(88, 177698.0)	(90, 217317.0)	(92, 255190.0)	(94, 292912.0)	(96, 465263.0)	(98, 3593742.0)	(100, 34066628.0)
SRR29999104_1	(34, 27317.0)	(36, 444.0)	(38, 521.0)	(40, 653.0)	(42, 740.0)	(44, 918.0)	(46, 998.0)	(48, 1262.0)	(50, 1405.0)	(52, 1757.0)	(54, 2070.0)	(56, 2433.0)	(58, 2986.0)	(60, 3643.0)	(62, 4498.0)	(64, 5626.0)	(66, 6912.0)	(68, 7671.0)	(70, 9777.0)	(72, 11885.0)	(74, 14431.0)	(76, 19459.0)	(78, 23005.0)	(80, 28781.0)	(82, 33774.0)	(84, 39082.0)	(86, 48151.0)	(88, 53849.0)	(90, 69302.0)	(92, 84398.0)	(94, 100326.0)	(96, 248048.0)	(98, 3758534.0)	(100, 36157359.0)
SRR29999104_2	(34, 4028.0)	(36, 448.0)	(38, 516.0)	(40, 651.0)	(42, 744.0)	(44, 930.0)	(46, 1013.0)	(48, 1262.0)	(50, 1420.0)	(52, 1759.0)	(54, 2072.0)	(56, 2432.0)	(58, 3001.0)	(60, 3644.0)	(62, 4485.0)	(64, 5658.0)	(66, 6917.0)	(68, 7643.0)	(70, 9744.0)	(72, 11810.0)	(74, 14343.0)	(76, 19383.0)	(78, 22941.0)	(80, 28694.0)	(82, 33640.0)	(84, 38935.0)	(86, 47983.0)	(88, 53774.0)	(90, 70015.0)	(92, 85058.0)	(94, 101273.0)	(96, 266915.0)	(98, 3262882.0)	(100, 36656002.0)
SRR29999105_1	(34, 54811.0)	(36, 1146.0)	(38, 1393.0)	(40, 1872.0)	(42, 2486.0)	(44, 2965.0)	(46, 3515.0)	(48, 3993.0)	(50, 4489.0)	(52, 5660.0)	(54, 6931.0)	(56, 8260.0)	(58, 10321.0)	(60, 12098.0)	(62, 14654.0)	(64, 17600.0)	(66, 22124.0)	(68, 26308.0)	(70, 31792.0)	(72, 37949.0)	(74, 45828.0)	(76, 59046.0)	(78, 72627.0)	(80, 91965.0)	(82, 111040.0)	(84, 129103.0)	(86, 154123.0)	(88, 172528.0)	(90, 218437.0)	(92, 256014.0)	(94, 288147.0)	(96, 443441.0)	(98, 4169371.0)	(100, 36448420.0)
SRR29999105_2	(34, 5640.0)	(36, 1150.0)	(38, 1397.0)	(40, 1876.0)	(42, 2481.0)	(44, 2964.0)	(46, 3518.0)	(48, 3985.0)	(50, 4481.0)	(52, 5645.0)	(54, 6894.0)	(56, 8231.0)	(58, 10298.0)	(60, 12067.0)	(62, 14571.0)	(64, 17572.0)	(66, 22083.0)	(68, 26240.0)	(70, 31678.0)	(72, 37649.0)	(74, 45568.0)	(76, 58708.0)	(78, 72282.0)	(80, 91434.0)	(82, 110406.0)	(84, 128331.0)	(86, 153397.0)	(88, 171813.0)	(90, 217657.0)	(92, 255011.0)	(94, 286738.0)	(96, 435406.0)	(98, 3482397.0)	(100, 37200889.0)
SRR29999106_1	(34, 68239.0)	(36, 1883.0)	(38, 2012.0)	(40, 2436.0)	(42, 3205.0)	(44, 3783.0)	(46, 3676.0)	(48, 3193.0)	(50, 3233.0)	(52, 3978.0)	(54, 3835.0)	(56, 4240.0)	(58, 5177.0)	(60, 5747.0)	(62, 6982.0)	(64, 8847.0)	(66, 11104.0)	(68, 12900.0)	(70, 15673.0)	(72, 19692.0)	(74, 24459.0)	(76, 30693.0)	(78, 37311.0)	(80, 46775.0)	(82, 57530.0)	(84, 69291.0)	(86, 84409.0)	(88, 97696.0)	(90, 121709.0)	(92, 143104.0)	(94, 172288.0)	(96, 339299.0)	(98, 3813164.0)	(100, 34653430.0)
SRR29999106_2	(34, 11874.0)	(36, 1868.0)	(38, 2004.0)	(40, 2462.0)	(42, 3215.0)	(44, 3806.0)	(46, 3687.0)	(48, 3180.0)	(50, 3223.0)	(52, 3998.0)	(54, 3789.0)	(56, 4187.0)	(58, 5131.0)	(60, 5685.0)	(62, 6896.0)	(64, 8650.0)	(66, 10873.0)	(68, 12778.0)	(70, 15566.0)	(72, 19312.0)	(74, 23852.0)	(76, 30115.0)	(78, 37037.0)	(80, 46402.0)	(82, 57034.0)	(84, 68862.0)	(86, 83997.0)	(88, 97347.0)	(90, 121426.0)	(92, 142824.0)	(94, 170808.0)	(96, 339940.0)	(98, 3509257.0)	(100, 35019908.0)
SRR29999107_1	(34, 65992.0)	(36, 3819.0)	(38, 5049.0)	(40, 6937.0)	(42, 8690.0)	(44, 10877.0)	(46, 13828.0)	(48, 18027.0)	(50, 21048.0)	(52, 26469.0)	(54, 33912.0)	(56, 40080.0)	(58, 48258.0)	(60, 53927.0)	(62, 61788.0)	(64, 71084.0)	(66, 81046.0)	(68, 90555.0)	(70, 97768.0)	(72, 107887.0)	(74, 114744.0)	(76, 122329.0)	(78, 134694.0)	(80, 145939.0)	(82, 145340.0)	(84, 157016.0)	(86, 157308.0)	(88, 161686.0)	(90, 181718.0)	(92, 201746.0)	(94, 238156.0)	(96, 415446.0)	(98, 4068305.0)	(100, 38292704.0)
SRR29999107_2	(34, 11880.0)	(36, 3811.0)	(38, 5043.0)	(40, 6934.0)	(42, 8630.0)	(44, 10891.0)	(46, 13794.0)	(48, 18000.0)	(50, 21041.0)	(52, 26489.0)	(54, 33910.0)	(56, 40091.0)	(58, 48413.0)	(60, 54029.0)	(62, 61896.0)	(64, 71239.0)	(66, 81229.0)	(68, 90769.0)	(70, 97801.0)	(72, 107416.0)	(74, 114512.0)	(76, 121696.0)	(78, 134136.0)	(80, 145094.0)	(82, 145095.0)	(84, 156434.0)	(86, 157180.0)	(88, 161674.0)	(90, 182300.0)	(92, 203798.0)	(94, 239319.0)	(96, 421516.0)	(98, 3947477.0)	(100, 38460635.0)
SRR29999108_1	(34, 55021.0)	(36, 852.0)	(38, 1006.0)	(40, 1281.0)	(42, 1564.0)	(44, 1795.0)	(46, 2318.0)	(48, 2725.0)	(50, 3246.0)	(52, 4074.0)	(54, 5094.0)	(56, 5946.0)	(58, 7191.0)	(60, 8688.0)	(62, 10408.0)	(64, 12571.0)	(66, 14525.0)	(68, 17030.0)	(70, 19362.0)	(72, 22477.0)	(74, 26662.0)	(76, 30347.0)	(78, 35341.0)	(80, 41258.0)	(82, 47055.0)	(84, 55651.0)	(86, 64464.0)	(88, 74143.0)	(90, 88992.0)	(92, 106016.0)	(94, 130180.0)	(96, 324012.0)	(98, 3899564.0)	(100, 36890501.0)
SRR29999108_2	(34, 6295.0)	(36, 875.0)	(38, 1005.0)	(40, 1299.0)	(42, 1555.0)	(44, 1823.0)	(46, 2333.0)	(48, 2736.0)	(50, 3251.0)	(52, 4106.0)	(54, 5089.0)	(56, 6011.0)	(58, 7234.0)	(60, 8748.0)	(62, 10478.0)	(64, 12643.0)	(66, 14590.0)	(68, 17136.0)	(70, 19428.0)	(72, 22535.0)	(74, 26731.0)	(76, 30329.0)	(78, 35314.0)	(80, 41157.0)	(82, 47040.0)	(84, 55604.0)	(86, 64431.0)	(88, 74195.0)	(90, 89443.0)	(92, 106894.0)	(94, 129444.0)	(96, 319527.0)	(98, 3813698.0)	(100, 37028383.0)
SRR29999109_1	(34, 122498.0)	(36, 4342.0)	(38, 5339.0)	(40, 6807.0)	(42, 8801.0)	(44, 11419.0)	(46, 13508.0)	(48, 14271.0)	(50, 16730.0)	(52, 20879.0)	(54, 25519.0)	(56, 29026.0)	(58, 35669.0)	(60, 40632.0)	(62, 46833.0)	(64, 55489.0)	(66, 64454.0)	(68, 72151.0)	(70, 77378.0)	(72, 86186.0)	(74, 93579.0)	(76, 101665.0)	(78, 113368.0)	(80, 121221.0)	(82, 125814.0)	(84, 138860.0)	(86, 143886.0)	(88, 153104.0)	(90, 172238.0)	(92, 193699.0)	(94, 224809.0)	(96, 407164.0)	(98, 4042842.0)	(100, 37212839.0)
SRR29999109_2	(34, 19717.0)	(36, 4342.0)	(38, 5339.0)	(40, 6902.0)	(42, 8863.0)	(44, 11525.0)	(46, 13582.0)	(48, 14360.0)	(50, 16842.0)	(52, 20982.0)	(54, 25620.0)	(56, 29180.0)	(58, 35959.0)	(60, 40943.0)	(62, 47141.0)	(64, 55835.0)	(66, 64701.0)	(68, 72458.0)	(70, 77895.0)	(72, 86029.0)	(74, 93312.0)	(76, 101203.0)	(78, 113249.0)	(80, 120941.0)	(82, 125721.0)	(84, 138566.0)	(86, 143979.0)	(88, 153267.0)	(90, 172982.0)	(92, 194587.0)	(94, 225536.0)	(96, 402753.0)	(98, 3789428.0)	(100, 37569280.0)
SRR29999110_1	(34, 71281.0)	(36, 2290.0)	(38, 2592.0)	(40, 3144.0)	(42, 4041.0)	(44, 5267.0)	(46, 5620.0)	(48, 5451.0)	(50, 5806.0)	(52, 7298.0)	(54, 8090.0)	(56, 9315.0)	(58, 11551.0)	(60, 13649.0)	(62, 15454.0)	(64, 19161.0)	(66, 23501.0)	(68, 28072.0)	(70, 29692.0)	(72, 36057.0)	(74, 41384.0)	(76, 49213.0)	(78, 57844.0)	(80, 68681.0)	(82, 79060.0)	(84, 91121.0)	(86, 105520.0)	(88, 117215.0)	(90, 145066.0)	(92, 168153.0)	(94, 196324.0)	(96, 364710.0)	(98, 4164477.0)	(100, 38301335.0)
SRR29999110_2	(34, 11595.0)	(36, 2278.0)	(38, 2583.0)	(40, 3164.0)	(42, 4053.0)	(44, 5284.0)	(46, 5646.0)	(48, 5453.0)	(50, 5792.0)	(52, 7338.0)	(54, 8080.0)	(56, 9292.0)	(58, 11574.0)	(60, 13616.0)	(62, 15383.0)	(64, 19093.0)	(66, 23388.0)	(68, 28061.0)	(70, 29656.0)	(72, 35705.0)	(74, 41060.0)	(76, 48979.0)	(78, 57633.0)	(80, 68372.0)	(82, 78806.0)	(84, 90808.0)	(86, 105328.0)	(88, 117131.0)	(90, 145157.0)	(92, 168844.0)	(94, 196852.0)	(96, 353918.0)	(98, 3665848.0)	(100, 38871665.0)
SRR29999111_1	(34, 111002.0)	(36, 8681.0)	(38, 9757.0)	(40, 11937.0)	(42, 15812.0)	(44, 20667.0)	(46, 21907.0)	(48, 16996.0)	(50, 17180.0)	(52, 20638.0)	(54, 19689.0)	(56, 20582.0)	(58, 24153.0)	(60, 25309.0)	(62, 29033.0)	(64, 36166.0)	(66, 44264.0)	(68, 46309.0)	(70, 50964.0)	(72, 59657.0)	(74, 69424.0)	(76, 77556.0)	(78, 81355.0)	(80, 92913.0)	(82, 104960.0)	(84, 116931.0)	(86, 129779.0)	(88, 145182.0)	(90, 163028.0)	(92, 186818.0)	(94, 217560.0)	(96, 367380.0)	(98, 3707049.0)	(100, 32863890.0)
SRR29999111_2	(34, 36633.0)	(36, 8695.0)	(38, 9816.0)	(40, 12126.0)	(42, 15984.0)	(44, 20820.0)	(46, 21949.0)	(48, 17086.0)	(50, 17345.0)	(52, 20851.0)	(54, 19778.0)	(56, 20520.0)	(58, 24252.0)	(60, 25088.0)	(62, 28638.0)	(64, 35175.0)	(66, 43043.0)	(68, 46152.0)	(70, 50581.0)	(72, 57120.0)	(74, 64965.0)	(76, 71867.0)	(78, 80272.0)	(80, 91453.0)	(82, 103425.0)	(84, 116238.0)	(86, 129379.0)	(88, 144883.0)	(90, 162950.0)	(92, 187421.0)	(94, 217054.0)	(96, 353592.0)	(98, 3184369.0)	(100, 33495008.0)
SRR29999112_1	(34, 105108.0)	(36, 3015.0)	(38, 3658.0)	(40, 4423.0)	(42, 5585.0)	(44, 7081.0)	(46, 7779.0)	(48, 7922.0)	(50, 9186.0)	(52, 11420.0)	(54, 13153.0)	(56, 14997.0)	(58, 18503.0)	(60, 21389.0)	(62, 24026.0)	(64, 29352.0)	(66, 35560.0)	(68, 41529.0)	(70, 44654.0)	(72, 53298.0)	(74, 60036.0)	(76, 69353.0)	(78, 80267.0)	(80, 93330.0)	(82, 103275.0)	(84, 119328.0)	(86, 135241.0)	(88, 149913.0)	(90, 177309.0)	(92, 203243.0)	(94, 234825.0)	(96, 407730.0)	(98, 3536213.0)	(100, 31783357.0)
SRR29999112_2	(34, 15598.0)	(36, 3017.0)	(38, 3656.0)	(40, 4476.0)	(42, 5627.0)	(44, 7107.0)	(46, 7816.0)	(48, 7973.0)	(50, 9202.0)	(52, 11447.0)	(54, 13172.0)	(56, 14978.0)	(58, 18629.0)	(60, 21360.0)	(62, 24033.0)	(64, 29311.0)	(66, 35449.0)	(68, 41505.0)	(70, 44650.0)	(72, 52775.0)	(74, 59766.0)	(76, 68821.0)	(78, 79955.0)	(80, 92867.0)	(82, 102691.0)	(84, 118714.0)	(86, 134957.0)	(88, 149739.0)	(90, 177617.0)	(92, 204539.0)	(94, 236172.0)	(96, 405355.0)	(98, 3379980.0)	(100, 32032104.0)
SRR29999113_1	(34, 22175.0)	(36, 240.0)	(38, 265.0)	(40, 337.0)	(42, 430.0)	(44, 535.0)	(46, 633.0)	(48, 725.0)	(50, 950.0)	(52, 1150.0)	(54, 1592.0)	(56, 1941.0)	(58, 2405.0)	(60, 3325.0)	(62, 4320.0)	(64, 5447.0)	(66, 7258.0)	(68, 8904.0)	(70, 11564.0)	(72, 14775.0)	(74, 18870.0)	(76, 23884.0)	(78, 29458.0)	(80, 37140.0)	(82, 45913.0)	(84, 56864.0)	(86, 68960.0)	(88, 83066.0)	(90, 103031.0)	(92, 122016.0)	(94, 150950.0)	(96, 353933.0)	(98, 3790200.0)	(100, 34457890.0)
SRR29999113_2	(34, 4071.0)	(36, 248.0)	(38, 267.0)	(40, 353.0)	(42, 428.0)	(44, 536.0)	(46, 645.0)	(48, 735.0)	(50, 966.0)	(52, 1139.0)	(54, 1611.0)	(56, 1945.0)	(58, 2396.0)	(60, 3317.0)	(62, 4314.0)	(64, 5449.0)	(66, 7254.0)	(68, 8882.0)	(70, 11545.0)	(72, 14719.0)	(74, 18809.0)	(76, 23759.0)	(78, 29379.0)	(80, 36979.0)	(82, 45767.0)	(84, 56694.0)	(86, 68797.0)	(88, 82957.0)	(90, 103419.0)	(92, 121709.0)	(94, 148330.0)	(96, 355989.0)	(98, 3709213.0)	(100, 34558525.0)
SRR29999114_1	(34, 40264.0)	(36, 1936.0)	(38, 2300.0)	(40, 2654.0)	(42, 3395.0)	(44, 4262.0)	(46, 4457.0)	(48, 4366.0)	(50, 4906.0)	(52, 5907.0)	(54, 6600.0)	(56, 7512.0)	(58, 9174.0)	(60, 10740.0)	(62, 12653.0)	(64, 16151.0)	(66, 20111.0)	(68, 24151.0)	(70, 27270.0)	(72, 34170.0)	(74, 41526.0)	(76, 50194.0)	(78, 58050.0)	(80, 73093.0)	(82, 86208.0)	(84, 98201.0)	(86, 116829.0)	(88, 135254.0)	(90, 163602.0)	(92, 193896.0)	(94, 230509.0)	(96, 446905.0)	(98, 4390097.0)	(100, 39523145.0)
SRR29999114_2	(34, 9767.0)	(36, 1919.0)	(38, 2311.0)	(40, 2696.0)	(42, 3403.0)	(44, 4253.0)	(46, 4440.0)	(48, 4387.0)	(50, 4919.0)	(52, 6036.0)	(54, 6570.0)	(56, 7549.0)	(58, 9220.0)	(60, 10703.0)	(62, 12591.0)	(64, 15976.0)	(66, 19906.0)	(68, 24111.0)	(70, 27206.0)	(72, 33827.0)	(74, 40911.0)	(76, 49629.0)	(78, 57808.0)	(80, 72659.0)	(82, 85702.0)	(84, 97622.0)	(86, 116530.0)	(88, 135678.0)	(90, 164304.0)	(92, 193902.0)	(94, 228108.0)	(96, 449090.0)	(98, 4197273.0)	(100, 39749482.0)
SRR29999115_1	(34, 85932.0)	(36, 860.0)	(38, 833.0)	(40, 1033.0)	(42, 1336.0)	(44, 1728.0)	(46, 1855.0)	(48, 1680.0)	(50, 1820.0)	(52, 2241.0)	(54, 2550.0)	(56, 2703.0)	(58, 3505.0)	(60, 4270.0)	(62, 5224.0)	(64, 6588.0)	(66, 8293.0)	(68, 10120.0)	(70, 11737.0)	(72, 14528.0)	(74, 17788.0)	(76, 23604.0)	(78, 28632.0)	(80, 35724.0)	(82, 44486.0)	(84, 52787.0)	(86, 63075.0)	(88, 72249.0)	(90, 93793.0)	(92, 109944.0)	(94, 132220.0)	(96, 304367.0)	(98, 4872089.0)	(100, 45838813.0)
SRR29999115_2	(34, 7377.0)	(36, 861.0)	(38, 842.0)	(40, 1059.0)	(42, 1351.0)	(44, 1747.0)	(46, 1860.0)	(48, 1705.0)	(50, 1843.0)	(52, 2268.0)	(54, 2546.0)	(56, 2722.0)	(58, 3548.0)	(60, 4305.0)	(62, 5237.0)	(64, 6599.0)	(66, 8272.0)	(68, 10077.0)	(70, 11697.0)	(72, 14432.0)	(74, 17734.0)	(76, 23512.0)	(78, 28546.0)	(80, 35585.0)	(82, 44305.0)	(84, 52593.0)	(86, 62928.0)	(88, 72196.0)	(90, 93920.0)	(92, 109976.0)	(94, 132318.0)	(96, 294727.0)	(98, 4222169.0)	(100, 46577550.0)
SRR29999116_1	(34, 80089.0)	(36, 1222.0)	(38, 1384.0)	(40, 1603.0)	(42, 2193.0)	(44, 2767.0)	(46, 2953.0)	(48, 2603.0)	(50, 2753.0)	(52, 3201.0)	(54, 3351.0)	(56, 3835.0)	(58, 4674.0)	(60, 5534.0)	(62, 6319.0)	(64, 8143.0)	(66, 10233.0)	(68, 12011.0)	(70, 14075.0)	(72, 17334.0)	(74, 20846.0)	(76, 25634.0)	(78, 30330.0)	(80, 37024.0)	(82, 43515.0)	(84, 52009.0)	(86, 62779.0)	(88, 73354.0)	(90, 90409.0)	(92, 107160.0)	(94, 134352.0)	(96, 345674.0)	(98, 4338117.0)	(100, 40631546.0)
SRR29999116_2	(34, 8434.0)	(36, 1223.0)	(38, 1367.0)	(40, 1628.0)	(42, 2200.0)	(44, 2759.0)	(46, 2936.0)	(48, 2578.0)	(50, 2752.0)	(52, 3230.0)	(54, 3342.0)	(56, 3860.0)	(58, 4674.0)	(60, 5496.0)	(62, 6302.0)	(64, 8085.0)	(66, 10124.0)	(68, 12000.0)	(70, 14024.0)	(72, 17144.0)	(74, 20616.0)	(76, 25293.0)	(78, 30165.0)	(80, 36799.0)	(82, 43309.0)	(84, 51798.0)	(86, 62621.0)	(88, 73284.0)	(90, 91063.0)	(92, 107314.0)	(94, 133023.0)	(96, 348236.0)	(98, 4232709.0)	(100, 40808638.0)
SRR29999117_1	(34, 124148.0)	(36, 5809.0)	(38, 6876.0)	(40, 8159.0)	(42, 10717.0)	(44, 14020.0)	(46, 15146.0)	(48, 12892.0)	(50, 13346.0)	(52, 16531.0)	(54, 16918.0)	(56, 17837.0)	(58, 21569.0)	(60, 23707.0)	(62, 26061.0)	(64, 34190.0)	(66, 43147.0)	(68, 46711.0)	(70, 50347.0)	(72, 59835.0)	(74, 70289.0)	(76, 78345.0)	(78, 91295.0)	(80, 104123.0)	(82, 108678.0)	(84, 122908.0)	(86, 140059.0)	(88, 158601.0)	(90, 187128.0)	(92, 214457.0)	(94, 261124.0)	(96, 497631.0)	(98, 4971274.0)	(100, 46258926.0)
SRR29999117_2	(34, 24187.0)	(36, 5725.0)	(38, 6828.0)	(40, 8179.0)	(42, 10696.0)	(44, 13969.0)	(46, 15027.0)	(48, 12798.0)	(50, 13300.0)	(52, 16497.0)	(54, 16590.0)	(56, 17514.0)	(58, 21542.0)	(60, 23347.0)	(62, 25498.0)	(64, 33320.0)	(66, 42105.0)	(68, 46170.0)	(70, 49893.0)	(72, 58023.0)	(74, 67979.0)	(76, 75776.0)	(78, 90315.0)	(80, 102849.0)	(82, 107049.0)	(84, 121543.0)	(86, 138966.0)	(88, 157880.0)	(90, 186901.0)	(92, 212588.0)	(94, 253066.0)	(96, 457538.0)	(98, 4591434.0)	(100, 46807712.0)
SRR29999118_1	(34, 51232.0)	(36, 852.0)	(38, 1067.0)	(40, 1250.0)	(42, 1504.0)	(44, 1971.0)	(46, 2195.0)	(48, 2327.0)	(50, 2675.0)	(52, 3336.0)	(54, 4075.0)	(56, 4578.0)	(58, 5687.0)	(60, 6880.0)	(62, 8303.0)	(64, 10286.0)	(66, 12488.0)	(68, 15052.0)	(70, 17705.0)	(72, 21546.0)	(74, 25452.0)	(76, 30672.0)	(78, 36370.0)	(80, 43754.0)	(82, 51308.0)	(84, 59876.0)	(86, 70361.0)	(88, 81676.0)	(90, 99185.0)	(92, 115653.0)	(94, 143235.0)	(96, 362358.0)	(98, 4338805.0)	(100, 40392342.0)
SRR29999118_2	(34, 6495.0)	(36, 843.0)	(38, 1063.0)	(40, 1277.0)	(42, 1515.0)	(44, 1958.0)	(46, 2200.0)	(48, 2363.0)	(50, 2677.0)	(52, 3359.0)	(54, 4055.0)	(56, 4561.0)	(58, 5672.0)	(60, 6835.0)	(62, 8260.0)	(64, 10231.0)	(66, 12364.0)	(68, 15013.0)	(70, 17657.0)	(72, 21435.0)	(74, 25287.0)	(76, 30490.0)	(78, 36200.0)	(80, 43509.0)	(82, 51017.0)	(84, 59535.0)	(86, 70154.0)	(88, 81517.0)	(90, 99680.0)	(92, 115513.0)	(94, 140671.0)	(96, 356622.0)	(98, 4218438.0)	(100, 40567590.0)
SRR29999119_1	(34, 61923.0)	(36, 790.0)	(38, 891.0)	(40, 1102.0)	(42, 1353.0)	(44, 1704.0)	(46, 2055.0)	(48, 2317.0)	(50, 2815.0)	(52, 3482.0)	(54, 4427.0)	(56, 5246.0)	(58, 6352.0)	(60, 7674.0)	(62, 8968.0)	(64, 10905.0)	(66, 13147.0)	(68, 15360.0)	(70, 17110.0)	(72, 20309.0)	(74, 22872.0)	(76, 26054.0)	(78, 30660.0)	(80, 35252.0)	(82, 38509.0)	(84, 43304.0)	(86, 48448.0)	(88, 53429.0)	(90, 62453.0)	(92, 69970.0)	(94, 86906.0)	(96, 289246.0)	(98, 4237208.0)	(100, 40497807.0)
SRR29999119_2	(34, 5818.0)	(36, 819.0)	(38, 889.0)	(40, 1113.0)	(42, 1364.0)	(44, 1719.0)	(46, 2080.0)	(48, 2359.0)	(50, 2836.0)	(52, 3533.0)	(54, 4456.0)	(56, 5230.0)	(58, 6394.0)	(60, 7688.0)	(62, 8994.0)	(64, 10907.0)	(66, 13163.0)	(68, 15378.0)	(70, 17126.0)	(72, 20242.0)	(74, 22774.0)	(76, 25928.0)	(78, 30494.0)	(80, 35151.0)	(82, 38339.0)	(84, 43171.0)	(86, 48432.0)	(88, 53567.0)	(90, 63148.0)	(92, 70376.0)	(94, 84941.0)	(96, 287437.0)	(98, 4131331.0)	(100, 40662851.0)
SRR29999120_1	(34, 48722.0)	(36, 1587.0)	(38, 1778.0)	(40, 2088.0)	(42, 2755.0)	(44, 3475.0)	(46, 3820.0)	(48, 3244.0)	(50, 3280.0)	(52, 3878.0)	(54, 4142.0)	(56, 4427.0)	(58, 5579.0)	(60, 6240.0)	(62, 7727.0)	(64, 9631.0)	(66, 11894.0)	(68, 13353.0)	(70, 15325.0)	(72, 18827.0)	(74, 21968.0)	(76, 25838.0)	(78, 29199.0)	(80, 34390.0)	(82, 39108.0)	(84, 44994.0)	(86, 51730.0)	(88, 58094.0)	(90, 68873.0)	(92, 79471.0)	(94, 95559.0)	(96, 278848.0)	(98, 3883698.0)	(100, 36965394.0)
SRR29999120_2	(34, 9664.0)	(36, 1615.0)	(38, 1806.0)	(40, 2180.0)	(42, 2837.0)	(44, 3529.0)	(46, 3908.0)	(48, 3298.0)	(50, 3368.0)	(52, 3963.0)	(54, 4174.0)	(56, 4450.0)	(58, 5632.0)	(60, 6265.0)	(62, 7723.0)	(64, 9541.0)	(66, 11824.0)	(68, 13386.0)	(70, 15352.0)	(72, 18769.0)	(74, 21793.0)	(76, 25706.0)	(78, 29087.0)	(80, 34232.0)	(82, 38976.0)	(84, 44777.0)	(86, 51592.0)	(88, 58124.0)	(90, 69543.0)	(92, 79771.0)	(94, 94595.0)	(96, 284719.0)	(98, 3817750.0)	(100, 37064987.0)
SRR29999121_1	(34, 44137.0)	(36, 498.0)	(38, 593.0)	(40, 716.0)	(42, 890.0)	(44, 1118.0)	(46, 1216.0)	(48, 1455.0)	(50, 1774.0)	(52, 2189.0)	(54, 2700.0)	(56, 3242.0)	(58, 3932.0)	(60, 4751.0)	(62, 5971.0)	(64, 7403.0)	(66, 9029.0)	(68, 11149.0)	(70, 12969.0)	(72, 15793.0)	(74, 18787.0)	(76, 23409.0)	(78, 27855.0)	(80, 34323.0)	(82, 40209.0)	(84, 48270.0)	(86, 57476.0)	(88, 66853.0)	(90, 83656.0)	(92, 99080.0)	(94, 121507.0)	(96, 322168.0)	(98, 4166448.0)	(100, 39660975.0)
SRR29999121_2	(34, 4960.0)	(36, 514.0)	(38, 615.0)	(40, 766.0)	(42, 914.0)	(44, 1151.0)	(46, 1230.0)	(48, 1476.0)	(50, 1831.0)	(52, 2222.0)	(54, 2733.0)	(56, 3281.0)	(58, 3964.0)	(60, 4774.0)	(62, 5970.0)	(64, 7430.0)	(66, 9060.0)	(68, 11204.0)	(70, 13002.0)	(72, 15769.0)	(74, 18803.0)	(76, 23395.0)	(78, 27810.0)	(80, 34261.0)	(82, 40147.0)	(84, 48123.0)	(86, 57381.0)	(88, 66807.0)	(90, 84298.0)	(92, 99541.0)	(94, 120806.0)	(96, 327510.0)	(98, 4104867.0)	(100, 39755926.0)
SRR29999122_1	(34, 110411.0)	(36, 5096.0)	(38, 5699.0)	(40, 6877.0)	(42, 9242.0)	(44, 11643.0)	(46, 12099.0)	(48, 9376.0)	(50, 9000.0)	(52, 11031.0)	(54, 9865.0)	(56, 9952.0)	(58, 12197.0)	(60, 12715.0)	(62, 14783.0)	(64, 19502.0)	(66, 23888.0)	(68, 24817.0)	(70, 29210.0)	(72, 35750.0)	(74, 42112.0)	(76, 49304.0)	(78, 53127.0)	(80, 63500.0)	(82, 73187.0)	(84, 84992.0)	(86, 100503.0)	(88, 115183.0)	(90, 133013.0)	(92, 155815.0)	(94, 186842.0)	(96, 405769.0)	(98, 4548221.0)	(100, 42092300.0)
SRR29999122_2	(34, 24588.0)	(36, 5115.0)	(38, 5745.0)	(40, 7019.0)	(42, 9369.0)	(44, 11757.0)	(46, 12156.0)	(48, 9494.0)	(50, 9140.0)	(52, 11145.0)	(54, 9872.0)	(56, 9955.0)	(58, 12254.0)	(60, 12522.0)	(62, 14474.0)	(64, 18818.0)	(66, 23095.0)	(68, 24659.0)	(70, 29012.0)	(72, 34344.0)	(74, 39876.0)	(76, 46621.0)	(78, 52401.0)	(80, 62646.0)	(82, 72455.0)	(84, 84568.0)	(86, 100200.0)	(88, 115072.0)	(90, 133823.0)	(92, 156770.0)	(94, 186171.0)	(96, 415655.0)	(98, 4439240.0)	(100, 42286990.0)
SRR29999123_1	(34, 42802.0)	(36, 388.0)	(38, 458.0)	(40, 474.0)	(42, 587.0)	(44, 654.0)	(46, 715.0)	(48, 856.0)	(50, 880.0)	(52, 1027.0)	(54, 1199.0)	(56, 1404.0)	(58, 1797.0)	(60, 2042.0)	(62, 2434.0)	(64, 2884.0)	(66, 3617.0)	(68, 4317.0)	(70, 5499.0)	(72, 6578.0)	(74, 8564.0)	(76, 10618.0)	(78, 13019.0)	(80, 16616.0)	(82, 20242.0)	(84, 24835.0)	(86, 30798.0)	(88, 37035.0)	(90, 47226.0)	(92, 57383.0)	(94, 72477.0)	(96, 266478.0)	(98, 4015585.0)	(100, 38634030.0)
SRR29999123_2	(34, 5281.0)	(36, 395.0)	(38, 456.0)	(40, 485.0)	(42, 589.0)	(44, 644.0)	(46, 734.0)	(48, 888.0)	(50, 894.0)	(52, 1037.0)	(54, 1205.0)	(56, 1438.0)	(58, 1808.0)	(60, 2049.0)	(62, 2445.0)	(64, 2878.0)	(66, 3621.0)	(68, 4319.0)	(70, 5511.0)	(72, 6586.0)	(74, 8578.0)	(76, 10616.0)	(78, 13018.0)	(80, 16602.0)	(82, 20190.0)	(84, 24826.0)	(86, 30754.0)	(88, 37139.0)	(90, 48000.0)	(92, 57989.0)	(94, 72831.0)	(96, 281209.0)	(98, 4002358.0)	(100, 38668145.0)
SRR29999124_1	(34, 620178.0)	(36, 1226.0)	(38, 1590.0)	(40, 1972.0)	(42, 2262.0)	(44, 2783.0)	(46, 3177.0)	(48, 3950.0)	(50, 4576.0)	(52, 5382.0)	(54, 6451.0)	(56, 7623.0)	(58, 9005.0)	(60, 10333.0)	(62, 12228.0)	(64, 14762.0)	(66, 17547.0)	(68, 19376.0)	(70, 23035.0)	(72, 27354.0)	(74, 32856.0)	(76, 39079.0)	(78, 46653.0)	(80, 56397.0)	(82, 64466.0)	(84, 75914.0)	(86, 90615.0)	(88, 104289.0)	(90, 126219.0)	(92, 147130.0)	(94, 172858.0)	(96, 375159.0)	(98, 4143671.0)	(100, 38636625.0)
SRR29999124_2	(34, 8799.0)	(36, 1228.0)	(38, 1591.0)	(40, 1992.0)	(42, 2256.0)	(44, 2787.0)	(46, 3172.0)	(48, 3930.0)	(50, 4583.0)	(52, 5397.0)	(54, 6472.0)	(56, 7657.0)	(58, 9014.0)	(60, 10321.0)	(62, 12191.0)	(64, 14714.0)	(66, 17522.0)	(68, 19373.0)	(70, 22996.0)	(72, 27205.0)	(74, 32723.0)	(76, 38905.0)	(78, 46483.0)	(80, 56138.0)	(82, 64145.0)	(84, 75492.0)	(86, 90251.0)	(88, 104115.0)	(90, 126619.0)	(92, 147766.0)	(94, 173496.0)	(96, 389964.0)	(98, 4096993.0)	(100, 39280451.0)
SRR29999125_1	(34, 26754.0)	(36, 383.0)	(38, 402.0)	(40, 436.0)	(42, 524.0)	(44, 598.0)	(46, 641.0)	(48, 748.0)	(50, 776.0)	(52, 960.0)	(54, 1101.0)	(56, 1269.0)	(58, 1602.0)	(60, 1925.0)	(62, 2177.0)	(64, 2780.0)	(66, 3507.0)	(68, 4101.0)	(70, 5186.0)	(72, 6430.0)	(74, 8395.0)	(76, 10948.0)	(78, 13185.0)	(80, 16826.0)	(82, 21045.0)	(84, 25904.0)	(86, 32489.0)	(88, 37921.0)	(90, 49246.0)	(92, 59854.0)	(94, 72431.0)	(96, 235827.0)	(98, 3640140.0)	(100, 35581060.0)
SRR29999125_2	(34, 6124.0)	(36, 374.0)	(38, 413.0)	(40, 441.0)	(42, 530.0)	(44, 608.0)	(46, 661.0)	(48, 770.0)	(50, 794.0)	(52, 991.0)	(54, 1118.0)	(56, 1284.0)	(58, 1594.0)	(60, 1945.0)	(62, 2207.0)	(64, 2789.0)	(66, 3506.0)	(68, 4119.0)	(70, 5188.0)	(72, 6447.0)	(74, 8434.0)	(76, 10954.0)	(78, 13208.0)	(80, 16810.0)	(82, 21001.0)	(84, 25857.0)	(86, 32483.0)	(88, 37973.0)	(90, 49878.0)	(92, 60328.0)	(94, 72757.0)	(96, 248760.0)	(98, 3529439.0)	(100, 35697786.0)
SRR29999126_1	(34, 33862.0)	(36, 294.0)	(38, 285.0)	(40, 361.0)	(42, 339.0)	(44, 482.0)	(46, 528.0)	(48, 553.0)	(50, 572.0)	(52, 739.0)	(54, 857.0)	(56, 968.0)	(58, 1158.0)	(60, 1429.0)	(62, 1692.0)	(64, 2141.0)	(66, 2665.0)	(68, 3136.0)	(70, 3852.0)	(72, 4975.0)	(74, 6358.0)	(76, 8592.0)	(78, 10698.0)	(80, 13888.0)	(82, 17550.0)	(84, 21534.0)	(86, 27560.0)	(88, 31612.0)	(90, 42387.0)	(92, 51706.0)	(94, 63177.0)	(96, 184105.0)	(98, 3845861.0)	(100, 38633352.0)
SRR29999126_2	(34, 4604.0)	(36, 310.0)	(38, 301.0)	(40, 381.0)	(42, 370.0)	(44, 495.0)	(46, 541.0)	(48, 568.0)	(50, 579.0)	(52, 777.0)	(54, 858.0)	(56, 981.0)	(58, 1162.0)	(60, 1446.0)	(62, 1711.0)	(64, 2126.0)	(66, 2652.0)	(68, 3143.0)	(70, 3861.0)	(72, 4987.0)	(74, 6384.0)	(76, 8607.0)	(78, 10690.0)	(80, 13870.0)	(82, 17571.0)	(84, 21519.0)	(86, 27543.0)	(88, 31659.0)	(90, 42772.0)	(92, 51985.0)	(94, 63660.0)	(96, 187120.0)	(98, 3375685.0)	(100, 39128350.0)
SRR29999127_1	(34, 43094.0)	(36, 326.0)	(38, 376.0)	(40, 476.0)	(42, 696.0)	(44, 861.0)	(46, 987.0)	(48, 1022.0)	(50, 1158.0)	(52, 1522.0)	(54, 1940.0)	(56, 2420.0)	(58, 3183.0)	(60, 4072.0)	(62, 5309.0)	(64, 7139.0)	(66, 9031.0)	(68, 10872.0)	(70, 13458.0)	(72, 18004.0)	(74, 22807.0)	(76, 29595.0)	(78, 35729.0)	(80, 45457.0)	(82, 56359.0)	(84, 65950.0)	(86, 82448.0)	(88, 94402.0)	(90, 120213.0)	(92, 142565.0)	(94, 167628.0)	(96, 322819.0)	(98, 3996826.0)	(100, 37400038.0)
SRR29999127_2	(34, 3419.0)	(36, 322.0)	(38, 373.0)	(40, 475.0)	(42, 714.0)	(44, 855.0)	(46, 986.0)	(48, 1036.0)	(50, 1168.0)	(52, 1527.0)	(54, 1941.0)	(56, 2425.0)	(58, 3173.0)	(60, 4058.0)	(62, 5294.0)	(64, 7111.0)	(66, 8973.0)	(68, 10799.0)	(70, 13404.0)	(72, 17888.0)	(74, 22654.0)	(76, 29418.0)	(78, 35500.0)	(80, 45197.0)	(82, 56023.0)	(84, 65577.0)	(86, 82011.0)	(88, 94102.0)	(90, 120517.0)	(92, 142319.0)	(94, 168909.0)	(96, 328999.0)	(98, 3592582.0)	(100, 37839033.0)
SRR29999128_1	(34, 86862.0)	(36, 707.0)	(38, 826.0)	(40, 905.0)	(42, 1088.0)	(44, 1275.0)	(46, 1417.0)	(48, 1504.0)	(50, 1697.0)	(52, 1895.0)	(54, 2020.0)	(56, 2440.0)	(58, 2959.0)	(60, 3623.0)	(62, 4180.0)	(64, 5034.0)	(66, 6318.0)	(68, 7730.0)	(70, 9464.0)	(72, 10862.0)	(74, 13042.0)	(76, 17000.0)	(78, 20757.0)	(80, 26306.0)	(82, 31201.0)	(84, 36182.0)	(86, 43598.0)	(88, 50817.0)	(90, 65843.0)	(92, 77498.0)	(94, 91788.0)	(96, 256730.0)	(98, 4031447.0)	(100, 39707337.0)
SRR29999128_2	(34, 7373.0)	(36, 734.0)	(38, 839.0)	(40, 937.0)	(42, 1102.0)	(44, 1305.0)	(46, 1470.0)	(48, 1509.0)	(50, 1723.0)	(52, 1935.0)	(54, 2042.0)	(56, 2479.0)	(58, 2993.0)	(60, 3654.0)	(62, 4204.0)	(64, 5055.0)	(66, 6345.0)	(68, 7713.0)	(70, 9480.0)	(72, 10815.0)	(74, 13019.0)	(76, 16984.0)	(78, 20733.0)	(80, 26197.0)	(82, 31157.0)	(84, 36049.0)	(86, 43439.0)	(88, 50701.0)	(90, 66435.0)	(92, 78147.0)	(94, 92942.0)	(96, 269589.0)	(98, 3811447.0)	(100, 39991806.0)
SRR29999129_1	(34, 47090.0)	(36, 436.0)	(38, 507.0)	(40, 584.0)	(42, 633.0)	(44, 869.0)	(46, 990.0)	(48, 1095.0)	(50, 1235.0)	(52, 1562.0)	(54, 1906.0)	(56, 2333.0)	(58, 2934.0)	(60, 3832.0)	(62, 4540.0)	(64, 6079.0)	(66, 7941.0)	(68, 9724.0)	(70, 11985.0)	(72, 15594.0)	(74, 19578.0)	(76, 25593.0)	(78, 31490.0)	(80, 40709.0)	(82, 52293.0)	(84, 61398.0)	(86, 77612.0)	(88, 88581.0)	(90, 115760.0)	(92, 141402.0)	(94, 163658.0)	(96, 299289.0)	(98, 3908678.0)	(100, 38520030.0)
SRR29999129_2	(34, 4265.0)	(36, 436.0)	(38, 512.0)	(40, 587.0)	(42, 630.0)	(44, 886.0)	(46, 1002.0)	(48, 1113.0)	(50, 1250.0)	(52, 1576.0)	(54, 1917.0)	(56, 2336.0)	(58, 2950.0)	(60, 3816.0)	(62, 4550.0)	(64, 6086.0)	(66, 7913.0)	(68, 9716.0)	(70, 11983.0)	(72, 15520.0)	(74, 19513.0)	(76, 25513.0)	(78, 31398.0)	(80, 40559.0)	(82, 52087.0)	(84, 61149.0)	(86, 77398.0)	(88, 88462.0)	(90, 116055.0)	(92, 141735.0)	(94, 164069.0)	(96, 291944.0)	(98, 3388582.0)	(100, 39090432.0)
SRR29999130_1	(34, 35264.0)	(36, 275.0)	(38, 315.0)	(40, 373.0)	(42, 403.0)	(44, 439.0)	(46, 467.0)	(48, 550.0)	(50, 627.0)	(52, 768.0)	(54, 908.0)	(56, 1054.0)	(58, 1261.0)	(60, 1605.0)	(62, 2046.0)	(64, 2525.0)	(66, 3286.0)	(68, 4073.0)	(70, 5188.0)	(72, 6608.0)	(74, 8552.0)	(76, 11186.0)	(78, 13902.0)	(80, 17767.0)	(82, 22211.0)	(84, 27797.0)	(86, 34655.0)	(88, 41306.0)	(90, 53271.0)	(92, 64583.0)	(94, 80906.0)	(96, 251597.0)	(98, 3524636.0)	(100, 33956076.0)
SRR29999130_2	(34, 3908.0)	(36, 282.0)	(38, 306.0)	(40, 361.0)	(42, 404.0)	(44, 439.0)	(46, 475.0)	(48, 545.0)	(50, 627.0)	(52, 766.0)	(54, 910.0)	(56, 1050.0)	(58, 1274.0)	(60, 1581.0)	(62, 2056.0)	(64, 2509.0)	(66, 3273.0)	(68, 4070.0)	(70, 5176.0)	(72, 6577.0)	(74, 8517.0)	(76, 11161.0)	(78, 13844.0)	(80, 17727.0)	(82, 22114.0)	(84, 27715.0)	(86, 34545.0)	(88, 41326.0)	(90, 53908.0)	(92, 64784.0)	(94, 81204.0)	(96, 266403.0)	(98, 3523641.0)	(100, 33973002.0)
SRR29999131_1	(34, 34099.0)	(36, 305.0)	(38, 310.0)	(40, 375.0)	(42, 433.0)	(44, 494.0)	(46, 551.0)	(48, 624.0)	(50, 693.0)	(52, 876.0)	(54, 973.0)	(56, 1288.0)	(58, 1581.0)	(60, 1989.0)	(62, 2607.0)	(64, 3462.0)	(66, 4419.0)	(68, 5428.0)	(70, 7259.0)	(72, 9672.0)	(74, 12543.0)	(76, 16796.0)	(78, 20859.0)	(80, 27186.0)	(82, 34635.0)	(84, 43687.0)	(86, 55021.0)	(88, 65124.0)	(90, 83525.0)	(92, 101633.0)	(94, 124102.0)	(96, 309638.0)	(98, 3749561.0)	(100, 35678530.0)
SRR29999131_2	(34, 4913.0)	(36, 324.0)	(38, 320.0)	(40, 382.0)	(42, 448.0)	(44, 500.0)	(46, 555.0)	(48, 633.0)	(50, 688.0)	(52, 894.0)	(54, 969.0)	(56, 1305.0)	(58, 1593.0)	(60, 2028.0)	(62, 2614.0)	(64, 3467.0)	(66, 4421.0)	(68, 5400.0)	(70, 7255.0)	(72, 9653.0)	(74, 12519.0)	(76, 16736.0)	(78, 20784.0)	(80, 27106.0)	(82, 34510.0)	(84, 43574.0)	(86, 54869.0)	(88, 65166.0)	(90, 84332.0)	(92, 102147.0)	(94, 124134.0)	(96, 322780.0)	(98, 3788482.0)	(100, 35654777.0)
SRR29999132_1	(34, 51052.0)	(36, 1067.0)	(38, 1290.0)	(40, 1400.0)	(42, 1823.0)	(44, 2209.0)	(46, 2249.0)	(48, 2084.0)	(50, 2320.0)	(52, 2672.0)	(54, 2918.0)	(56, 3303.0)	(58, 4498.0)	(60, 5062.0)	(62, 5957.0)	(64, 8017.0)	(66, 9773.0)	(68, 11625.0)	(70, 14121.0)	(72, 17603.0)	(74, 22224.0)	(76, 29571.0)	(78, 35140.0)	(80, 46291.0)	(82, 57662.0)	(84, 66778.0)	(86, 84999.0)	(88, 92920.0)	(90, 122520.0)	(92, 153207.0)	(94, 169575.0)	(96, 287442.0)	(98, 4110915.0)	(100, 39030768.0)
SRR29999132_2	(34, 7092.0)	(36, 1080.0)	(38, 1307.0)	(40, 1433.0)	(42, 1861.0)	(44, 2244.0)	(46, 2287.0)	(48, 2125.0)	(50, 2371.0)	(52, 2726.0)	(54, 2960.0)	(56, 3342.0)	(58, 4524.0)	(60, 5115.0)	(62, 6008.0)	(64, 8030.0)	(66, 9783.0)	(68, 11672.0)	(70, 14135.0)	(72, 17596.0)	(74, 22223.0)	(76, 29498.0)	(78, 35083.0)	(80, 46161.0)	(82, 57539.0)	(84, 66571.0)	(86, 84808.0)	(88, 92673.0)	(90, 123579.0)	(92, 153826.0)	(94, 170585.0)	(96, 283553.0)	(98, 3294273.0)	(100, 39892992.0)
SRR29999133_1	(34, 52018.0)	(36, 2086.0)	(38, 2824.0)	(40, 3328.0)	(42, 3825.0)	(44, 4826.0)	(46, 5823.0)	(48, 6764.0)	(50, 7517.0)	(52, 9084.0)	(54, 11471.0)	(56, 12912.0)	(58, 16926.0)	(60, 17902.0)	(62, 18475.0)	(64, 22600.0)	(66, 27086.0)	(68, 34592.0)	(70, 30609.0)	(72, 39484.0)	(74, 40114.0)	(76, 45343.0)	(78, 56238.0)	(80, 64841.0)	(82, 68471.0)	(84, 79108.0)	(86, 82716.0)	(88, 94485.0)	(90, 114114.0)	(92, 133215.0)	(94, 162177.0)	(96, 364730.0)	(98, 4334848.0)	(100, 42648402.0)
SRR29999133_2	(34, 9615.0)	(36, 2109.0)	(38, 2837.0)	(40, 3373.0)	(42, 3896.0)	(44, 4886.0)	(46, 5892.0)	(48, 6844.0)	(50, 7624.0)	(52, 9204.0)	(54, 11498.0)	(56, 12982.0)	(58, 17170.0)	(60, 18102.0)	(62, 18602.0)	(64, 22878.0)	(66, 27229.0)	(68, 34742.0)	(70, 30837.0)	(72, 39386.0)	(74, 40284.0)	(76, 45483.0)	(78, 56682.0)	(80, 64823.0)	(82, 68299.0)	(84, 78550.0)	(86, 82546.0)	(88, 94453.0)	(90, 114929.0)	(92, 133766.0)	(94, 163372.0)	(96, 386228.0)	(98, 4263710.0)	(100, 42736123.0)
SRR29999134_1	(34, 28880.0)	(36, 219.0)	(38, 271.0)	(40, 322.0)	(42, 333.0)	(44, 339.0)	(46, 448.0)	(48, 493.0)	(50, 608.0)	(52, 652.0)	(54, 760.0)	(56, 987.0)	(58, 1220.0)	(60, 1566.0)	(62, 1885.0)	(64, 2339.0)	(66, 3039.0)	(68, 3581.0)	(70, 4653.0)	(72, 5904.0)	(74, 7421.0)	(76, 9887.0)	(78, 12229.0)	(80, 15555.0)	(82, 19807.0)	(84, 24888.0)	(86, 31309.0)	(88, 36763.0)	(90, 47795.0)	(92, 59594.0)	(94, 73343.0)	(96, 227140.0)	(98, 3775515.0)	(100, 37555235.0)
SRR29999134_2	(34, 3335.0)	(36, 229.0)	(38, 284.0)	(40, 329.0)	(42, 350.0)	(44, 362.0)	(46, 468.0)	(48, 500.0)	(50, 621.0)	(52, 666.0)	(54, 779.0)	(56, 1011.0)	(58, 1227.0)	(60, 1593.0)	(62, 1880.0)	(64, 2341.0)	(66, 3061.0)	(68, 3582.0)	(70, 4695.0)	(72, 5888.0)	(74, 7416.0)	(76, 9884.0)	(78, 12253.0)	(80, 15549.0)	(82, 19796.0)	(84, 24858.0)	(86, 31293.0)	(88, 36795.0)	(90, 48222.0)	(92, 59894.0)	(94, 74353.0)	(96, 234500.0)	(98, 3650074.0)	(100, 37696892.0)
SRR29999135_1	(34, 32597.0)	(36, 313.0)	(38, 322.0)	(40, 363.0)	(42, 486.0)	(44, 544.0)	(46, 607.0)	(48, 621.0)	(50, 764.0)	(52, 922.0)	(54, 1168.0)	(56, 1291.0)	(58, 1714.0)	(60, 2128.0)	(62, 2759.0)	(64, 3823.0)	(66, 4659.0)	(68, 5788.0)	(70, 7285.0)	(72, 9882.0)	(74, 12688.0)	(76, 16457.0)	(78, 20759.0)	(80, 26991.0)	(82, 33184.0)	(84, 41853.0)	(86, 53081.0)	(88, 63167.0)	(90, 80939.0)	(92, 99015.0)	(94, 120386.0)	(96, 313521.0)	(98, 4081817.0)	(100, 39535617.0)
SRR29999135_2	(34, 4586.0)	(36, 307.0)	(38, 328.0)	(40, 373.0)	(42, 490.0)	(44, 540.0)	(46, 628.0)	(48, 608.0)	(50, 777.0)	(52, 920.0)	(54, 1184.0)	(56, 1286.0)	(58, 1732.0)	(60, 2127.0)	(62, 2740.0)	(64, 3839.0)	(66, 4656.0)	(68, 5776.0)	(70, 7263.0)	(72, 9824.0)	(74, 12654.0)	(76, 16436.0)	(78, 20683.0)	(80, 26924.0)	(82, 33072.0)	(84, 41696.0)	(86, 52934.0)	(88, 63236.0)	(90, 81636.0)	(92, 99417.0)	(94, 121730.0)	(96, 333567.0)	(98, 4141708.0)	(100, 39481834.0)
SRR29999136_1	(34, 43995.0)	(36, 512.0)	(38, 504.0)	(40, 633.0)	(42, 746.0)	(44, 869.0)	(46, 894.0)	(48, 800.0)	(50, 811.0)	(52, 995.0)	(54, 1042.0)	(56, 1115.0)	(58, 1519.0)	(60, 1941.0)	(62, 2502.0)	(64, 3588.0)	(66, 4713.0)	(68, 5313.0)	(70, 6795.0)	(72, 8644.0)	(74, 11285.0)	(76, 16447.0)	(78, 19592.0)	(80, 26194.0)	(82, 32885.0)	(84, 38998.0)	(86, 50672.0)	(88, 53745.0)	(90, 73912.0)	(92, 94671.0)	(94, 106642.0)	(96, 189927.0)	(98, 4068654.0)	(100, 40357097.0)
SRR29999136_2	(34, 3915.0)	(36, 523.0)	(38, 528.0)	(40, 650.0)	(42, 753.0)	(44, 877.0)	(46, 913.0)	(48, 816.0)	(50, 825.0)	(52, 1009.0)	(54, 1072.0)	(56, 1142.0)	(58, 1550.0)	(60, 1973.0)	(62, 2516.0)	(64, 3585.0)	(66, 4725.0)	(68, 5349.0)	(70, 6816.0)	(72, 8645.0)	(74, 11249.0)	(76, 16382.0)	(78, 19577.0)	(80, 26113.0)	(82, 32827.0)	(84, 38958.0)	(86, 50610.0)	(88, 53723.0)	(90, 73927.0)	(92, 95101.0)	(94, 108320.0)	(96, 179226.0)	(98, 2999861.0)	(100, 41474596.0)
SRR29999137_1	(34, 130274.0)	(36, 2068.0)	(38, 2093.0)	(40, 2496.0)	(42, 3087.0)	(44, 3611.0)	(46, 3522.0)	(48, 2938.0)	(50, 2787.0)	(52, 3500.0)	(54, 3128.0)	(56, 3047.0)	(58, 3852.0)	(60, 4313.0)	(62, 5072.0)	(64, 6756.0)	(66, 8647.0)	(68, 10244.0)	(70, 11977.0)	(72, 15512.0)	(74, 19115.0)	(76, 25583.0)	(78, 30888.0)	(80, 39968.0)	(82, 50870.0)	(84, 58925.0)	(86, 72630.0)	(88, 82285.0)	(90, 108434.0)	(92, 131000.0)	(94, 151128.0)	(96, 282954.0)	(98, 4244145.0)	(100, 39672513.0)
SRR29999137_2	(34, 12233.0)	(36, 2064.0)	(38, 2122.0)	(40, 2557.0)	(42, 3153.0)	(44, 3650.0)	(46, 3577.0)	(48, 2955.0)	(50, 2860.0)	(52, 3578.0)	(54, 3183.0)	(56, 3085.0)	(58, 3902.0)	(60, 4345.0)	(62, 5084.0)	(64, 6757.0)	(66, 8592.0)	(68, 10269.0)	(70, 11992.0)	(72, 15318.0)	(74, 18821.0)	(76, 25219.0)	(78, 30778.0)	(80, 39783.0)	(82, 50609.0)	(84, 58689.0)	(86, 72434.0)	(88, 82131.0)	(90, 108667.0)	(92, 131154.0)	(94, 152286.0)	(96, 280758.0)	(98, 3500415.0)	(100, 40536342.0)
SRR29999138_1	(34, 64364.0)	(36, 788.0)	(38, 928.0)	(40, 1030.0)	(42, 1237.0)	(44, 1381.0)	(46, 1434.0)	(48, 1373.0)	(50, 1474.0)	(52, 1720.0)	(54, 1854.0)	(56, 2038.0)	(58, 2552.0)	(60, 2821.0)	(62, 3085.0)	(64, 3799.0)	(66, 4658.0)	(68, 6041.0)	(70, 6147.0)	(72, 7784.0)	(74, 9313.0)	(76, 11315.0)	(78, 14132.0)	(80, 17507.0)	(82, 21215.0)	(84, 25681.0)	(86, 30849.0)	(88, 36153.0)	(90, 46799.0)	(92, 56251.0)	(94, 71390.0)	(96, 242907.0)	(98, 4480074.0)	(100, 44501643.0)
SRR29999138_2	(34, 7505.0)	(36, 811.0)	(38, 923.0)	(40, 1071.0)	(42, 1278.0)	(44, 1406.0)	(46, 1457.0)	(48, 1432.0)	(50, 1525.0)	(52, 1767.0)	(54, 1901.0)	(56, 2107.0)	(58, 2624.0)	(60, 2857.0)	(62, 3144.0)	(64, 3839.0)	(66, 4655.0)	(68, 6070.0)	(70, 6230.0)	(72, 7745.0)	(74, 9279.0)	(76, 11296.0)	(78, 14199.0)	(80, 17488.0)	(82, 21243.0)	(84, 25592.0)	(86, 30842.0)	(88, 36186.0)	(90, 47316.0)	(92, 56660.0)	(94, 71543.0)	(96, 249242.0)	(98, 4143096.0)	(100, 44887408.0)
SRR29999139_1	(34, 75791.0)	(36, 636.0)	(38, 670.0)	(40, 750.0)	(42, 910.0)	(44, 1026.0)	(46, 899.0)	(48, 836.0)	(50, 896.0)	(52, 1132.0)	(54, 1134.0)	(56, 1253.0)	(58, 1537.0)	(60, 1971.0)	(62, 2388.0)	(64, 3177.0)	(66, 3920.0)	(68, 4919.0)	(70, 6206.0)	(72, 8168.0)	(74, 10998.0)	(76, 14126.0)	(78, 17808.0)	(80, 23135.0)	(82, 29174.0)	(84, 36693.0)	(86, 46693.0)	(88, 55851.0)	(90, 71266.0)	(92, 86721.0)	(94, 106661.0)	(96, 262258.0)	(98, 3297868.0)	(100, 31572098.0)
SRR29999139_2	(34, 6362.0)	(36, 645.0)	(38, 667.0)	(40, 781.0)	(42, 936.0)	(44, 1039.0)	(46, 921.0)	(48, 857.0)	(50, 898.0)	(52, 1158.0)	(54, 1150.0)	(56, 1271.0)	(58, 1569.0)	(60, 1977.0)	(62, 2370.0)	(64, 3167.0)	(66, 3901.0)	(68, 4920.0)	(70, 6186.0)	(72, 8105.0)	(74, 10879.0)	(76, 13987.0)	(78, 17679.0)	(80, 22988.0)	(82, 29009.0)	(84, 36516.0)	(86, 46499.0)	(88, 55729.0)	(90, 71758.0)	(92, 86917.0)	(94, 106757.0)	(96, 275593.0)	(98, 3264342.0)	(100, 31662036.0)
SRR29999140_1	(34, 94009.0)	(36, 712.0)	(38, 797.0)	(40, 907.0)	(42, 1059.0)	(44, 1251.0)	(46, 1275.0)	(48, 1309.0)	(50, 1399.0)	(52, 1628.0)	(54, 1848.0)	(56, 2171.0)	(58, 2610.0)	(60, 3275.0)	(62, 3924.0)	(64, 4988.0)	(66, 6765.0)	(68, 8159.0)	(70, 10509.0)	(72, 13657.0)	(74, 17260.0)	(76, 23078.0)	(78, 29328.0)	(80, 38129.0)	(82, 48242.0)	(84, 59873.0)	(86, 75046.0)	(88, 89719.0)	(90, 114635.0)	(92, 137460.0)	(94, 166850.0)	(96, 368964.0)	(98, 4394883.0)	(100, 41727754.0)
SRR29999140_2	(34, 7749.0)	(36, 714.0)	(38, 789.0)	(40, 903.0)	(42, 1059.0)	(44, 1268.0)	(46, 1275.0)	(48, 1307.0)	(50, 1410.0)	(52, 1641.0)	(54, 1816.0)	(56, 2167.0)	(58, 2628.0)	(60, 3269.0)	(62, 3921.0)	(64, 4926.0)	(66, 6723.0)	(68, 8106.0)	(70, 10457.0)	(72, 13505.0)	(74, 17087.0)	(76, 22856.0)	(78, 29133.0)	(80, 37810.0)	(82, 47783.0)	(84, 59408.0)	(86, 74525.0)	(88, 89438.0)	(90, 114779.0)	(92, 137392.0)	(94, 166644.0)	(96, 378942.0)	(98, 4300288.0)	(100, 41901755.0)
SRR29999141_1	(34, 74215.0)	(36, 340.0)	(38, 396.0)	(40, 441.0)	(42, 587.0)	(44, 616.0)	(46, 621.0)	(48, 611.0)	(50, 651.0)	(52, 802.0)	(54, 831.0)	(56, 1025.0)	(58, 1234.0)	(60, 1607.0)	(62, 1971.0)	(64, 2605.0)	(66, 3407.0)	(68, 4281.0)	(70, 5580.0)	(72, 7467.0)	(74, 9625.0)	(76, 13075.0)	(78, 16431.0)	(80, 21476.0)	(82, 27525.0)	(84, 34431.0)	(86, 43339.0)	(88, 52626.0)	(90, 67919.0)	(92, 83077.0)	(94, 101839.0)	(96, 281496.0)	(98, 3972277.0)	(100, 37925869.0)
SRR29999141_2	(34, 5417.0)	(36, 365.0)	(38, 416.0)	(40, 482.0)	(42, 616.0)	(44, 646.0)	(46, 651.0)	(48, 650.0)	(50, 685.0)	(52, 834.0)	(54, 863.0)	(56, 1056.0)	(58, 1274.0)	(60, 1646.0)	(62, 1986.0)	(64, 2614.0)	(66, 3418.0)	(68, 4305.0)	(70, 5603.0)	(72, 7470.0)	(74, 9599.0)	(76, 13043.0)	(78, 16431.0)	(80, 21423.0)	(82, 27460.0)	(84, 34354.0)	(86, 43267.0)	(88, 52675.0)	(90, 68515.0)	(92, 83597.0)	(94, 102490.0)	(96, 296647.0)	(98, 3886174.0)	(100, 38063621.0)
SRR29999142_1	(34, 45117.0)	(36, 229.0)	(38, 284.0)	(40, 316.0)	(42, 386.0)	(44, 398.0)	(46, 469.0)	(48, 500.0)	(50, 532.0)	(52, 561.0)	(54, 775.0)	(56, 881.0)	(58, 1070.0)	(60, 1352.0)	(62, 1700.0)	(64, 2189.0)	(66, 2795.0)	(68, 3547.0)	(70, 4392.0)	(72, 5641.0)	(74, 6986.0)	(76, 9449.0)	(78, 11935.0)	(80, 15322.0)	(82, 19304.0)	(84, 24555.0)	(86, 30573.0)	(88, 37802.0)	(90, 48534.0)	(92, 58667.0)	(94, 74578.0)	(96, 260223.0)	(98, 3789489.0)	(100, 36903578.0)
SRR29999142_2	(34, 4876.0)	(36, 237.0)	(38, 285.0)	(40, 316.0)	(42, 389.0)	(44, 406.0)	(46, 482.0)	(48, 521.0)	(50, 544.0)	(52, 590.0)	(54, 779.0)	(56, 901.0)	(58, 1094.0)	(60, 1371.0)	(62, 1704.0)	(64, 2185.0)	(66, 2795.0)	(68, 3533.0)	(70, 4408.0)	(72, 5623.0)	(74, 6961.0)	(76, 9407.0)	(78, 11898.0)	(80, 15225.0)	(82, 19183.0)	(84, 24384.0)	(86, 30410.0)	(88, 37714.0)	(90, 49031.0)	(92, 58828.0)	(94, 74676.0)	(96, 273849.0)	(98, 3811346.0)	(100, 36908178.0)
SRR29999143_1	(34, 37051.0)	(36, 239.0)	(38, 303.0)	(40, 353.0)	(42, 380.0)	(44, 402.0)	(46, 433.0)	(48, 481.0)	(50, 508.0)	(52, 609.0)	(54, 714.0)	(56, 768.0)	(58, 981.0)	(60, 1106.0)	(62, 1353.0)	(64, 1709.0)	(66, 2120.0)	(68, 2622.0)	(70, 3326.0)	(72, 4068.0)	(74, 5244.0)	(76, 6803.0)	(78, 8239.0)	(80, 10393.0)	(82, 13296.0)	(84, 16489.0)	(86, 20476.0)	(88, 24896.0)	(90, 32491.0)	(92, 39461.0)	(94, 51229.0)	(96, 228030.0)	(98, 3634826.0)	(100, 35780737.0)
SRR29999143_2	(34, 4569.0)	(36, 277.0)	(38, 331.0)	(40, 357.0)	(42, 400.0)	(44, 419.0)	(46, 468.0)	(48, 523.0)	(50, 544.0)	(52, 645.0)	(54, 728.0)	(56, 803.0)	(58, 1017.0)	(60, 1153.0)	(62, 1380.0)	(64, 1750.0)	(66, 2152.0)	(68, 2660.0)	(70, 3341.0)	(72, 4085.0)	(74, 5259.0)	(76, 6818.0)	(78, 8264.0)	(80, 10392.0)	(82, 13299.0)	(84, 16479.0)	(86, 20491.0)	(88, 25012.0)	(90, 33222.0)	(92, 39928.0)	(94, 52109.0)	(96, 245398.0)	(98, 3710160.0)	(100, 35717703.0)
