.	Basic Statistics	Per Base Sequence Quality	Per Tile Sequence Quality	Per Sequence Quality Scores	Per Base Sequence Content	Per Sequence GC Content	Per Base N Content	Sequence Length Distribution	Sequence Duplication Levels	Overrepresented Sequences	Adapter Content
SRR29999095_1	1	1	1	1	0.5	0.25	1	0.5	0.25	0.5	1
SRR29999095_2	1	1	1	1	0.5	0.25	1	0.5	0.25	0.5	1
SRR29999096_1	1	1	1	1	0.5	0.25	1	0.5	0.5	0.5	1
SRR29999096_2	1	1	1	1	0.5	0.25	1	0.5	0.5	0.5	1
SRR29999097_1	1	1	1	1	0.5	0.25	1	0.5	0.5	0.5	1
SRR29999097_2	1	1	1	1	0.5	0.25	1	0.5	0.5	0.5	1
SRR29999098_1	1	1	1	1	0.5	0.25	1	0.5	0.5	0.5	1
SRR29999098_2	1	1	1	1	0.25	0.25	1	0.5	0.5	0.5	1
SRR29999099_1	1	1	1	1	0.5	0.25	1	0.5	0.5	0.5	1
SRR29999099_2	1	1	1	1	0.5	0.25	1	0.5	0.5	0.5	1
SRR29999100_1	1	1	1	1	0.5	0.25	1	0.5	0.5	0.5	1
SRR29999100_2	1	1	1	1	0.5	0.25	1	0.5	0.5	0.5	1
SRR29999101_1	1	1	1	1	0.5	0.25	1	0.5	0.5	0.5	1
SRR29999101_2	1	1	1	1	0.5	0.25	1	0.5	0.5	0.5	1
SRR29999102_1	1	1	1	1	0.5	0.25	1	0.5	0.5	0.5	1
SRR29999102_2	1	1	1	1	0.5	0.25	1	0.5	0.5	0.5	1
SRR29999103_1	1	1	1	1	0.5	0.25	1	0.5	0.25	0.5	1
SRR29999103_2	1	1	1	1	0.5	0.25	1	0.5	0.25	0.5	1
SRR29999104_1	1	1	1	1	0.25	0.25	1	0.5	0.25	0.25	1
SRR29999104_2	1	1	1	1	0.25	0.25	1	0.5	0.25	0.25	1
SRR29999105_1	1	1	1	1	0.5	0.25	1	0.5	0.25	0.5	1
SRR29999105_2	1	1	1	1	0.5	0.25	1	0.5	0.25	0.5	1
SRR29999106_1	1	1	1	1	0.5	0.25	1	0.5	0.25	0.5	1
SRR29999106_2	1	1	1	1	0.5	0.25	1	0.5	0.25	0.5	1
SRR29999107_1	1	1	1	1	0.5	0.25	1	0.5	0.25	0.5	1
SRR29999107_2	1	1	1	1	0.5	0.25	1	0.5	0.25	0.5	1
SRR29999108_1	1	1	1	1	0.5	0.25	1	0.5	0.5	0.5	1
SRR29999108_2	1	1	1	1	0.25	0.25	1	0.5	0.5	0.5	1
SRR29999109_1	1	1	1	1	0.5	0.25	1	0.5	0.25	0.5	1
SRR29999109_2	1	1	1	1	0.5	0.25	1	0.5	0.25	0.5	1
SRR29999110_1	1	1	1	1	0.5	0.25	1	0.5	0.25	0.5	1
SRR29999110_2	1	1	1	1	0.5	0.25	1	0.5	0.25	0.5	1
SRR29999111_1	1	1	1	1	0.5	0.25	1	0.5	0.25	0.5	1
SRR29999111_2	1	1	1	1	0.5	0.25	1	0.5	0.25	0.5	1
SRR29999112_1	1	1	1	1	0.5	0.25	1	0.5	0.5	0.5	1
SRR29999112_2	1	1	1	1	0.5	0.25	1	0.5	0.25	0.5	1
SRR29999113_1	1	1	1	1	0.5	0.25	1	0.5	0.5	0.5	1
SRR29999113_2	1	1	1	1	0.25	0.25	1	0.5	0.5	0.5	1
SRR29999114_1	1	1	1	1	0.5	0.25	1	0.5	0.5	0.5	1
SRR29999114_2	1	1	1	1	0.25	0.25	1	0.5	0.5	0.5	1
SRR29999115_1	1	1	1	1	0.5	0.25	1	0.5	0.25	0.25	1
SRR29999115_2	1	1	1	1	0.5	0.25	1	0.5	0.25	0.5	1
SRR29999116_1	1	1	1	1	0.5	0.25	1	0.5	0.5	0.5	1
SRR29999116_2	1	1	1	1	0.25	0.25	1	0.5	0.5	0.5	1
SRR29999117_1	1	1	1	1	0.5	0.25	1	0.5	0.25	0.5	1
SRR29999117_2	1	1	1	1	0.25	0.25	1	0.5	0.25	0.5	1
SRR29999118_1	1	1	1	1	0.5	0.25	1	0.5	0.5	0.5	1
SRR29999118_2	1	1	1	1	0.25	0.25	1	0.5	0.5	0.5	1
SRR29999119_1	1	1	1	1	0.5	0.25	1	0.5	0.5	0.5	1
SRR29999119_2	1	1	1	1	0.25	0.25	1	0.5	0.5	0.5	1
SRR29999120_1	1	1	1	1	0.5	0.25	1	0.5	0.5	0.5	1
SRR29999120_2	1	1	1	1	0.25	0.25	1	0.5	0.5	0.5	1
SRR29999121_1	1	1	1	1	0.5	0.25	1	0.5	0.5	0.5	1
SRR29999121_2	1	1	1	1	0.25	0.25	1	0.5	0.5	0.5	1
SRR29999122_1	1	1	1	1	0.5	0.25	1	0.5	0.5	0.5	1
SRR29999122_2	1	1	1	1	0.25	0.25	1	0.5	0.5	0.5	1
SRR29999123_1	1	1	1	1	0.5	0.25	1	0.5	0.5	0.5	1
SRR29999123_2	1	1	1	1	0.25	0.25	1	0.5	0.5	0.5	1
SRR29999124_1	1	1	1	1	0.5	0.25	1	0.5	0.5	0.25	1
SRR29999124_2	1	1	1	1	0.25	0.25	1	0.5	0.5	0.5	1
SRR29999125_1	1	1	1	1	0.5	0.25	1	0.5	0.5	0.5	1
SRR29999125_2	1	1	1	1	0.25	0.25	1	0.5	0.25	0.5	1
SRR29999126_1	1	1	1	1	0.5	0.25	1	0.5	0.25	0.25	1
SRR29999126_2	1	1	1	1	0.5	0.25	1	0.5	0.25	0.5	1
SRR29999127_1	1	1	1	1	0.5	0.25	1	0.5	0.25	0.5	1
SRR29999127_2	1	1	1	1	0.5	0.25	1	0.5	0.25	0.5	1
SRR29999128_1	1	1	1	1	0.5	0.25	1	0.5	0.25	0.5	1
SRR29999128_2	1	1	1	1	0.5	0.25	1	0.5	0.25	0.5	1
SRR29999129_1	1	1	1	1	0.5	0.25	1	0.5	0.25	0.5	1
SRR29999129_2	1	1	1	1	0.25	0.25	1	0.5	0.25	0.5	1
SRR29999130_1	1	1	1	1	0.5	0.25	1	0.5	0.5	0.5	1
SRR29999130_2	1	1	1	1	0.25	0.25	1	0.5	0.5	0.5	1
SRR29999131_1	1	1	1	1	0.5	0.25	1	0.5	0.5	0.5	1
SRR29999131_2	1	1	1	1	0.25	0.25	1	0.5	0.5	0.5	1
SRR29999132_1	1	1	1	1	0.5	0.25	1	0.5	0.25	0.25	1
SRR29999132_2	1	1	1	1	0.25	0.25	1	0.5	0.25	0.25	1
SRR29999133_1	1	1	1	1	0.5	0.25	1	0.5	0.25	0.5	1
SRR29999133_2	1	1	1	1	0.5	0.25	1	0.5	0.25	0.5	1
SRR29999134_1	1	1	1	1	0.5	0.25	1	0.5	0.25	0.5	1
SRR29999134_2	1	1	1	1	0.5	0.25	1	0.5	0.25	0.5	1
SRR29999135_1	1	1	1	1	0.5	0.25	1	0.5	0.5	0.5	1
SRR29999135_2	1	1	1	1	0.5	0.25	1	0.5	0.25	0.5	1
SRR29999136_1	1	1	1	1	0.5	0.25	1	0.5	0.25	0.25	1
SRR29999136_2	1	1	1	1	0.25	0.25	1	0.5	0.25	0.25	1
SRR29999137_1	1	1	1	1	0.5	0.25	1	0.5	0.25	0.25	1
SRR29999137_2	1	1	1	1	0.5	0.25	1	0.5	0.25	0.5	1
SRR29999138_1	1	1	1	1	0.5	0.25	1	0.5	0.25	0.5	1
SRR29999138_2	1	1	1	1	0.5	0.25	1	0.5	0.25	0.5	1
SRR29999139_1	1	1	1	1	0.5	0.25	1	0.5	0.5	0.5	1
SRR29999139_2	1	1	1	1	0.5	0.25	1	0.5	0.5	0.5	1
SRR29999140_1	1	1	1	1	0.5	0.25	1	0.5	0.25	0.5	1
SRR29999140_2	1	1	1	1	0.5	0.25	1	0.5	0.25	0.5	1
SRR29999141_1	1	1	1	1	0.5	0.25	1	0.5	0.25	0.5	1
SRR29999141_2	1	1	1	1	0.25	0.25	1	0.5	0.25	0.5	1
SRR29999142_1	1	1	1	1	0.5	0.25	1	0.5	0.5	0.5	1
SRR29999142_2	1	1	1	1	0.25	0.25	1	0.5	0.5	0.5	1
SRR29999143_1	1	1	1	1	0.5	0.25	1	0.5	0.5	0.5	1
SRR29999143_2	1	1	1	1	0.25	0.25	1	0.5	0.5	0.5	1
