Sample	0	1	2	3	4	5	6	7	8	9	10	11	12	13	14	15
SRR29999095_1	(1.0, 32.670606424754716)	(2.0, 12.648099683662661)	(3.0, 5.80070490527426)	(4.0, 3.534660567708002)	(5.0, 2.344809000637045)	(6.0, 1.7616981015387236)	(7.0, 1.3594506574121086)	(8.0, 1.1785948272498685)	(9.0, 0.966971622986402)	('>10', 10.210104944366972)	('>50', 2.5664243905316084)	('>100', 3.8698470196099155)	('>500', 1.4161685450983896)	('>1k', 3.9452660235176435)	('>5k', 1.760700771522195)	('>10k+', 13.965892514129475)
SRR29999095_2	(1.0, 33.280091854000126)	(2.0, 12.15614606494836)	(3.0, 5.826964210420374)	(4.0, 3.4113543078689754)	(5.0, 2.331180417613367)	(6.0, 1.8672142228652207)	(7.0, 1.4056813581012062)	(8.0, 1.095100476485745)	(9.0, 1.0316700860147854)	('>10', 10.57062084662928)	('>50', 2.47005432843555)	('>100', 3.6133389619090566)	('>500', 1.3131697832684672)	('>1k', 3.4059953118290944)	('>5k', 2.003501472916341)	('>10k+', 14.21791629669403)
SRR29999096_1	(1.0, 43.17189240529278)	(2.0, 13.856004467407443)	(3.0, 5.794568227498726)	(4.0, 3.1753610251950692)	(5.0, 2.1843815312710313)	(6.0, 1.5029770141939132)	(7.0, 1.16748554086504)	(8.0, 0.95623095755651)	(9.0, 0.7784612060786498)	('>10', 7.474811488705978)	('>50', 1.6793030209850104)	('>100', 2.6441234516988423)	('>500', 1.1426185597524403)	('>1k', 3.6567989422352056)	('>5k', 1.888299601288593)	('>10k+', 8.926682559974864)
SRR29999096_2	(1.0, 44.01224565970139)	(2.0, 13.376850200230784)	(3.0, 5.859423491402254)	(4.0, 3.2785788849986592)	(5.0, 2.164437830212303)	(6.0, 1.4591026220956549)	(7.0, 1.1815416798441694)	(8.0, 0.985142443681003)	(9.0, 0.7778640654439154)	('>10', 7.471706993440544)	('>50', 1.6017526849951391)	('>100', 2.3719319429277053)	('>500', 1.0227204944934072)	('>1k', 3.4302033202683155)	('>5k', 2.132483570179252)	('>10k+', 8.874014116085252)
SRR29999097_1	(1.0, 45.62042173766121)	(2.0, 13.568895658523214)	(3.0, 5.78138627676782)	(4.0, 3.2446558111766826)	(5.0, 2.136748131352058)	(6.0, 1.6157716006748726)	(7.0, 1.142773780414023)	(8.0, 1.0198416509059578)	(9.0, 0.8135033498741133)	('>10', 7.3822696178275375)	('>50', 1.6191647836741798)	('>100', 2.6986931075641247)	('>500', 0.9886013715624102)	('>1k', 2.579862645218864)	('>5k', 1.3395417686414672)	('>10k+', 8.447868708161652)
SRR29999097_2	(1.0, 45.779384148607356)	(2.0, 13.521753972964106)	(3.0, 5.7416087218885785)	(4.0, 3.207018374918966)	(5.0, 2.115375897401107)	(6.0, 1.6595159021723076)	(7.0, 1.2065497419988636)	(8.0, 0.9406027795444765)	(9.0, 0.8031463259933043)	('>10', 7.489721844341004)	('>50', 1.7073020840866586)	('>100', 2.5253491738676916)	('>500', 0.8001719665487967)	('>1k', 2.2456389002266666)	('>5k', 1.7010380647095016)	('>10k+', 8.55582210073061)
SRR29999098_1	(1.0, 49.02170165365626)	(2.0, 13.629434736285317)	(3.0, 5.508791195967314)	(4.0, 3.0568569185342027)	(5.0, 1.9323696285216654)	(6.0, 1.4470182723153717)	(7.0, 1.0245491332316967)	(8.0, 0.8218631207272367)	(9.0, 0.6876288492430648)	('>10', 6.348596025396218)	('>50', 1.571515135159444)	('>100', 2.9436165924270288)	('>500', 0.9565073685887118)	('>1k', 2.0833452404965405)	('>5k', 1.1446888133623938)	('>10k+', 7.821517316087519)
SRR29999098_2	(1.0, 49.75496799060822)	(2.0, 13.360916994669623)	(3.0, 5.453365941187838)	(4.0, 3.01393777939727)	(5.0, 1.9413853979952969)	(6.0, 1.3841664518054135)	(7.0, 1.0136992957706028)	(8.0, 0.830902296647548)	(9.0, 0.6412891468255002)	('>10', 6.5508844839758495)	('>50', 1.596095967907789)	('>100', 2.6428602744646077)	('>500', 0.7763854202715335)	('>1k', 1.901874230559663)	('>5k', 1.544560217674484)	('>10k+', 7.592708110238747)
SRR29999099_1	(1.0, 44.81587684371725)	(2.0, 12.220738861674162)	(3.0, 4.931445275399864)	(4.0, 2.8440191508725814)	(5.0, 1.9334192707946236)	(6.0, 1.415307454400834)	(7.0, 1.043817284065896)	(8.0, 0.8520984130267563)	(9.0, 0.7137940071405369)	('>10', 6.921926768653399)	('>50', 1.715639360857028)	('>100', 3.0242091920449803)	('>500', 1.1155781781451055)	('>1k', 3.528881112426295)	('>5k', 1.8713166270588233)	('>10k+', 11.051932199721822)
SRR29999099_2	(1.0, 45.127701710441094)	(2.0, 11.957607675749843)	(3.0, 5.058268461778847)	(4.0, 2.842609548307368)	(5.0, 1.9325426804834855)	(6.0, 1.380973236418944)	(7.0, 1.0476795483991872)	(8.0, 0.8830203104257726)	(9.0, 0.7177942314291287)	('>10', 7.181506841312567)	('>50', 1.7446352660405566)	('>100', 2.71414835876722)	('>500', 1.0349086727424264)	('>1k', 3.1312362646224825)	('>5k', 1.7967598655510644)	('>10k+', 11.448607327529984)
SRR29999100_1	(1.0, 46.325549202473844)	(2.0, 11.68098597569644)	(3.0, 4.722013816254292)	(4.0, 2.6006555025618634)	(5.0, 1.7177770607070024)	(6.0, 1.2532309198226852)	(7.0, 0.9515413913835556)	(8.0, 0.6820532886432805)	(9.0, 0.5889203351271773)	('>10', 5.891185296403314)	('>50', 1.481274615613848)	('>100', 2.438151981407536)	('>500', 1.0473605606473395)	('>1k', 4.046494811722007)	('>5k', 2.7855021489726917)	('>10k+', 11.787303092563253)
SRR29999100_2	(1.0, 46.55172512272849)	(2.0, 11.587579645841075)	(3.0, 4.7030973720340885)	(4.0, 2.6021206139703854)	(5.0, 1.7464817497759535)	(6.0, 1.2745836854158512)	(7.0, 0.9493441046711203)	(8.0, 0.7796801759743427)	(9.0, 0.621608070690884)	('>10', 6.033116198066431)	('>50', 1.4070621450828917)	('>100', 2.0269264255826536)	('>500', 0.8027741333518624)	('>1k', 4.205702834988697)	('>5k', 2.908050122713125)	('>10k+', 11.800147599112163)
SRR29999101_1	(1.0, 46.96194112997406)	(2.0, 14.321687068849807)	(3.0, 6.0812060022423235)	(4.0, 3.4681840523289034)	(5.0, 2.20260325092478)	(6.0, 1.6386854384462368)	(7.0, 1.202556322225493)	(8.0, 0.9860876902218056)	(9.0, 0.8029993216134423)	('>10', 7.3615404189487945)	('>50', 1.5443047937557097)	('>100', 2.278361669810487)	('>500', 0.8690145743692685)	('>1k', 2.1198392921833373)	('>5k', 1.1346454596266704)	('>10k+', 7.026343514478832)
SRR29999101_2	(1.0, 46.68713301572895)	(2.0, 14.110214320602754)	(3.0, 6.078714706503047)	(4.0, 3.4211482033863856)	(5.0, 2.2765911126168303)	(6.0, 1.5985871806383847)	(7.0, 1.3258854500631039)	(8.0, 1.0093798619951693)	(9.0, 0.8334922509035971)	('>10', 7.652761993375873)	('>50', 1.611193223015256)	('>100', 2.2864804339369775)	('>500', 0.7313961329399788)	('>1k', 2.212943719315203)	('>5k', 1.6553837405292486)	('>10k+', 6.508694654449271)
SRR29999102_1	(1.0, 40.86673123227473)	(2.0, 13.38877463608927)	(3.0, 5.8407098804696576)	(4.0, 3.411176154201475)	(5.0, 2.2007971049115485)	(6.0, 1.662033942028323)	(7.0, 1.3459374657882197)	(8.0, 1.1301385562382806)	(9.0, 0.8983339195924009)	('>10', 8.910010565869996)	('>50', 1.9898129604963364)	('>100', 3.030754390520551)	('>500', 0.9732152440726684)	('>1k', 2.339644947315891)	('>5k', 1.187744746854314)	('>10k+', 10.824184253276233)
SRR29999102_2	(1.0, 40.01002817930988)	(2.0, 12.961448824694896)	(3.0, 6.026219915892225)	(4.0, 3.521822590991676)	(5.0, 2.3345449700883707)	(6.0, 1.7332345276509071)	(7.0, 1.393472510364477)	(8.0, 1.148824201510659)	(9.0, 0.8872284196105754)	('>10', 9.593744106333933)	('>50', 2.1872692917986876)	('>100', 2.9378134588981473)	('>500', 0.8309942500196497)	('>1k', 2.1576401731377053)	('>5k', 1.4196110922608787)	('>10k+', 10.856103487437293)
SRR29999103_1	(1.0, 31.103279051025794)	(2.0, 13.410988712436753)	(3.0, 6.603982895873586)	(4.0, 3.7312831417457573)	(5.0, 2.5591614711669024)	(6.0, 1.8612089710878905)	(7.0, 1.5109932833142121)	(8.0, 1.1999388367031432)	(9.0, 0.9968468924161462)	('>10', 10.718869025123508)	('>50', 2.72052533613172)	('>100', 4.0979572362183765)	('>500', 1.3026852922265963)	('>1k', 2.9104910149200043)	('>5k', 1.086881217959916)	('>10k+', 14.184907621649504)
SRR29999103_2	(1.0, 31.327924006967805)	(2.0, 13.004535031211473)	(3.0, 6.469513561581717)	(4.0, 3.6824267228302574)	(5.0, 2.6004678892504747)	(6.0, 1.8937755646964884)	(7.0, 1.4908731398872015)	(8.0, 1.2641527901877045)	(9.0, 1.0318519581654961)	('>10', 11.058545579075286)	('>50', 2.792425481761897)	('>100', 3.993825090153744)	('>500', 1.194927347439717)	('>1k', 2.4904076857966544)	('>5k', 1.53620167023861)	('>10k+', 14.168146480755539)
SRR29999104_1	(1.0, 28.510319541533274)	(2.0, 7.676301115642923)	(3.0, 3.4397131928487568)	(4.0, 2.203608202846058)	(5.0, 1.5951613828035671)	(6.0, 1.2632727860406558)	(7.0, 1.0245721001338883)	(8.0, 0.8418726466378059)	(9.0, 0.7314132578053558)	('>10', 9.769467112886165)	('>50', 3.596029175849945)	('>100', 6.422416826192913)	('>500', 1.7944795331243961)	('>1k', 3.7424338297815662)	('>5k', 1.5987711298118552)	('>10k+', 25.79016816606095)
SRR29999104_2	(1.0, 29.92755271145166)	(2.0, 7.379970876843954)	(3.0, 3.4314832078656043)	(4.0, 2.167855310374239)	(5.0, 1.5636754573091303)	(6.0, 1.2055121549324184)	(7.0, 1.036586010173644)	(8.0, 0.8335147754842124)	(9.0, 0.7518474004921233)	('>10', 9.830002214166312)	('>50', 3.6791004349340164)	('>100', 6.048324685046008)	('>500', 1.5771122913885205)	('>1k', 2.9698567665763007)	('>5k', 1.4982054183365683)	('>10k+', 26.09940028462536)
SRR29999105_1	(1.0, 20.85877491870379)	(2.0, 6.764648636547174)	(3.0, 2.933362957940625)	(4.0, 1.7294703099245297)	(5.0, 1.2066887944159812)	(6.0, 0.9251310894303468)	(7.0, 0.7690540205763098)	(8.0, 0.607772179451523)	(9.0, 0.5534170502297766)	('>10', 7.059258315877123)	('>50', 2.258479878385949)	('>100', 3.9904181383469637)	('>500', 1.4093527449910703)	('>1k', 4.902689908624478)	('>5k', 3.253212822443529)	('>10k+', 40.778268234110854)
SRR29999105_2	(1.0, 21.758466530565894)	(2.0, 6.603908293328292)	(3.0, 2.8916103693457362)	(4.0, 1.7272122627629565)	(5.0, 1.2266636414205028)	(6.0, 0.9325092821951005)	(7.0, 0.7622246145849537)	(8.0, 0.6858101382714179)	(9.0, 0.5585615998745032)	('>10', 7.272083793657387)	('>50', 2.2681121607363504)	('>100', 3.5293320442223406)	('>500', 0.9287053370231172)	('>1k', 3.633763336532292)	('>5k', 4.081125192074288)	('>10k+', 41.139911403404874)
SRR29999106_1	(1.0, 37.733716028696385)	(2.0, 10.757596140445232)	(3.0, 4.380789433497136)	(4.0, 2.391313478935461)	(5.0, 1.5752119517515681)	(6.0, 1.180453810305975)	(7.0, 0.904992639538142)	(8.0, 0.7501964904513247)	(9.0, 0.6427218797513689)	('>10', 6.743098482431352)	('>50', 1.8009931545057165)	('>100', 2.882598616077194)	('>500', 1.08765544059529)	('>1k', 4.135973584166471)	('>5k', 3.2884088200551624)	('>10k+', 19.744280048796355)
SRR29999106_2	(1.0, 37.9773944509659)	(2.0, 10.651201782258354)	(3.0, 4.487811128844531)	(4.0, 2.4976962497816193)	(5.0, 1.663312619183723)	(6.0, 1.1801081932722015)	(7.0, 0.9683212940517031)	(8.0, 0.7861767590774499)	(9.0, 0.6338361928121511)	('>10', 6.814862542100829)	('>50', 1.7563341827260215)	('>100', 2.2219148401804993)	('>500', 0.7146119804673863)	('>1k', 4.034754144552774)	('>5k', 3.920141287792088)	('>10k+', 19.69152235193279)
SRR29999107_1	(1.0, 32.44180556183491)	(2.0, 11.916464936628309)	(3.0, 5.674580030014935)	(4.0, 3.3824597343957374)	(5.0, 2.411656657904649)	(6.0, 1.8744301533610883)	(7.0, 1.4768052411027899)	(8.0, 1.1658810440887404)	(9.0, 1.0355951321217467)	('>10', 11.31745368965511)	('>50', 2.767053905470253)	('>100', 3.8588688404205254)	('>500', 1.3275660539334437)	('>1k', 4.124907296646674)	('>5k', 1.8565575980812636)	('>10k+', 13.367914124339574)
SRR29999107_2	(1.0, 32.168459557003395)	(2.0, 11.484425952198823)	(3.0, 5.652885388486967)	(4.0, 3.430097734465867)	(5.0, 2.4639120902649436)	(6.0, 1.81353956003289)	(7.0, 1.5218164853531861)	(8.0, 1.297946804487201)	(9.0, 1.0710344068470043)	('>10', 11.742240260767407)	('>50', 2.823934436687952)	('>100', 3.9502679987952307)	('>500', 1.339844563601679)	('>1k', 3.5395973094016875)	('>5k', 1.8366588825915784)	('>10k+', 13.863338569014399)
SRR29999108_1	(1.0, 43.58752139933917)	(2.0, 14.838235748525783)	(3.0, 6.267449144446941)	(4.0, 3.4514665090119836)	(5.0, 2.2163803520618885)	(6.0, 1.6130298002836514)	(7.0, 1.1676492751045657)	(8.0, 1.0085144860317536)	(9.0, 0.7509021603340427)	('>10', 7.6179700993121)	('>50', 1.647212280671761)	('>100', 2.6054697995491387)	('>500', 0.9718633479303527)	('>1k', 2.119838786265156)	('>5k', 1.1412033838559383)	('>10k+', 8.995293427275783)
SRR29999108_2	(1.0, 42.63783798111086)	(2.0, 14.515631707291446)	(3.0, 6.409626331373236)	(4.0, 3.62934777191199)	(5.0, 2.3277453721448804)	(6.0, 1.6663003132664105)	(7.0, 1.2417117854060153)	(8.0, 1.0384223886928898)	(9.0, 0.8362957006338961)	('>10', 8.037422041162397)	('>50', 1.7400486242639248)	('>100', 2.641006447044289)	('>500', 0.8138290026711572)	('>1k', 2.0319919678888896)	('>5k', 1.3872042665999718)	('>10k+', 9.045578298538077)
SRR29999109_1	(1.0, 31.53915098247869)	(2.0, 12.413197745918708)	(3.0, 5.661757985318571)	(4.0, 3.1147842831074875)	(5.0, 2.0897503710028404)	(6.0, 1.5279234503312749)	(7.0, 1.2630476971265536)	(8.0, 1.027327321486714)	(9.0, 0.8659659566756439)	('>10', 8.782604748251508)	('>50', 2.311960965782377)	('>100', 3.76647954835539)	('>500', 1.3658984662650993)	('>1k', 4.523395511507376)	('>5k', 3.3002418801231963)	('>10k+', 16.4465130862688)
SRR29999109_2	(1.0, 30.697285400436748)	(2.0, 12.021615338092442)	(3.0, 5.6101096588359445)	(4.0, 3.204083782878784)	(5.0, 2.1988732467150984)	(6.0, 1.6264721965863858)	(7.0, 1.3317069768462981)	(8.0, 1.076308212134441)	(9.0, 0.8754174397101183)	('>10', 9.523262844544362)	('>50', 2.4375915580706624)	('>100', 3.493412925448459)	('>500', 1.1206726881995415)	('>1k', 4.290489522143299)	('>5k', 3.1237446803373663)	('>10k+', 17.368953529020047)
SRR29999110_1	(1.0, 26.92353760914003)	(2.0, 10.176215703537908)	(3.0, 4.2672933298189974)	(4.0, 2.313750211189377)	(5.0, 1.539166572354927)	(6.0, 1.1223090630657366)	(7.0, 0.8711153211552582)	(8.0, 0.7443386330138527)	(9.0, 0.6091077682609705)	('>10', 6.7687524797660075)	('>50', 1.9424927147580218)	('>100', 3.4130651906120772)	('>500', 1.3826261331241696)	('>1k', 4.762788503713053)	('>5k', 3.627673820517472)	('>10k+', 29.53576694597202)
SRR29999110_2	(1.0, 26.58143590207339)	(2.0, 9.820676213882686)	(3.0, 4.379997029832413)	(4.0, 2.346370901252052)	(5.0, 1.558636084326449)	(6.0, 1.158408212964194)	(7.0, 0.9169035764080876)	(8.0, 0.7429373707973816)	(9.0, 0.6417611861159868)	('>10', 7.228513092144549)	('>50', 1.9764310529901092)	('>100', 2.9058019120552885)	('>500', 0.8320660543013104)	('>1k', 3.860000220053202)	('>5k', 4.244056210547497)	('>10k+', 30.806004980255274)
SRR29999111_1	(1.0, 28.537449374096486)	(2.0, 11.123145195858667)	(3.0, 4.699769489129473)	(4.0, 2.5030774613878646)	(5.0, 1.6677092786932877)	(6.0, 1.2061378158308227)	(7.0, 0.9307099082369229)	(8.0, 0.717810197793459)	(9.0, 0.6065037914518662)	('>10', 6.614586442886767)	('>50', 1.8693593794277936)	('>100', 3.429602627304086)	('>500', 1.5153494474846994)	('>1k', 4.75831420097292)	('>5k', 3.627615617055081)	('>10k+', 26.19285977238961)
SRR29999111_2	(1.0, 29.051467030634235)	(2.0, 10.916018296689998)	(3.0, 4.779237909392952)	(4.0, 2.586790414580979)	(5.0, 1.6534554396309797)	(6.0, 1.1875210794257307)	(7.0, 0.9111215277669232)	(8.0, 0.7951812667992308)	(9.0, 0.6084282263683136)	('>10', 6.712588518991508)	('>50', 1.91580766313051)	('>100', 2.892903058471327)	('>500', 0.9953821011398087)	('>1k', 4.467061344591126)	('>5k', 3.7839385181658045)	('>10k+', 26.74309760422068)
SRR29999112_1	(1.0, 39.42927093853234)	(2.0, 13.262930789768603)	(3.0, 5.562993240588094)	(4.0, 3.2075950279158305)	(5.0, 1.9915367910791797)	(6.0, 1.4831190774944534)	(7.0, 1.1610287766606715)	(8.0, 0.941039380352229)	(9.0, 0.7777299438917076)	('>10', 7.850117966970603)	('>50', 1.9973196448482091)	('>100', 3.6512118946950682)	('>500', 1.4817976977786453)	('>1k', 4.068666612349152)	('>5k', 2.1393752668436368)	('>10k+', 10.994266950231632)
SRR29999112_2	(1.0, 38.55041957553982)	(2.0, 13.033542132776411)	(3.0, 5.611156990217378)	(4.0, 3.226433967809729)	(5.0, 2.1177383947569477)	(6.0, 1.6064759746836583)	(7.0, 1.2232198853140677)	(8.0, 0.9637221967343026)	(9.0, 0.8572736543037869)	('>10', 8.431321139355626)	('>50', 2.1441059763564465)	('>100', 3.451278173054484)	('>500', 1.3612636905567)	('>1k', 3.6641267429707183)	('>5k', 2.4101326041398274)	('>10k+', 11.347788901429858)
SRR29999113_1	(1.0, 50.92414167221544)	(2.0, 12.8953079822479)	(3.0, 5.4392701602578954)	(4.0, 3.2106606369297004)	(5.0, 2.1239280946004526)	(6.0, 1.450804828195238)	(7.0, 1.1599200251719308)	(8.0, 0.9936712740983181)	(9.0, 0.7964503573323598)	('>10', 7.79269752083102)	('>50', 1.9799175247088872)	('>100', 3.126180427449098)	('>500', 0.8730555231590871)	('>1k', 1.5999611665995561)	('>5k', 1.1061435620704518)	('>10k+', 4.527889244132535)
SRR29999113_2	(1.0, 50.57683652895443)	(2.0, 13.229772227173738)	(3.0, 5.487353602019917)	(4.0, 3.085827648410959)	(5.0, 2.096291015760393)	(6.0, 1.5459950032439278)	(7.0, 1.1607093932077823)	(8.0, 1.0093657096183575)	(9.0, 0.7412687383015616)	('>10', 7.843010520704998)	('>50', 2.063301829209718)	('>100', 2.9999756247110843)	('>500', 0.7871305029707957)	('>1k', 1.6905993305502118)	('>5k', 1.2273109605133323)	('>10k+', 4.455251364648862)
SRR29999114_1	(1.0, 40.10575277609023)	(2.0, 13.898065143630445)	(3.0, 6.145954553263023)	(4.0, 3.3826527939939073)	(5.0, 2.309392267635661)	(6.0, 1.7073950446291688)	(7.0, 1.2777540190402412)	(8.0, 1.0357504235209007)	(9.0, 0.8437957160893153)	('>10', 8.751387424880699)	('>50', 2.3898111838216267)	('>100', 3.5420147304369634)	('>500', 1.0795423974445908)	('>1k', 2.280693794474174)	('>5k', 1.013546708666416)	('>10k+', 10.236491022382541)
SRR29999114_2	(1.0, 40.476932976317876)	(2.0, 13.611576024282773)	(3.0, 6.128187566692402)	(4.0, 3.3987586748578864)	(5.0, 2.16976884035918)	(6.0, 1.6654216153375443)	(7.0, 1.2890595519919827)	(8.0, 1.0514894738090979)	(9.0, 0.8476358794964441)	('>10', 8.919877119678565)	('>50', 2.378704097157977)	('>100', 3.451989652531393)	('>500', 0.9313226219373685)	('>1k', 2.04128233774351)	('>5k', 1.2636945183676966)	('>10k+', 10.374299049438335)
SRR29999115_1	(1.0, 24.279045809603332)	(2.0, 6.842583760468139)	(3.0, 2.862389653436483)	(4.0, 1.6889287123812906)	(5.0, 1.1193400422587716)	(6.0, 0.8449631303046607)	(7.0, 0.738424329999385)	(8.0, 0.5818690640896655)	(9.0, 0.5066689410130107)	('>10', 6.086094674011812)	('>50', 1.9842887573982022)	('>100', 3.4236426962610906)	('>500', 1.1565506435150166)	('>1k', 3.7386214874685195)	('>5k', 3.116653261468091)	('>10k+', 41.02993503632248)
SRR29999115_2	(1.0, 24.241249595014448)	(2.0, 6.795781782320296)	(3.0, 2.933426159426828)	(4.0, 1.665696615087758)	(5.0, 1.1850741559099538)	(6.0, 0.910128965896492)	(7.0, 0.7345205343340693)	(8.0, 0.5745651652706385)	(9.0, 0.5147910686148268)	('>10', 6.331319856544766)	('>50', 2.05559152795982)	('>100', 3.0958359508591884)	('>500', 0.749288502779952)	('>1k', 2.7705510379016527)	('>5k', 3.144348788138514)	('>10k+', 42.297830293940805)
SRR29999116_1	(1.0, 43.74389678521141)	(2.0, 14.787746539265465)	(3.0, 6.462569294091214)	(4.0, 3.5028864137523796)	(5.0, 2.420141466863992)	(6.0, 1.69395521725875)	(7.0, 1.2645511798559808)	(8.0, 1.001748246866307)	(9.0, 0.8626524391602772)	('>10', 7.975940941517308)	('>50', 1.8132693795198644)	('>100', 2.678990716569936)	('>500', 0.7453183898806015)	('>1k', 1.69382497003075)	('>5k', 1.0385513677392468)	('>10k+', 8.313956652416664)
SRR29999116_2	(1.0, 42.76997174907721)	(2.0, 14.617279279218277)	(3.0, 6.5615135176933475)	(4.0, 3.6292637740765055)	(5.0, 2.4808639869349003)	(6.0, 1.822797931234124)	(7.0, 1.3303375261624042)	(8.0, 1.0741334473518482)	(9.0, 0.8962507196158037)	('>10', 8.315079026396303)	('>50', 1.9063153416443306)	('>100', 2.69615900294964)	('>500', 0.6909889086199124)	('>1k', 1.7687455601652364)	('>5k', 1.1499473148382566)	('>10k+', 8.29035291402176)
SRR29999117_1	(1.0, 30.925699926469473)	(2.0, 15.379791325888498)	(3.0, 7.902684986554011)	(4.0, 4.620831115933235)	(5.0, 2.9446470770732227)	(6.0, 2.1958631971222338)	(7.0, 1.6921891590877016)	(8.0, 1.3192610408418708)	(9.0, 1.0098274586482117)	('>10', 9.707110424449947)	('>50', 1.9972941039781842)	('>100', 3.1206576741279384)	('>500', 1.1197880066196673)	('>1k', 2.328706306090145)	('>5k', 1.0006607711369004)	('>10k+', 12.734987425978813)
SRR29999117_2	(1.0, 32.45274313971902)	(2.0, 15.07887061207417)	(3.0, 7.679286328663094)	(4.0, 4.513278074009646)	(5.0, 2.9844478774350995)	(6.0, 2.0478001027048465)	(7.0, 1.630745253634904)	(8.0, 1.320218190723343)	(9.0, 1.050167857438156)	('>10', 9.646055493290628)	('>50', 2.017054926726048)	('>100', 2.9610088573461635)	('>500', 0.9017811252464895)	('>1k', 2.006551069852167)	('>5k', 1.1153929610657336)	('>10k+', 12.594598130070281)
SRR29999118_1	(1.0, 47.62404697198488)	(2.0, 14.819351220731388)	(3.0, 6.211821372364459)	(4.0, 3.364006502283417)	(5.0, 2.130498506997694)	(6.0, 1.5405877888584965)	(7.0, 1.1623191562540292)	(8.0, 0.9331996723959078)	(9.0, 0.7207020342725531)	('>10', 6.772681548642979)	('>50', 1.6111234524512914)	('>100', 2.865192610429272)	('>500', 0.9391694560820041)	('>1k', 1.9781970419123187)	('>5k', 1.048521023932984)	('>10k+', 6.278581640406491)
SRR29999118_2	(1.0, 47.348012545386396)	(2.0, 14.556452971959727)	(3.0, 6.274343936463465)	(4.0, 3.426773209030258)	(5.0, 2.269083288293352)	(6.0, 1.577464983369334)	(7.0, 1.1495973096063559)	(8.0, 0.9313260389949127)	(9.0, 0.7432837403557646)	('>10', 7.0191248283831555)	('>50', 1.7842198790431985)	('>100', 2.6980627474948915)	('>500', 0.795251995044481)	('>1k', 1.9907237451057416)	('>5k', 1.4388145107390813)	('>10k+', 5.997464270729962)
SRR29999119_1	(1.0, 48.108574839930654)	(2.0, 15.722319083091804)	(3.0, 6.520213314673841)	(4.0, 3.5142614553921194)	(5.0, 2.279022571671236)	(6.0, 1.4878339625822905)	(7.0, 1.183984111898764)	(8.0, 0.9337057275436554)	(9.0, 0.7181603754899429)	('>10', 6.263661527331875)	('>50', 1.2846282135440412)	('>100', 1.904292278582306)	('>500', 0.5334012341207375)	('>1k', 1.4494608465856)	('>5k', 0.9907159625833026)	('>10k+', 7.105764494978059)
SRR29999119_2	(1.0, 47.341457222907366)	(2.0, 15.494193136862092)	(3.0, 6.647821641805766)	(4.0, 3.704685178566345)	(5.0, 2.3688547058878022)	(6.0, 1.6185531999552398)	(7.0, 1.1964480865551723)	(8.0, 0.9118182881140795)	(9.0, 0.7388920946093819)	('>10', 6.680094709263256)	('>50', 1.3529472589672555)	('>100', 1.8442905922494206)	('>500', 0.4643641214473973)	('>1k', 1.4901574124824122)	('>5k', 1.1939261805104555)	('>10k+', 6.951496169816471)
SRR29999120_1	(1.0, 45.30496917108999)	(2.0, 14.32182518800962)	(3.0, 6.053109349665078)	(4.0, 3.296243362436497)	(5.0, 2.2563211529079075)	(6.0, 1.5987486699235929)	(7.0, 1.2639505943576248)	(8.0, 0.9548511007441888)	(9.0, 0.8040948573673734)	('>10', 7.880411979441199)	('>50', 1.864452490510234)	('>100', 2.7036356526139818)	('>500', 0.8297500588560606)	('>1k', 2.069414117214783)	('>5k', 1.1270193910243964)	('>10k+', 7.671202863837302)
SRR29999120_2	(1.0, 44.6408483060463)	(2.0, 14.150211842188188)	(3.0, 5.970030307759436)	(4.0, 3.532574169206885)	(5.0, 2.278882752863971)	(6.0, 1.6682348170853123)	(7.0, 1.2905890355387635)	(8.0, 1.0165428118579962)	(9.0, 0.8225539446486362)	('>10', 8.248058449014541)	('>50', 1.8605942297171427)	('>100', 2.6526670592778903)	('>500', 0.8226579692465417)	('>1k', 2.1505288458962832)	('>5k', 1.3095573276905732)	('>10k+', 7.585468131961437)
SRR29999121_1	(1.0, 44.451180103451975)	(2.0, 13.811156225617063)	(3.0, 5.913383691517711)	(4.0, 3.3351031092659826)	(5.0, 2.233352683817023)	(6.0, 1.6109071658419294)	(7.0, 1.2031763796351778)	(8.0, 1.003967875641447)	(9.0, 0.8439144360048467)	('>10', 7.988156653397052)	('>50', 2.010923720200828)	('>100', 3.1493761564301357)	('>500', 0.9987990143781575)	('>1k', 2.0069863759509126)	('>5k', 1.0975550747568206)	('>10k+', 8.342061334092904)
SRR29999121_2	(1.0, 42.86840473638777)	(2.0, 13.904792948186165)	(3.0, 6.038928429436059)	(4.0, 3.457013249019716)	(5.0, 2.429679528029854)	(6.0, 1.7089874196183488)	(7.0, 1.3110803816747847)	(8.0, 1.1142231749917393)	(9.0, 0.8754875447950401)	('>10', 8.499067909179761)	('>50', 2.0564347680712998)	('>100', 3.0942366760643063)	('>500', 0.9313598816239739)	('>1k', 1.9815609669251253)	('>5k', 1.1509376836745042)	('>10k+', 8.577804702321563)
SRR29999122_1	(1.0, 39.1579525618022)	(2.0, 14.09165372739537)	(3.0, 6.33298057533543)	(4.0, 3.649180518008132)	(5.0, 2.570160187385729)	(6.0, 1.8182643525476543)	(7.0, 1.4459843717708527)	(8.0, 1.1945872406300047)	(9.0, 0.9190446869925423)	('>10', 9.57807367292219)	('>50', 2.280991566162569)	('>100', 3.5242855728728797)	('>500', 1.0585841105573908)	('>1k', 1.9266308811181452)	('>5k', 1.0232596494737356)	('>10k+', 9.428366325025232)
SRR29999122_2	(1.0, 39.431209200477305)	(2.0, 13.872220180420411)	(3.0, 6.436077730408598)	(4.0, 3.7442732421029925)	(5.0, 2.5224304554914823)	(6.0, 1.8837241732870669)	(7.0, 1.4254224211209832)	(8.0, 1.183942204059276)	(9.0, 0.9331340596694856)	('>10', 9.68464360403337)	('>50', 2.2934813601012625)	('>100', 3.3710966736978145)	('>500', 0.865143122742634)	('>1k', 1.8734354471104726)	('>5k', 1.0769613966171083)	('>10k+', 9.40280472865972)
SRR29999123_1	(1.0, 43.648875949231254)	(2.0, 13.904447546134554)	(3.0, 6.128463042147012)	(4.0, 3.585592943085646)	(5.0, 2.3731597421520805)	(6.0, 1.7700202907077018)	(7.0, 1.4131046812415065)	(8.0, 1.1427151342897752)	(9.0, 0.9332783404216616)	('>10', 9.10239479988501)	('>50', 2.012927394819709)	('>100', 2.8775822456401685)	('>500', 0.8162718661937074)	('>1k', 1.476696620601974)	('>5k', 1.0580090578824408)	('>10k+', 7.756460345565978)
SRR29999123_2	(1.0, 41.47147713449037)	(2.0, 13.305401618418799)	(3.0, 6.306662756968039)	(4.0, 3.659464065512613)	(5.0, 2.5920052914763336)	(6.0, 1.8258092541598197)	(7.0, 1.5095017121935375)	(8.0, 1.2118975594613546)	(9.0, 1.0212182670385774)	('>10', 10.269530643712784)	('>50', 2.31015048321023)	('>100', 3.068674541738155)	('>500', 0.817326847057126)	('>1k', 1.9865581703194517)	('>5k', 1.1164956015216059)	('>10k+', 7.527826052721142)
SRR29999124_1	(1.0, 42.22365049753003)	(2.0, 12.516786917008327)	(3.0, 5.762095094720489)	(4.0, 3.3976144792226224)	(5.0, 2.357274188980319)	(6.0, 1.714166079272463)	(7.0, 1.350503437905879)	(8.0, 1.134001785852695)	(9.0, 0.8952304157386906)	('>10', 9.319282170627341)	('>50', 2.2524466971131063)	('>100', 3.419436940561296)	('>500', 0.9514916487659225)	('>1k', 1.738321974877995)	('>5k', 1.1108469767789417)	('>10k+', 9.856850695043867)
SRR29999124_2	(1.0, 41.94343340836629)	(2.0, 12.330031712579848)	(3.0, 5.730393855202618)	(4.0, 3.4804146226530697)	(5.0, 2.43055818001693)	(6.0, 1.8054924082887696)	(7.0, 1.428664800395984)	(8.0, 1.19869945850182)	(9.0, 1.0198108289417118)	('>10', 9.852272614116599)	('>50', 2.351630936552139)	('>100', 3.559799182370602)	('>500', 0.9176060891405716)	('>1k', 2.126425517134728)	('>5k', 1.421149367463985)	('>10k+', 8.403617018274305)
SRR29999125_1	(1.0, 41.77756598653308)	(2.0, 11.913028326385254)	(3.0, 5.120852517157415)	(4.0, 2.791219077577225)	(5.0, 1.8785891571029518)	(6.0, 1.338647589311848)	(7.0, 1.0633522494331011)	(8.0, 0.8845494275795461)	(9.0, 0.7424350212690507)	('>10', 6.923875084372242)	('>50', 1.5818219265997147)	('>100', 2.417161156025059)	('>500', 0.9786661390392338)	('>1k', 3.4918166057951603)	('>5k', 2.2994616699713837)	('>10k+', 14.796958065847903)
SRR29999125_2	(1.0, 40.18869973589319)	(2.0, 11.50764298642602)	(3.0, 5.165141830418362)	(4.0, 3.0159598320865544)	(5.0, 2.0898548086741724)	(6.0, 1.5585792522306858)	(7.0, 1.115334852511246)	(8.0, 0.9317690918767498)	(9.0, 0.791848520116081)	('>10', 7.600929987397241)	('>50', 1.6926235578060445)	('>100', 2.488282440851794)	('>500', 1.0123205851485935)	('>1k', 3.6333465780569023)	('>5k', 2.4031524105432434)	('>10k+', 14.80451352996307)
SRR29999126_1	(1.0, 25.214830396299533)	(2.0, 7.206085019722397)	(3.0, 3.0142005707219646)	(4.0, 1.808012006293537)	(5.0, 1.2304865862094936)	(6.0, 0.9491049971995539)	(7.0, 0.7521423277008964)	(8.0, 0.608228897259954)	(9.0, 0.5345365825955717)	('>10', 6.080273705216323)	('>50', 1.77231534253144)	('>100', 3.104221148472834)	('>500', 1.1956511382757817)	('>1k', 4.328030423621609)	('>5k', 3.603476798187026)	('>10k+', 38.59840405969207)
SRR29999126_2	(1.0, 25.461526317414062)	(2.0, 6.98603024316746)	(3.0, 3.0531468812722133)	(4.0, 1.8196359067075434)	(5.0, 1.2840786534082624)	(6.0, 0.9391071104776189)	(7.0, 0.7498598577449043)	(8.0, 0.6448834880673431)	(9.0, 0.5552251973735952)	('>10', 6.350730915484645)	('>50', 1.8494815175302988)	('>100', 2.810082581407795)	('>500', 0.8516922685178825)	('>1k', 3.483298533590725)	('>5k', 4.0001705101767575)	('>10k+', 39.1610500176589)
SRR29999127_1	(1.0, 23.992004083213043)	(2.0, 7.5388761903428705)	(3.0, 3.768568309539027)	(4.0, 2.6084145134528653)	(5.0, 1.9208390758050606)	(6.0, 1.4852863694733824)	(7.0, 1.2409801647326935)	(8.0, 1.0303023488769851)	(9.0, 0.893062793819872)	('>10', 10.041324439387084)	('>50', 2.8142055582360066)	('>100', 4.482022033787229)	('>500', 1.6608889004541314)	('>1k', 5.209813424368692)	('>5k', 3.767067532168876)	('>10k+', 27.54634426234223)
SRR29999127_2	(1.0, 23.948240209792594)	(2.0, 7.307036462758452)	(3.0, 3.875408344342426)	(4.0, 2.6300872216469084)	(5.0, 1.9170953569390918)	(6.0, 1.4937884148307319)	(7.0, 1.2134994421810326)	(8.0, 1.0924958323722578)	(9.0, 0.900551373113487)	('>10', 10.506406450804509)	('>50', 2.8767681720209386)	('>100', 4.0241939782927)	('>500', 1.2148922705341216)	('>1k', 4.454472599069312)	('>5k', 4.0744173869720255)	('>10k+', 28.470646484329514)
SRR29999128_1	(1.0, 29.499278365427244)	(2.0, 10.791668536104268)	(3.0, 4.581524658480684)	(4.0, 2.6653252877305316)	(5.0, 1.7501736002839368)	(6.0, 1.3379112657672478)	(7.0, 1.0572327099051888)	(8.0, 0.8517197335776768)	(9.0, 0.720399462379775)	('>10', 8.039458205350059)	('>50', 2.4208746269746637)	('>100', 3.935782273629647)	('>500', 1.3246392346290492)	('>1k', 3.8898058337685346)	('>5k', 3.2096094631516476)	('>10k+', 23.92459674283978)
SRR29999128_2	(1.0, 28.953533954111993)	(2.0, 10.402446128185842)	(3.0, 4.6260992278914355)	(4.0, 2.6400381923421774)	(5.0, 1.8368257147214115)	(6.0, 1.4093872706309103)	(7.0, 1.0820444153358744)	(8.0, 0.84514252514281)	(9.0, 0.731084127608782)	('>10', 8.537050276503253)	('>50', 2.474423461718568)	('>100', 4.0003436698922)	('>500', 1.3198852028124406)	('>1k', 3.9542720271071787)	('>5k', 3.2419952556397056)	('>10k+', 23.94542855035544)
SRR29999129_1	(1.0, 22.25898740222276)	(2.0, 8.511119564217909)	(3.0, 3.6731464733509487)	(4.0, 2.0253914073021058)	(5.0, 1.256310235395232)	(6.0, 0.9849945243372176)	(7.0, 0.7388759404298013)	(8.0, 0.614795152586799)	(9.0, 0.5203546597675478)	('>10', 5.766948001079213)	('>50', 1.8752986865060592)	('>100', 3.7069965127408864)	('>500', 1.4634003241665916)	('>1k', 4.999769524302885)	('>5k', 3.5315340004757654)	('>10k+', 38.07207759111824)
SRR29999129_2	(1.0, 21.828993746291676)	(2.0, 8.208172740968951)	(3.0, 3.636090676028915)	(4.0, 1.9975042703593575)	(5.0, 1.3449706866930429)	(6.0, 0.9436505667947324)	(7.0, 0.7706341439005144)	(8.0, 0.6416139933573688)	(9.0, 0.5636070871023201)	('>10', 6.253183193333106)	('>50', 1.9964560375899685)	('>100', 3.4247544518036777)	('>500', 1.11685231563561)	('>1k', 4.126798539806541)	('>5k', 3.4483543270965638)	('>10k+', 39.69836322323764)
SRR29999130_1	(1.0, 47.124640193611164)	(2.0, 13.199729620689949)	(3.0, 5.4411124436375555)	(4.0, 3.1739566598055227)	(5.0, 2.1300543096254425)	(6.0, 1.4945131006079546)	(7.0, 1.2053631692394942)	(8.0, 0.9319599398316882)	(9.0, 0.8139980412864101)	('>10', 7.456468969606581)	('>50', 1.6209092184656029)	('>100', 2.4336288151235417)	('>500', 0.9476623174325004)	('>1k', 2.465833881575349)	('>5k', 1.4331120389737975)	('>10k+', 8.127057280487538)
SRR29999130_2	(1.0, 46.3143647699746)	(2.0, 12.643487389479368)	(3.0, 5.571705309346689)	(4.0, 3.2612844652793758)	(5.0, 2.202580128179431)	(6.0, 1.652782361506789)	(7.0, 1.249834250296812)	(8.0, 0.954164410929164)	(9.0, 0.8451887806562001)	('>10', 7.942320479745526)	('>50', 1.6957566866567033)	('>100', 2.573222612497918)	('>500', 0.9272020974395732)	('>1k', 2.5395294991306594)	('>5k', 1.323036831235482)	('>10k+', 8.30353992764575)
SRR29999131_1	(1.0, 47.711357652304244)	(2.0, 13.490583740685056)	(3.0, 5.700348391470598)	(4.0, 3.2152677240988483)	(5.0, 2.0781488916620114)	(6.0, 1.5279131348075532)	(7.0, 1.2139049341913417)	(8.0, 0.8680942063841691)	(9.0, 0.7253554919742773)	('>10', 7.067638086385754)	('>50', 1.6139811991647717)	('>100', 2.4304703408698236)	('>500', 0.8629018093061279)	('>1k', 1.7224958256989535)	('>5k', 1.1542868072336456)	('>10k+', 8.617251763762768)
SRR29999131_2	(1.0, 45.58701346977503)	(2.0, 13.424404511147126)	(3.0, 5.8786238874124965)	(4.0, 3.3491843308986526)	(5.0, 2.23287107197476)	(6.0, 1.6549866752781757)	(7.0, 1.2386783097610752)	(8.0, 1.0523600710262735)	(9.0, 0.8346740763942232)	('>10', 7.85262129830052)	('>50', 1.7316605753820367)	('>100', 2.545581107964421)	('>500', 0.8222632821313447)	('>1k', 1.9975189153271868)	('>5k', 1.2015915878322296)	('>10k+', 8.595966829394557)
SRR29999132_1	(1.0, 14.866617085809278)	(2.0, 5.15136374453718)	(3.0, 2.1858891668239964)	(4.0, 1.221532804668027)	(5.0, 0.8512809244220043)	(6.0, 0.6382772616863577)	(7.0, 0.4942330511160815)	(8.0, 0.41729117564128393)	(9.0, 0.3728872098049976)	('>10', 4.662678649504615)	('>50', 1.7253805903231236)	('>100', 4.39602006527136)	('>500', 2.3696091262534504)	('>1k', 7.13581966735047)	('>5k', 3.8008710490056217)	('>10k+', 49.71024842778217)
SRR29999132_2	(1.0, 15.33447449193474)	(2.0, 4.9403889748294825)	(3.0, 2.167160426082102)	(4.0, 1.2685204086601272)	(5.0, 0.8558593840436057)	(6.0, 0.6443205126277268)	(7.0, 0.5054915549960985)	(8.0, 0.45064605427026994)	(9.0, 0.3749755307438346)	('>10', 4.8139065516897155)	('>50', 1.7050365121443016)	('>100', 4.157367261455609)	('>500', 2.083904971332479)	('>1k', 6.307297766004958)	('>5k', 3.9349047145227676)	('>10k+', 50.45574488466218)
SRR29999133_1	(1.0, 32.98076350956776)	(2.0, 11.489039318127697)	(3.0, 4.9569341752146805)	(4.0, 2.806350729208323)	(5.0, 1.9389568505000092)	(6.0, 1.3794595360596285)	(7.0, 1.082461458854662)	(8.0, 0.8730167446497069)	(9.0, 0.7291855184106925)	('>10', 8.089085669012839)	('>50', 2.2937050488015442)	('>100', 4.575670434360032)	('>500', 2.074759495970912)	('>1k', 5.737786796216205)	('>5k', 3.11801189430284)	('>10k+', 15.87481282074238)
SRR29999133_2	(1.0, 31.671409656788295)	(2.0, 10.75896568210608)	(3.0, 4.888765376733424)	(4.0, 2.888483404675049)	(5.0, 1.969145029836825)	(6.0, 1.4926300541803117)	(7.0, 1.184336104425713)	(8.0, 0.9844422959914035)	(9.0, 0.8120688187387194)	('>10', 9.099057994841079)	('>50', 2.5458091995603995)	('>100', 4.669382320299731)	('>500', 1.8446299326966884)	('>1k', 5.517830178983214)	('>5k', 2.99667993730726)	('>10k+', 16.676364012835556)
SRR29999134_1	(1.0, 33.94821017049934)	(2.0, 9.433562330671984)	(3.0, 4.054615839512332)	(4.0, 2.373745519299786)	(5.0, 1.7036198552637098)	(6.0, 1.2758041475341408)	(7.0, 1.0203620937414746)	(8.0, 0.8899424686267807)	(9.0, 0.710694633715196)	('>10', 8.205943443784513)	('>50', 2.267071924759744)	('>100', 3.5134246178898376)	('>500', 1.3718248428184971)	('>1k', 5.130049022928535)	('>5k', 3.486083411040186)	('>10k+', 20.61504567791389)
SRR29999134_2	(1.0, 33.41583765720678)	(2.0, 9.129908470380935)	(3.0, 4.1264809793883845)	(4.0, 2.4769923139253804)	(5.0, 1.7534240295875514)	(6.0, 1.3175895931503776)	(7.0, 1.0708427030173227)	(8.0, 0.9221905745188071)	(9.0, 0.7744006173203092)	('>10', 8.652220279706958)	('>50', 2.2398913633016426)	('>100', 3.258831813799787)	('>500', 1.1819467906210497)	('>1k', 4.932767907943361)	('>5k', 3.900045633223369)	('>10k+', 20.846629272907936)
SRR29999135_1	(1.0, 40.16423278713364)	(2.0, 11.71588558067843)	(3.0, 5.386387710653778)	(4.0, 3.2513889460902288)	(5.0, 2.331211078843991)	(6.0, 1.7338379794720125)	(7.0, 1.411276961988123)	(8.0, 1.1772643412798414)	(9.0, 0.951131612193847)	('>10', 10.121293828153181)	('>50', 2.6435406424503087)	('>100', 3.808977539586758)	('>500', 1.2554855701256595)	('>1k', 3.0509697136350598)	('>5k', 1.2563584508073353)	('>10k+', 9.740757256907836)
SRR29999135_2	(1.0, 39.03510544131117)	(2.0, 11.475841434455008)	(3.0, 5.429746048888271)	(4.0, 3.3839316368702783)	(5.0, 2.393964051448648)	(6.0, 1.7894864000954216)	(7.0, 1.4167661611041606)	(8.0, 1.1560646919995743)	(9.0, 1.0291309531414248)	('>10', 10.813916727892337)	('>50', 2.663186035051789)	('>100', 3.9801109732521747)	('>500', 1.240430530348096)	('>1k', 3.112151226302857)	('>5k', 1.4089184978772313)	('>10k+', 9.67124918996138)
SRR29999136_1	(1.0, 7.182312246671234)	(2.0, 2.254756962975532)	(3.0, 1.0559640961702172)	(4.0, 0.6699412643543252)	(5.0, 0.5075854205687182)	(6.0, 0.40010508308928233)	(7.0, 0.3431216318899486)	(8.0, 0.2980283704453423)	(9.0, 0.2451761796043441)	('>10', 3.956940146391679)	('>50', 1.5626967995174872)	('>100', 3.316711439474836)	('>500', 1.4921724073946232)	('>1k', 5.197538314123476)	('>5k', 4.545536931788794)	('>10k+', 66.97141270554017)
SRR29999136_2	(1.0, 7.556456389776967)	(2.0, 2.1903000287675125)	(3.0, 1.0691706566817976)	(4.0, 0.6775864444681845)	(5.0, 0.49318596926705854)	(6.0, 0.3967330655061828)	(7.0, 0.34074172777534123)	(8.0, 0.30591503856226643)	(9.0, 0.2682375177456105)	('>10', 4.0704092065078985)	('>50', 1.6031365145088798)	('>100', 2.869109145636772)	('>500', 1.01640826067196)	('>1k', 3.8892243595925837)	('>5k', 4.335202319668675)	('>10k+', 68.91818335486234)
SRR29999137_1	(1.0, 19.06869714109824)	(2.0, 5.574290084365777)	(3.0, 2.426962969465782)	(4.0, 1.4586608313040712)	(5.0, 0.9719449849532751)	(6.0, 0.7519844311056882)	(7.0, 0.6217229459485016)	(8.0, 0.5335409879979863)	(9.0, 0.4337259706223017)	('>10', 5.838499316745245)	('>50', 1.9201945160963907)	('>100', 3.5511859804530865)	('>500', 1.4119512827280738)	('>1k', 4.708303554430848)	('>5k', 3.6591598366428566)	('>10k+', 47.069175166042)
SRR29999137_2	(1.0, 19.3413718494563)	(2.0, 5.437001102484637)	(3.0, 2.4087716996505772)	(4.0, 1.4551834880126686)	(5.0, 1.0508531791166653)	(6.0, 0.8182418088919952)	(7.0, 0.6374977954679342)	(8.0, 0.5305233844907817)	(9.0, 0.4905938118979101)	('>10', 5.999942519696071)	('>50', 2.0006265798932894)	('>100', 3.193078290183053)	('>500', 0.9669970391550085)	('>1k', 3.612298798695954)	('>5k', 4.156390303468812)	('>10k+', 47.90062834943845)
SRR29999138_1	(1.0, 34.31512791312545)	(2.0, 9.119376497417022)	(3.0, 3.6293747415093476)	(4.0, 1.9867719107310555)	(5.0, 1.3290124955369906)	(6.0, 0.9703432744719465)	(7.0, 0.7188682809715402)	(8.0, 0.6290432670920397)	(9.0, 0.5207033521448918)	('>10', 5.621331378127849)	('>50', 1.7180838067406043)	('>100', 3.4362810906456236)	('>500', 1.769173131164404)	('>1k', 4.492336344581919)	('>5k', 3.096262522443114)	('>10k+', 26.647909993296075)
SRR29999138_2	(1.0, 33.96319472865399)	(2.0, 9.104052957525969)	(3.0, 3.7842706677920273)	(4.0, 2.020319210623639)	(5.0, 1.363258316776665)	(6.0, 0.9396354695663992)	(7.0, 0.7479891614904403)	(8.0, 0.6225932936041784)	(9.0, 0.5501133114943356)	('>10', 5.938453360833542)	('>50', 1.7524372019686312)	('>100', 3.317928151191544)	('>500', 1.4546554497606616)	('>1k', 3.8853126654949666)	('>5k', 3.4134956752208097)	('>10k+', 27.142290378002045)
SRR29999139_1	(1.0, 43.365413137020546)	(2.0, 11.021859629550098)	(3.0, 4.726481450111182)	(4.0, 2.854680123321642)	(5.0, 1.9541752119792164)	(6.0, 1.4220724007597931)	(7.0, 1.160458567064176)	(8.0, 0.9119746825964226)	(9.0, 0.774428595814342)	('>10', 8.195209972441345)	('>50', 2.1169097327235513)	('>100', 3.783848723471666)	('>500', 1.3785176529086995)	('>1k', 3.8696001414483185)	('>5k', 2.7783589871304852)	('>10k+', 9.686010991658527)
SRR29999139_2	(1.0, 43.266698782099525)	(2.0, 10.90392254882628)	(3.0, 4.907501331883868)	(4.0, 2.875080308943165)	(5.0, 1.9714043904055945)	(6.0, 1.4694053431129162)	(7.0, 1.226658383846908)	(8.0, 0.9317478098145626)	(9.0, 0.7850048333653402)	('>10', 8.237220732517732)	('>50', 2.107971804235259)	('>100', 3.550087266846876)	('>500', 1.2401415190817873)	('>1k', 4.306106054977447)	('>5k', 2.857920839775587)	('>10k+', 9.363128050267113)
SRR29999140_1	(1.0, 38.76833723250884)	(2.0, 11.628061644755958)	(3.0, 4.9841468951130725)	(4.0, 2.9644382766175226)	(5.0, 1.9597082287493313)	(6.0, 1.457697235960948)	(7.0, 1.1508010270898765)	(8.0, 0.8989358985856729)	(9.0, 0.7464758704386552)	('>10', 7.558919193564023)	('>50', 1.9279027210236013)	('>100', 3.6369458160204227)	('>500', 1.6400991407875074)	('>1k', 3.97022736896723)	('>5k', 2.9694201349130003)	('>10k+', 13.737883314904547)
SRR29999140_2	(1.0, 38.81291936763339)	(2.0, 11.276770073961712)	(3.0, 5.0294882320738505)	(4.0, 3.050293877404146)	(5.0, 1.995228418959158)	(6.0, 1.5108927895439563)	(7.0, 1.1646865835041365)	(8.0, 0.9303586126771213)	(9.0, 0.7483214860038594)	('>10', 7.853194112783591)	('>50', 1.9502550483248633)	('>100', 3.6390768244628577)	('>500', 1.4028395006753165)	('>1k', 4.257652875416388)	('>5k', 2.7518414821273014)	('>10k+', 13.626180714447855)
SRR29999141_1	(1.0, 38.528994042244605)	(2.0, 10.903015507024383)	(3.0, 4.8928172546903435)	(4.0, 3.010732631149359)	(5.0, 2.00868366774994)	(6.0, 1.5064791594472775)	(7.0, 1.216014028229962)	(8.0, 0.9884993272743614)	(9.0, 0.8479134363821311)	('>10', 8.667019763779257)	('>50', 2.1701351600146914)	('>100', 3.358070192579025)	('>500', 1.3018969985671567)	('>1k', 3.9925353886733896)	('>5k', 3.2571907743923023)	('>10k+', 13.350002667801707)
SRR29999141_2	(1.0, 37.06859021533948)	(2.0, 10.774596637059535)	(3.0, 5.099767429837856)	(4.0, 2.959495973210195)	(5.0, 2.1647941349733753)	(6.0, 1.5407298690416567)	(7.0, 1.3407119547429664)	(8.0, 1.0253564311772005)	(9.0, 0.9270010353756735)	('>10', 9.283609042827148)	('>50', 2.358399342954286)	('>100', 3.3542587370420653)	('>500', 1.1155108744871418)	('>1k', 4.415089251155859)	('>5k', 3.0573906506256696)	('>10k+', 13.51469842014987)
SRR29999142_1	(1.0, 46.44390194371247)	(2.0, 12.796718526140571)	(3.0, 5.503887710413015)	(4.0, 3.086180057294494)	(5.0, 1.9704108156319868)	(6.0, 1.5432479204175928)	(7.0, 1.1678010144602151)	(8.0, 0.9495104757186137)	(9.0, 0.7976325102507911)	('>10', 7.2100368192550555)	('>50', 1.692532421837783)	('>100', 2.9687631119937965)	('>500', 1.184578073142033)	('>1k', 3.2787755629134163)	('>5k', 1.8710108256266784)	('>10k+', 7.535012211191411)
SRR29999142_2	(1.0, 45.557691293576234)	(2.0, 12.470722971204012)	(3.0, 5.288630955140641)	(4.0, 3.2687156443052685)	(5.0, 2.127493784490004)	(6.0, 1.5316286042128602)	(7.0, 1.2881932251291246)	(8.0, 0.9971038929514777)	(9.0, 0.8122471853769295)	('>10', 7.980095012875221)	('>50', 1.8344893689604889)	('>100', 2.95208416114921)	('>500', 1.2054676284474053)	('>1k', 3.594846269228228)	('>5k', 1.9955504022971113)	('>10k+', 7.095039600656134)
SRR29999143_1	(1.0, 47.53736931398158)	(2.0, 13.154754412602085)	(3.0, 5.68103302005878)	(4.0, 3.1747368776927214)	(5.0, 2.1793413760522276)	(6.0, 1.596910734663397)	(7.0, 1.234367202439863)	(8.0, 0.9857302345891557)	(9.0, 0.8059821560961757)	('>10', 7.620811609155884)	('>50', 1.7684928077057598)	('>100', 2.6321240176186387)	('>500', 1.0729888182225664)	('>1k', 2.8009123254227144)	('>5k', 1.3253978853286557)	('>10k+', 6.429047208369696)
SRR29999143_2	(1.0, 45.4829391456878)	(2.0, 12.929402875785753)	(3.0, 5.796606354844741)	(4.0, 3.385877961482458)	(5.0, 2.277673091565097)	(6.0, 1.705887228587878)	(7.0, 1.3773608151045977)	(8.0, 1.0238694749423438)	(9.0, 0.8998685398648917)	('>10', 8.508276198532407)	('>50', 1.9532440510293898)	('>100', 2.815909098695266)	('>500', 1.084319406519552)	('>1k', 3.000754092407817)	('>5k', 1.4605020357162566)	('>10k+', 6.297509629233794)
