Sample	0	1	2	3	4	5	6	7	8	9	10	11	12	13	14	15	16	17	18	19	20	21	22	23	24	25	26	27	28	29	30	31	32	33	34	35
SRR29999095_1	(2.0, 64907.0)	(3.0, 0.0)	(4.0, 0.0)	(5.0, 0.0)	(6.0, 0.0)	(7.0, 0.0)	(8.0, 0.0)	(9.0, 0.0)	(10.0, 0.0)	(11.0, 0.0)	(12.0, 0.0)	(13.0, 0.0)	(14.0, 1.0)	(15.0, 5.0)	(16.0, 25.0)	(17.0, 117.0)	(18.0, 252.0)	(19.0, 704.0)	(20.0, 1855.0)	(21.0, 4832.0)	(22.0, 10064.0)	(23.0, 18639.0)	(24.0, 31514.0)	(25.0, 53781.0)	(26.0, 86109.0)	(27.0, 136661.0)	(28.0, 204605.0)	(29.0, 295314.0)	(30.0, 395737.0)	(31.0, 524794.0)	(32.0, 656473.0)	(33.0, 863645.0)	(34.0, 1199256.0)	(35.0, 2323163.0)	(36.0, 21496803.0)	(37.0, 11439650.0)
SRR29999095_2	(2.0, 3637.0)	(3.0, 0.0)	(4.0, 0.0)	(5.0, 0.0)	(6.0, 0.0)	(7.0, 0.0)	(8.0, 0.0)	(9.0, 0.0)	(10.0, 1.0)	(11.0, 21.0)	(12.0, 738.0)	(13.0, 5636.0)	(14.0, 13518.0)	(15.0, 15786.0)	(16.0, 15347.0)	(17.0, 14047.0)	(18.0, 13750.0)	(19.0, 15377.0)	(20.0, 19919.0)	(21.0, 29795.0)	(22.0, 45727.0)	(23.0, 69602.0)	(24.0, 95764.0)	(25.0, 128168.0)	(26.0, 158710.0)	(27.0, 201787.0)	(28.0, 247997.0)	(29.0, 318122.0)	(30.0, 397579.0)	(31.0, 524441.0)	(32.0, 691495.0)	(33.0, 1018487.0)	(34.0, 1729260.0)	(35.0, 4458547.0)	(36.0, 21716802.0)	(37.0, 7858846.0)
SRR29999096_1	(2.0, 61802.0)	(3.0, 0.0)	(4.0, 0.0)	(5.0, 0.0)	(6.0, 0.0)	(7.0, 0.0)	(8.0, 0.0)	(9.0, 0.0)	(10.0, 0.0)	(11.0, 0.0)	(12.0, 0.0)	(13.0, 0.0)	(14.0, 0.0)	(15.0, 8.0)	(16.0, 39.0)	(17.0, 95.0)	(18.0, 264.0)	(19.0, 713.0)	(20.0, 1829.0)	(21.0, 4499.0)	(22.0, 9337.0)	(23.0, 18086.0)	(24.0, 31710.0)	(25.0, 55434.0)	(26.0, 90124.0)	(27.0, 146612.0)	(28.0, 220531.0)	(29.0, 322796.0)	(30.0, 434188.0)	(31.0, 573364.0)	(32.0, 715528.0)	(33.0, 938262.0)	(34.0, 1304282.0)	(35.0, 2526597.0)	(36.0, 21517589.0)	(37.0, 10262467.0)
SRR29999096_2	(2.0, 3617.0)	(3.0, 0.0)	(4.0, 0.0)	(5.0, 0.0)	(6.0, 0.0)	(7.0, 0.0)	(8.0, 0.0)	(9.0, 0.0)	(10.0, 1.0)	(11.0, 68.0)	(12.0, 1467.0)	(13.0, 7999.0)	(14.0, 14444.0)	(15.0, 16368.0)	(16.0, 15836.0)	(17.0, 15790.0)	(18.0, 16180.0)	(19.0, 19299.0)	(20.0, 25522.0)	(21.0, 38850.0)	(22.0, 59602.0)	(23.0, 90735.0)	(24.0, 126109.0)	(25.0, 167182.0)	(26.0, 206294.0)	(27.0, 259553.0)	(28.0, 319427.0)	(29.0, 403255.0)	(30.0, 499454.0)	(31.0, 652828.0)	(32.0, 862431.0)	(33.0, 1296306.0)	(34.0, 2242089.0)	(35.0, 5521033.0)	(36.0, 20290761.0)	(37.0, 6063656.0)
SRR29999097_1	(2.0, 47239.0)	(3.0, 0.0)	(4.0, 0.0)	(5.0, 0.0)	(6.0, 0.0)	(7.0, 0.0)	(8.0, 0.0)	(9.0, 0.0)	(10.0, 0.0)	(11.0, 0.0)	(12.0, 0.0)	(13.0, 0.0)	(14.0, 0.0)	(15.0, 5.0)	(16.0, 22.0)	(17.0, 89.0)	(18.0, 274.0)	(19.0, 710.0)	(20.0, 1898.0)	(21.0, 4651.0)	(22.0, 10156.0)	(23.0, 19328.0)	(24.0, 34002.0)	(25.0, 58452.0)	(26.0, 92452.0)	(27.0, 144369.0)	(28.0, 211563.0)	(29.0, 303808.0)	(30.0, 403086.0)	(31.0, 529555.0)	(32.0, 659364.0)	(33.0, 862235.0)	(34.0, 1194105.0)	(35.0, 2314841.0)	(36.0, 20649077.0)	(37.0, 9691685.0)
SRR29999097_2	(2.0, 2703.0)	(3.0, 0.0)	(4.0, 0.0)	(5.0, 0.0)	(6.0, 0.0)	(7.0, 0.0)	(8.0, 0.0)	(9.0, 0.0)	(10.0, 0.0)	(11.0, 28.0)	(12.0, 794.0)	(13.0, 5896.0)	(14.0, 13050.0)	(15.0, 14933.0)	(16.0, 14083.0)	(17.0, 13224.0)	(18.0, 12910.0)	(19.0, 15340.0)	(20.0, 20777.0)	(21.0, 31523.0)	(22.0, 47837.0)	(23.0, 71032.0)	(24.0, 97697.0)	(25.0, 127497.0)	(26.0, 156089.0)	(27.0, 196027.0)	(28.0, 240877.0)	(29.0, 307381.0)	(30.0, 383958.0)	(31.0, 504925.0)	(32.0, 667686.0)	(33.0, 984412.0)	(34.0, 1662226.0)	(35.0, 4209796.0)	(36.0, 20140984.0)	(37.0, 7289281.0)
SRR29999098_1	(2.0, 47057.0)	(3.0, 0.0)	(4.0, 0.0)	(5.0, 0.0)	(6.0, 0.0)	(7.0, 0.0)	(8.0, 0.0)	(9.0, 0.0)	(10.0, 0.0)	(11.0, 0.0)	(12.0, 0.0)	(13.0, 0.0)	(14.0, 0.0)	(15.0, 5.0)	(16.0, 38.0)	(17.0, 124.0)	(18.0, 240.0)	(19.0, 659.0)	(20.0, 1651.0)	(21.0, 4140.0)	(22.0, 8675.0)	(23.0, 16327.0)	(24.0, 28508.0)	(25.0, 50276.0)	(26.0, 81305.0)	(27.0, 130263.0)	(28.0, 195711.0)	(29.0, 285178.0)	(30.0, 381577.0)	(31.0, 505699.0)	(32.0, 630367.0)	(33.0, 824843.0)	(34.0, 1145845.0)	(35.0, 2242829.0)	(36.0, 20056566.0)	(37.0, 9287544.0)
SRR29999098_2	(2.0, 2881.0)	(3.0, 0.0)	(4.0, 0.0)	(5.0, 0.0)	(6.0, 0.0)	(7.0, 0.0)	(8.0, 0.0)	(9.0, 0.0)	(10.0, 0.0)	(11.0, 51.0)	(12.0, 1359.0)	(13.0, 7854.0)	(14.0, 14504.0)	(15.0, 16176.0)	(16.0, 15599.0)	(17.0, 14778.0)	(18.0, 14649.0)	(19.0, 16708.0)	(20.0, 20903.0)	(21.0, 30726.0)	(22.0, 46530.0)	(23.0, 71669.0)	(24.0, 99528.0)	(25.0, 132725.0)	(26.0, 165423.0)	(27.0, 206755.0)	(28.0, 253790.0)	(29.0, 321469.0)	(30.0, 402140.0)	(31.0, 529318.0)	(32.0, 700657.0)	(33.0, 1046029.0)	(34.0, 1804082.0)	(35.0, 4549620.0)	(36.0, 19081440.0)	(37.0, 6358064.0)
SRR29999099_1	(2.0, 57756.0)	(3.0, 0.0)	(4.0, 0.0)	(5.0, 0.0)	(6.0, 0.0)	(7.0, 0.0)	(8.0, 0.0)	(9.0, 0.0)	(10.0, 0.0)	(11.0, 0.0)	(12.0, 0.0)	(13.0, 0.0)	(14.0, 0.0)	(15.0, 9.0)	(16.0, 35.0)	(17.0, 96.0)	(18.0, 223.0)	(19.0, 672.0)	(20.0, 1695.0)	(21.0, 3910.0)	(22.0, 7892.0)	(23.0, 14889.0)	(24.0, 25898.0)	(25.0, 45114.0)	(26.0, 73607.0)	(27.0, 120958.0)	(28.0, 185179.0)	(29.0, 273474.0)	(30.0, 370155.0)	(31.0, 492233.0)	(32.0, 621586.0)	(33.0, 825608.0)	(34.0, 1161594.0)	(35.0, 2327222.0)	(36.0, 20375990.0)	(37.0, 9217168.0)
SRR29999099_2	(2.0, 3123.0)	(3.0, 0.0)	(4.0, 0.0)	(5.0, 0.0)	(6.0, 0.0)	(7.0, 0.0)	(8.0, 0.0)	(9.0, 0.0)	(10.0, 0.0)	(11.0, 28.0)	(12.0, 983.0)	(13.0, 6397.0)	(14.0, 13523.0)	(15.0, 15655.0)	(16.0, 15249.0)	(17.0, 14657.0)	(18.0, 14484.0)	(19.0, 15906.0)	(20.0, 19060.0)	(21.0, 26972.0)	(22.0, 39414.0)	(23.0, 59922.0)	(24.0, 84438.0)	(25.0, 115146.0)	(26.0, 146108.0)	(27.0, 187667.0)	(28.0, 234550.0)	(29.0, 302202.0)	(30.0, 383194.0)	(31.0, 512439.0)	(32.0, 688799.0)	(33.0, 1048016.0)	(34.0, 1839356.0)	(35.0, 4705041.0)	(36.0, 19650205.0)	(37.0, 6060429.0)
SRR29999100_1	(2.0, 52796.0)	(3.0, 0.0)	(4.0, 0.0)	(5.0, 0.0)	(6.0, 0.0)	(7.0, 0.0)	(8.0, 0.0)	(9.0, 0.0)	(10.0, 0.0)	(11.0, 0.0)	(12.0, 0.0)	(13.0, 0.0)	(14.0, 0.0)	(15.0, 3.0)	(16.0, 25.0)	(17.0, 83.0)	(18.0, 231.0)	(19.0, 610.0)	(20.0, 1548.0)	(21.0, 3578.0)	(22.0, 7687.0)	(23.0, 15680.0)	(24.0, 29631.0)	(25.0, 53364.0)	(26.0, 87235.0)	(27.0, 138002.0)	(28.0, 200899.0)	(29.0, 289743.0)	(30.0, 384366.0)	(31.0, 503852.0)	(32.0, 626596.0)	(33.0, 822018.0)	(34.0, 1144131.0)	(35.0, 2275797.0)	(36.0, 20220778.0)	(37.0, 8624130.0)
SRR29999100_2	(2.0, 3215.0)	(3.0, 0.0)	(4.0, 0.0)	(5.0, 0.0)	(6.0, 0.0)	(7.0, 0.0)	(8.0, 0.0)	(9.0, 0.0)	(10.0, 2.0)	(11.0, 37.0)	(12.0, 1114.0)	(13.0, 6539.0)	(14.0, 12534.0)	(15.0, 14202.0)	(16.0, 14290.0)	(17.0, 13999.0)	(18.0, 14128.0)	(19.0, 15948.0)	(20.0, 20215.0)	(21.0, 31292.0)	(22.0, 49412.0)	(23.0, 76975.0)	(24.0, 105840.0)	(25.0, 138059.0)	(26.0, 166161.0)	(27.0, 205542.0)	(28.0, 247948.0)	(29.0, 314659.0)	(30.0, 391675.0)	(31.0, 517882.0)	(32.0, 687114.0)	(33.0, 1028107.0)	(34.0, 1776272.0)	(35.0, 4464091.0)	(36.0, 18850115.0)	(37.0, 6315416.0)
SRR29999101_1	(2.0, 70168.0)	(3.0, 0.0)	(4.0, 0.0)	(5.0, 0.0)	(6.0, 0.0)	(7.0, 0.0)	(8.0, 0.0)	(9.0, 0.0)	(10.0, 0.0)	(11.0, 0.0)	(12.0, 0.0)	(13.0, 0.0)	(14.0, 0.0)	(15.0, 6.0)	(16.0, 21.0)	(17.0, 92.0)	(18.0, 230.0)	(19.0, 608.0)	(20.0, 1698.0)	(21.0, 4533.0)	(22.0, 9533.0)	(23.0, 17891.0)	(24.0, 31103.0)	(25.0, 52547.0)	(26.0, 84079.0)	(27.0, 134833.0)	(28.0, 200187.0)	(29.0, 291585.0)	(30.0, 390942.0)	(31.0, 518098.0)	(32.0, 649328.0)	(33.0, 856474.0)	(34.0, 1197126.0)	(35.0, 2374360.0)	(36.0, 20865721.0)	(37.0, 9667947.0)
SRR29999101_2	(2.0, 4028.0)	(3.0, 0.0)	(4.0, 0.0)	(5.0, 0.0)	(6.0, 0.0)	(7.0, 0.0)	(8.0, 0.0)	(9.0, 0.0)	(10.0, 0.0)	(11.0, 45.0)	(12.0, 1227.0)	(13.0, 7770.0)	(14.0, 15469.0)	(15.0, 16942.0)	(16.0, 16151.0)	(17.0, 15782.0)	(18.0, 15324.0)	(19.0, 17688.0)	(20.0, 21477.0)	(21.0, 30167.0)	(22.0, 43046.0)	(23.0, 63309.0)	(24.0, 87262.0)	(25.0, 118348.0)	(26.0, 148150.0)	(27.0, 190285.0)	(28.0, 236769.0)	(29.0, 305380.0)	(30.0, 384087.0)	(31.0, 510216.0)	(32.0, 679410.0)	(33.0, 1021524.0)	(34.0, 1777709.0)	(35.0, 4567893.0)	(36.0, 20190708.0)	(37.0, 6932944.0)
SRR29999102_1	(2.0, 79330.0)	(3.0, 0.0)	(4.0, 0.0)	(5.0, 0.0)	(6.0, 0.0)	(7.0, 0.0)	(8.0, 0.0)	(9.0, 0.0)	(10.0, 0.0)	(11.0, 0.0)	(12.0, 0.0)	(13.0, 0.0)	(14.0, 4.0)	(15.0, 12.0)	(16.0, 70.0)	(17.0, 195.0)	(18.0, 469.0)	(19.0, 1096.0)	(20.0, 2522.0)	(21.0, 5452.0)	(22.0, 10791.0)	(23.0, 19281.0)	(24.0, 32899.0)	(25.0, 56085.0)	(26.0, 89956.0)	(27.0, 145583.0)	(28.0, 220511.0)	(29.0, 325260.0)	(30.0, 438241.0)	(31.0, 583462.0)	(32.0, 731832.0)	(33.0, 966441.0)	(34.0, 1352005.0)	(35.0, 2627758.0)	(36.0, 21616557.0)	(37.0, 10260903.0)
SRR29999102_2	(2.0, 5619.0)	(3.0, 0.0)	(4.0, 0.0)	(5.0, 0.0)	(6.0, 0.0)	(7.0, 0.0)	(8.0, 0.0)	(9.0, 0.0)	(10.0, 1.0)	(11.0, 40.0)	(12.0, 1014.0)	(13.0, 7080.0)	(14.0, 14731.0)	(15.0, 16661.0)	(16.0, 16321.0)	(17.0, 15862.0)	(18.0, 15900.0)	(19.0, 18998.0)	(20.0, 23545.0)	(21.0, 32235.0)	(22.0, 45458.0)	(23.0, 65372.0)	(24.0, 89362.0)	(25.0, 119237.0)	(26.0, 150412.0)	(27.0, 193704.0)	(28.0, 244489.0)	(29.0, 316230.0)	(30.0, 400803.0)	(31.0, 532943.0)	(32.0, 709947.0)	(33.0, 1055569.0)	(34.0, 1792885.0)	(35.0, 4540402.0)	(36.0, 21426537.0)	(37.0, 7715358.0)
SRR29999103_1	(2.0, 94208.0)	(3.0, 0.0)	(4.0, 0.0)	(5.0, 0.0)	(6.0, 0.0)	(7.0, 0.0)	(8.0, 0.0)	(9.0, 0.0)	(10.0, 0.0)	(11.0, 0.0)	(12.0, 0.0)	(13.0, 0.0)	(14.0, 0.0)	(15.0, 12.0)	(16.0, 35.0)	(17.0, 130.0)	(18.0, 286.0)	(19.0, 814.0)	(20.0, 2099.0)	(21.0, 5330.0)	(22.0, 11125.0)	(23.0, 22301.0)	(24.0, 38823.0)	(25.0, 67071.0)	(26.0, 105745.0)	(27.0, 165649.0)	(28.0, 239071.0)	(29.0, 339224.0)	(30.0, 445633.0)	(31.0, 580679.0)	(32.0, 717436.0)	(33.0, 933205.0)	(34.0, 1283154.0)	(35.0, 2436329.0)	(36.0, 21343540.0)	(37.0, 11175798.0)
SRR29999103_2	(2.0, 5516.0)	(3.0, 0.0)	(4.0, 0.0)	(5.0, 0.0)	(6.0, 0.0)	(7.0, 0.0)	(8.0, 0.0)	(9.0, 0.0)	(10.0, 0.0)	(11.0, 62.0)	(12.0, 1334.0)	(13.0, 8468.0)	(14.0, 17582.0)	(15.0, 20827.0)	(16.0, 20675.0)	(17.0, 20337.0)	(18.0, 19879.0)	(19.0, 21908.0)	(20.0, 25142.0)	(21.0, 35046.0)	(22.0, 52181.0)	(23.0, 77071.0)	(24.0, 103753.0)	(25.0, 135031.0)	(26.0, 163047.0)	(27.0, 202674.0)	(28.0, 247040.0)	(29.0, 313821.0)	(30.0, 391642.0)	(31.0, 512615.0)	(32.0, 676183.0)	(33.0, 992023.0)	(34.0, 1671503.0)	(35.0, 4277923.0)	(36.0, 21796343.0)	(37.0, 8198071.0)
SRR29999104_1	(2.0, 25828.0)	(3.0, 0.0)	(4.0, 0.0)	(5.0, 0.0)	(6.0, 0.0)	(7.0, 0.0)	(8.0, 0.0)	(9.0, 0.0)	(10.0, 0.0)	(11.0, 0.0)	(12.0, 0.0)	(13.0, 0.0)	(14.0, 1.0)	(15.0, 2.0)	(16.0, 13.0)	(17.0, 56.0)	(18.0, 121.0)	(19.0, 258.0)	(20.0, 639.0)	(21.0, 1786.0)	(22.0, 4536.0)	(23.0, 10478.0)	(24.0, 22400.0)	(25.0, 44230.0)	(26.0, 77667.0)	(27.0, 129733.0)	(28.0, 198027.0)	(29.0, 292294.0)	(30.0, 394079.0)	(31.0, 526087.0)	(32.0, 655491.0)	(33.0, 860208.0)	(34.0, 1198420.0)	(35.0, 2366076.0)	(36.0, 22848745.0)	(37.0, 11114840.0)
SRR29999104_2	(2.0, 2528.0)	(3.0, 0.0)	(4.0, 0.0)	(5.0, 0.0)	(6.0, 0.0)	(7.0, 0.0)	(8.0, 0.0)	(9.0, 0.0)	(10.0, 0.0)	(11.0, 31.0)	(12.0, 1008.0)	(13.0, 5602.0)	(14.0, 10151.0)	(15.0, 11411.0)	(16.0, 10561.0)	(17.0, 9719.0)	(18.0, 9388.0)	(19.0, 11392.0)	(20.0, 16123.0)	(21.0, 27583.0)	(22.0, 46483.0)	(23.0, 74160.0)	(24.0, 104466.0)	(25.0, 137191.0)	(26.0, 166562.0)	(27.0, 208160.0)	(28.0, 256214.0)	(29.0, 325958.0)	(30.0, 407417.0)	(31.0, 538852.0)	(32.0, 716284.0)	(33.0, 1075976.0)	(34.0, 1870154.0)	(35.0, 4855146.0)	(36.0, 22369718.0)	(37.0, 7503777.0)
SRR29999105_1	(2.0, 51373.0)	(3.0, 0.0)	(4.0, 0.0)	(5.0, 0.0)	(6.0, 0.0)	(7.0, 0.0)	(8.0, 0.0)	(9.0, 0.0)	(10.0, 0.0)	(11.0, 0.0)	(12.0, 0.0)	(13.0, 0.0)	(14.0, 1.0)	(15.0, 6.0)	(16.0, 27.0)	(17.0, 88.0)	(18.0, 242.0)	(19.0, 612.0)	(20.0, 1311.0)	(21.0, 3160.0)	(22.0, 6385.0)	(23.0, 12556.0)	(24.0, 23053.0)	(25.0, 42963.0)	(26.0, 74661.0)	(27.0, 128516.0)	(28.0, 200248.0)	(29.0, 299002.0)	(30.0, 403008.0)	(31.0, 537854.0)	(32.0, 674150.0)	(33.0, 885747.0)	(34.0, 1218876.0)	(35.0, 2347204.0)	(36.0, 23319748.0)	(37.0, 12699666.0)
SRR29999105_2	(2.0, 2221.0)	(3.0, 0.0)	(4.0, 0.0)	(5.0, 0.0)	(6.0, 0.0)	(7.0, 0.0)	(8.0, 0.0)	(9.0, 0.0)	(10.0, 0.0)	(11.0, 57.0)	(12.0, 1212.0)	(13.0, 7382.0)	(14.0, 14718.0)	(15.0, 17306.0)	(16.0, 16551.0)	(17.0, 15625.0)	(18.0, 14702.0)	(19.0, 15560.0)	(20.0, 17968.0)	(21.0, 25736.0)	(22.0, 39624.0)	(23.0, 61411.0)	(24.0, 86591.0)	(25.0, 118358.0)	(26.0, 149361.0)	(27.0, 189591.0)	(28.0, 235806.0)	(29.0, 302374.0)	(30.0, 379760.0)	(31.0, 500931.0)	(32.0, 659977.0)	(33.0, 971416.0)	(34.0, 1640093.0)	(35.0, 4255223.0)	(36.0, 23084171.0)	(37.0, 10106732.0)
SRR29999106_1	(2.0, 60107.0)	(3.0, 0.0)	(4.0, 0.0)	(5.0, 0.0)	(6.0, 0.0)	(7.0, 0.0)	(8.0, 0.0)	(9.0, 0.0)	(10.0, 0.0)	(11.0, 0.0)	(12.0, 0.0)	(13.0, 0.0)	(14.0, 2.0)	(15.0, 10.0)	(16.0, 31.0)	(17.0, 127.0)	(18.0, 311.0)	(19.0, 707.0)	(20.0, 1558.0)	(21.0, 3593.0)	(22.0, 7544.0)	(23.0, 15097.0)	(24.0, 28107.0)	(25.0, 50865.0)	(26.0, 84644.0)	(27.0, 137087.0)	(28.0, 206725.0)	(29.0, 302114.0)	(30.0, 407111.0)	(31.0, 540582.0)	(32.0, 678608.0)	(33.0, 887409.0)	(34.0, 1231319.0)	(35.0, 2358337.0)	(36.0, 21860810.0)	(37.0, 11018188.0)
SRR29999106_2	(2.0, 3805.0)	(3.0, 0.0)	(4.0, 0.0)	(5.0, 0.0)	(6.0, 0.0)	(7.0, 0.0)	(8.0, 0.0)	(9.0, 0.0)	(10.0, 0.0)	(11.0, 34.0)	(12.0, 830.0)	(13.0, 5758.0)	(14.0, 12587.0)	(15.0, 15138.0)	(16.0, 14923.0)	(17.0, 14262.0)	(18.0, 14066.0)	(19.0, 15988.0)	(20.0, 19951.0)	(21.0, 29570.0)	(22.0, 44175.0)	(23.0, 65860.0)	(24.0, 89481.0)	(25.0, 116743.0)	(26.0, 142784.0)	(27.0, 180057.0)	(28.0, 223582.0)	(29.0, 287956.0)	(30.0, 365228.0)	(31.0, 486913.0)	(32.0, 648352.0)	(33.0, 968571.0)	(34.0, 1660039.0)	(35.0, 4324397.0)	(36.0, 22027780.0)	(37.0, 8102163.0)
SRR29999107_1	(2.0, 57254.0)	(3.0, 0.0)	(4.0, 0.0)	(5.0, 0.0)	(6.0, 0.0)	(7.0, 0.0)	(8.0, 0.0)	(9.0, 0.0)	(10.0, 0.0)	(11.0, 0.0)	(12.0, 0.0)	(13.0, 0.0)	(14.0, 0.0)	(15.0, 8.0)	(16.0, 58.0)	(17.0, 234.0)	(18.0, 688.0)	(19.0, 1674.0)	(20.0, 3700.0)	(21.0, 7171.0)	(22.0, 12702.0)	(23.0, 22507.0)	(24.0, 39443.0)	(25.0, 67623.0)	(26.0, 108559.0)	(27.0, 171499.0)	(28.0, 253500.0)	(29.0, 364383.0)	(30.0, 483129.0)	(31.0, 633812.0)	(32.0, 791556.0)	(33.0, 1035609.0)	(34.0, 1443539.0)	(35.0, 2835563.0)	(36.0, 24989557.0)	(37.0, 12080404.0)
SRR29999107_2	(2.0, 3123.0)	(3.0, 0.0)	(4.0, 0.0)	(5.0, 0.0)	(6.0, 0.0)	(7.0, 0.0)	(8.0, 0.0)	(9.0, 1.0)	(10.0, 0.0)	(11.0, 42.0)	(12.0, 1122.0)	(13.0, 7475.0)	(14.0, 15902.0)	(15.0, 18535.0)	(16.0, 17759.0)	(17.0, 17076.0)	(18.0, 16972.0)	(19.0, 19238.0)	(20.0, 24007.0)	(21.0, 34495.0)	(22.0, 51017.0)	(23.0, 75511.0)	(24.0, 102029.0)	(25.0, 132446.0)	(26.0, 161395.0)	(27.0, 202627.0)	(28.0, 249385.0)	(29.0, 318795.0)	(30.0, 402639.0)	(31.0, 535498.0)	(32.0, 715053.0)	(33.0, 1070810.0)	(34.0, 1832603.0)	(35.0, 4768104.0)	(36.0, 24872325.0)	(37.0, 9738188.0)
SRR29999108_1	(2.0, 52023.0)	(3.0, 0.0)	(4.0, 0.0)	(5.0, 0.0)	(6.0, 0.0)	(7.0, 0.0)	(8.0, 0.0)	(9.0, 0.0)	(10.0, 0.0)	(11.0, 0.0)	(12.0, 0.0)	(13.0, 0.0)	(14.0, 0.0)	(15.0, 10.0)	(16.0, 40.0)	(17.0, 146.0)	(18.0, 346.0)	(19.0, 859.0)	(20.0, 2158.0)	(21.0, 4823.0)	(22.0, 9942.0)	(23.0, 19511.0)	(24.0, 34260.0)	(25.0, 59541.0)	(26.0, 95755.0)	(27.0, 154584.0)	(28.0, 232458.0)	(29.0, 338797.0)	(30.0, 457946.0)	(31.0, 606784.0)	(32.0, 761237.0)	(33.0, 1007977.0)	(34.0, 1436278.0)	(35.0, 3019527.0)	(36.0, 24336325.0)	(37.0, 9380033.0)
SRR29999108_2	(2.0, 3321.0)	(3.0, 0.0)	(4.0, 0.0)	(5.0, 0.0)	(6.0, 0.0)	(7.0, 0.0)	(8.0, 0.0)	(9.0, 0.0)	(10.0, 0.0)	(11.0, 31.0)	(12.0, 1084.0)	(13.0, 7428.0)	(14.0, 16173.0)	(15.0, 19126.0)	(16.0, 18595.0)	(17.0, 17800.0)	(18.0, 17031.0)	(19.0, 17559.0)	(20.0, 19875.0)	(21.0, 26711.0)	(22.0, 38803.0)	(23.0, 58010.0)	(24.0, 82316.0)	(25.0, 114794.0)	(26.0, 147737.0)	(27.0, 192251.0)	(28.0, 242900.0)	(29.0, 315897.0)	(30.0, 399980.0)	(31.0, 533925.0)	(32.0, 711636.0)	(33.0, 1056445.0)	(34.0, 1796018.0)	(35.0, 4608217.0)	(36.0, 23324375.0)	(37.0, 8223322.0)
SRR29999109_1	(2.0, 108343.0)	(3.0, 0.0)	(4.0, 0.0)	(5.0, 0.0)	(6.0, 0.0)	(7.0, 0.0)	(8.0, 0.0)	(9.0, 0.0)	(10.0, 0.0)	(11.0, 0.0)	(12.0, 0.0)	(13.0, 0.0)	(14.0, 2.0)	(15.0, 22.0)	(16.0, 90.0)	(17.0, 293.0)	(18.0, 798.0)	(19.0, 1715.0)	(20.0, 3700.0)	(21.0, 7243.0)	(22.0, 12897.0)	(23.0, 22791.0)	(24.0, 39217.0)	(25.0, 67295.0)	(26.0, 106322.0)	(27.0, 168015.0)	(28.0, 245201.0)	(29.0, 352514.0)	(30.0, 467307.0)	(31.0, 614229.0)	(32.0, 762924.0)	(33.0, 1001319.0)	(34.0, 1410826.0)	(35.0, 2913763.0)	(36.0, 25060568.0)	(37.0, 10635625.0)
SRR29999109_2	(2.0, 5577.0)	(3.0, 0.0)	(4.0, 0.0)	(5.0, 0.0)	(6.0, 0.0)	(7.0, 0.0)	(8.0, 0.0)	(9.0, 0.0)	(10.0, 0.0)	(11.0, 41.0)	(12.0, 1659.0)	(13.0, 9910.0)	(14.0, 19285.0)	(15.0, 22722.0)	(16.0, 23353.0)	(17.0, 23626.0)	(18.0, 24497.0)	(19.0, 28076.0)	(20.0, 31376.0)	(21.0, 36463.0)	(22.0, 44970.0)	(23.0, 61912.0)	(24.0, 83727.0)	(25.0, 111325.0)	(26.0, 139130.0)	(27.0, 175550.0)	(28.0, 217837.0)	(29.0, 281353.0)	(30.0, 355574.0)	(31.0, 471736.0)	(32.0, 626487.0)	(33.0, 926326.0)	(34.0, 1570569.0)	(35.0, 4140367.0)	(36.0, 24417440.0)	(37.0, 10152131.0)
SRR29999110_1	(2.0, 63357.0)	(3.0, 0.0)	(4.0, 0.0)	(5.0, 0.0)	(6.0, 0.0)	(7.0, 0.0)	(8.0, 0.0)	(9.0, 0.0)	(10.0, 0.0)	(11.0, 0.0)	(12.0, 0.0)	(13.0, 0.0)	(14.0, 2.0)	(15.0, 6.0)	(16.0, 48.0)	(17.0, 135.0)	(18.0, 355.0)	(19.0, 898.0)	(20.0, 2013.0)	(21.0, 4488.0)	(22.0, 8964.0)	(23.0, 17794.0)	(24.0, 33211.0)	(25.0, 60107.0)	(26.0, 99663.0)	(27.0, 159556.0)	(28.0, 237096.0)	(29.0, 344259.0)	(30.0, 458618.0)	(31.0, 606313.0)	(32.0, 752976.0)	(33.0, 987090.0)	(34.0, 1378703.0)	(35.0, 2800162.0)	(36.0, 24996043.0)	(37.0, 11245578.0)
SRR29999110_2	(2.0, 3706.0)	(3.0, 0.0)	(4.0, 0.0)	(5.0, 0.0)	(6.0, 0.0)	(7.0, 0.0)	(8.0, 0.0)	(9.0, 0.0)	(10.0, 0.0)	(11.0, 40.0)	(12.0, 1496.0)	(13.0, 7892.0)	(14.0, 14612.0)	(15.0, 16476.0)	(16.0, 15822.0)	(17.0, 15288.0)	(18.0, 14835.0)	(19.0, 17287.0)	(20.0, 21161.0)	(21.0, 28931.0)	(22.0, 39068.0)	(23.0, 55488.0)	(24.0, 76231.0)	(25.0, 102227.0)	(26.0, 127603.0)	(27.0, 162353.0)	(28.0, 203746.0)	(29.0, 265608.0)	(30.0, 338624.0)	(31.0, 456135.0)	(32.0, 608448.0)	(33.0, 906449.0)	(34.0, 1538418.0)	(35.0, 4066599.0)	(36.0, 24587131.0)	(37.0, 10565761.0)
SRR29999111_1	(2.0, 78918.0)	(3.0, 0.0)	(4.0, 0.0)	(5.0, 0.0)	(6.0, 0.0)	(7.0, 0.0)	(8.0, 0.0)	(9.0, 0.0)	(10.0, 0.0)	(11.0, 0.0)	(12.0, 0.0)	(13.0, 0.0)	(14.0, 3.0)	(15.0, 26.0)	(16.0, 128.0)	(17.0, 413.0)	(18.0, 1080.0)	(19.0, 2120.0)	(20.0, 3951.0)	(21.0, 7026.0)	(22.0, 11543.0)	(23.0, 19338.0)	(24.0, 31273.0)	(25.0, 50915.0)	(26.0, 79713.0)	(27.0, 127258.0)	(28.0, 192334.0)	(29.0, 285587.0)	(30.0, 392525.0)	(31.0, 530298.0)	(32.0, 669646.0)	(33.0, 886024.0)	(34.0, 1245900.0)	(35.0, 2525211.0)	(36.0, 22251224.0)	(37.0, 9542074.0)
SRR29999111_2	(2.0, 4645.0)	(3.0, 0.0)	(4.0, 0.0)	(5.0, 0.0)	(6.0, 0.0)	(7.0, 0.0)	(8.0, 0.0)	(9.0, 0.0)	(10.0, 1.0)	(11.0, 25.0)	(12.0, 956.0)	(13.0, 6993.0)	(14.0, 16508.0)	(15.0, 21191.0)	(16.0, 21261.0)	(17.0, 21932.0)	(18.0, 20722.0)	(19.0, 20344.0)	(20.0, 21090.0)	(21.0, 27129.0)	(22.0, 36828.0)	(23.0, 50663.0)	(24.0, 67333.0)	(25.0, 88948.0)	(26.0, 110677.0)	(27.0, 142412.0)	(28.0, 179818.0)	(29.0, 236426.0)	(30.0, 304771.0)	(31.0, 410125.0)	(32.0, 549242.0)	(33.0, 814994.0)	(34.0, 1359738.0)	(35.0, 3463424.0)	(36.0, 21225027.0)	(37.0, 9711305.0)
SRR29999112_1	(2.0, 95060.0)	(3.0, 0.0)	(4.0, 0.0)	(5.0, 0.0)	(6.0, 0.0)	(7.0, 0.0)	(8.0, 0.0)	(9.0, 0.0)	(10.0, 0.0)	(11.0, 0.0)	(12.0, 0.0)	(13.0, 0.0)	(14.0, 0.0)	(15.0, 7.0)	(16.0, 54.0)	(17.0, 153.0)	(18.0, 422.0)	(19.0, 1069.0)	(20.0, 2437.0)	(21.0, 5379.0)	(22.0, 10825.0)	(23.0, 21582.0)	(24.0, 40367.0)	(25.0, 70792.0)	(26.0, 110614.0)	(27.0, 166768.0)	(28.0, 232824.0)	(29.0, 325878.0)	(30.0, 427171.0)	(31.0, 558607.0)	(32.0, 694945.0)	(33.0, 912580.0)	(34.0, 1287019.0)	(35.0, 2670689.0)	(36.0, 21799248.0)	(37.0, 8180568.0)
SRR29999112_2	(2.0, 5524.0)	(3.0, 0.0)	(4.0, 0.0)	(5.0, 0.0)	(6.0, 0.0)	(7.0, 0.0)	(8.0, 0.0)	(9.0, 0.0)	(10.0, 0.0)	(11.0, 51.0)	(12.0, 1622.0)	(13.0, 9177.0)	(14.0, 16869.0)	(15.0, 18996.0)	(16.0, 19160.0)	(17.0, 20042.0)	(18.0, 21225.0)	(19.0, 25370.0)	(20.0, 30427.0)	(21.0, 36837.0)	(22.0, 45543.0)	(23.0, 62742.0)	(24.0, 85649.0)	(25.0, 111617.0)	(26.0, 132026.0)	(27.0, 162646.0)	(28.0, 195740.0)	(29.0, 250574.0)	(30.0, 318038.0)	(31.0, 423941.0)	(32.0, 568873.0)	(33.0, 849426.0)	(34.0, 1464156.0)	(35.0, 3864180.0)	(36.0, 20946023.0)	(37.0, 7928584.0)
SRR29999113_1	(2.0, 21107.0)	(3.0, 0.0)	(4.0, 0.0)	(5.0, 0.0)	(6.0, 0.0)	(7.0, 0.0)	(8.0, 0.0)	(9.0, 0.0)	(10.0, 0.0)	(11.0, 0.0)	(12.0, 0.0)	(13.0, 0.0)	(14.0, 0.0)	(15.0, 2.0)	(16.0, 14.0)	(17.0, 44.0)	(18.0, 169.0)	(19.0, 393.0)	(20.0, 1011.0)	(21.0, 2781.0)	(22.0, 6212.0)	(23.0, 13011.0)	(24.0, 25333.0)	(25.0, 47487.0)	(26.0, 81671.0)	(27.0, 136744.0)	(28.0, 212333.0)	(29.0, 318012.0)	(30.0, 435258.0)	(31.0, 584851.0)	(32.0, 737444.0)	(33.0, 976477.0)	(34.0, 1385434.0)	(35.0, 2841769.0)	(36.0, 22789335.0)	(37.0, 8814254.0)
SRR29999113_2	(2.0, 3014.0)	(3.0, 0.0)	(4.0, 0.0)	(5.0, 0.0)	(6.0, 0.0)	(7.0, 0.0)	(8.0, 0.0)	(9.0, 0.0)	(10.0, 0.0)	(11.0, 32.0)	(12.0, 613.0)	(13.0, 4265.0)	(14.0, 8958.0)	(15.0, 10187.0)	(16.0, 9438.0)	(17.0, 8882.0)	(18.0, 8525.0)	(19.0, 9658.0)	(20.0, 13079.0)	(21.0, 19873.0)	(22.0, 31305.0)	(23.0, 49437.0)	(24.0, 72722.0)	(25.0, 103321.0)	(26.0, 135377.0)	(27.0, 178414.0)	(28.0, 229365.0)	(29.0, 299178.0)	(30.0, 383771.0)	(31.0, 512744.0)	(32.0, 687790.0)	(33.0, 1024005.0)	(34.0, 1742275.0)	(35.0, 4452532.0)	(36.0, 21886783.0)	(37.0, 7545603.0)
SRR29999114_1	(2.0, 33299.0)	(3.0, 0.0)	(4.0, 0.0)	(5.0, 0.0)	(6.0, 0.0)	(7.0, 0.0)	(8.0, 0.0)	(9.0, 0.0)	(10.0, 0.0)	(11.0, 0.0)	(12.0, 0.0)	(13.0, 0.0)	(14.0, 0.0)	(15.0, 15.0)	(16.0, 50.0)	(17.0, 198.0)	(18.0, 463.0)	(19.0, 1075.0)	(20.0, 2496.0)	(21.0, 5531.0)	(22.0, 11484.0)	(23.0, 21347.0)	(24.0, 38130.0)	(25.0, 66612.0)	(26.0, 106904.0)	(27.0, 168397.0)	(28.0, 248553.0)	(29.0, 361427.0)	(30.0, 483780.0)	(31.0, 640324.0)	(32.0, 804285.0)	(33.0, 1062245.0)	(34.0, 1505273.0)	(35.0, 3134876.0)	(36.0, 26706937.0)	(37.0, 10446787.0)
SRR29999114_2	(2.0, 2850.0)	(3.0, 0.0)	(4.0, 0.0)	(5.0, 0.0)	(6.0, 0.0)	(7.0, 0.0)	(8.0, 0.0)	(9.0, 0.0)	(10.0, 0.0)	(11.0, 18.0)	(12.0, 779.0)	(13.0, 5642.0)	(14.0, 11798.0)	(15.0, 12920.0)	(16.0, 12270.0)	(17.0, 12183.0)	(18.0, 12549.0)	(19.0, 14635.0)	(20.0, 18397.0)	(21.0, 27119.0)	(22.0, 40114.0)	(23.0, 61818.0)	(24.0, 88400.0)	(25.0, 121747.0)	(26.0, 154918.0)	(27.0, 200059.0)	(28.0, 250743.0)	(29.0, 326100.0)	(30.0, 414201.0)	(31.0, 552956.0)	(32.0, 738270.0)	(33.0, 1102039.0)	(34.0, 1883005.0)	(35.0, 4901714.0)	(36.0, 25360199.0)	(37.0, 9523045.0)
SRR29999115_1	(2.0, 82557.0)	(3.0, 0.0)	(4.0, 0.0)	(5.0, 0.0)	(6.0, 0.0)	(7.0, 0.0)	(8.0, 0.0)	(9.0, 0.0)	(10.0, 0.0)	(11.0, 0.0)	(12.0, 0.0)	(13.0, 0.0)	(14.0, 0.0)	(15.0, 6.0)	(16.0, 48.0)	(17.0, 128.0)	(18.0, 259.0)	(19.0, 588.0)	(20.0, 1189.0)	(21.0, 2775.0)	(22.0, 6085.0)	(23.0, 13187.0)	(24.0, 26426.0)	(25.0, 51843.0)	(26.0, 90316.0)	(27.0, 153963.0)	(28.0, 238543.0)	(29.0, 358738.0)	(30.0, 488994.0)	(31.0, 654601.0)	(32.0, 823838.0)	(33.0, 1090624.0)	(34.0, 1533195.0)	(35.0, 3165209.0)	(36.0, 29900818.0)	(37.0, 13174477.0)
SRR29999115_2	(2.0, 4010.0)	(3.0, 0.0)	(4.0, 0.0)	(5.0, 0.0)	(6.0, 0.0)	(7.0, 0.0)	(8.0, 0.0)	(9.0, 0.0)	(10.0, 0.0)	(11.0, 30.0)	(12.0, 1186.0)	(13.0, 9486.0)	(14.0, 22680.0)	(15.0, 27103.0)	(16.0, 26061.0)	(17.0, 25095.0)	(18.0, 22154.0)	(19.0, 20877.0)	(20.0, 21146.0)	(21.0, 27046.0)	(22.0, 37849.0)	(23.0, 57526.0)	(24.0, 84400.0)	(25.0, 120300.0)	(26.0, 155306.0)	(27.0, 204378.0)	(28.0, 256765.0)	(29.0, 334802.0)	(30.0, 425742.0)	(31.0, 565392.0)	(32.0, 748743.0)	(33.0, 1103754.0)	(34.0, 1851874.0)	(35.0, 4750990.0)	(36.0, 28581452.0)	(37.0, 12372260.0)
SRR29999116_1	(2.0, 75221.0)	(3.0, 0.0)	(4.0, 0.0)	(5.0, 0.0)	(6.0, 0.0)	(7.0, 0.0)	(8.0, 0.0)	(9.0, 0.0)	(10.0, 0.0)	(11.0, 0.0)	(12.0, 0.0)	(13.0, 0.0)	(14.0, 2.0)	(15.0, 7.0)	(16.0, 49.0)	(17.0, 174.0)	(18.0, 434.0)	(19.0, 939.0)	(20.0, 2447.0)	(21.0, 5925.0)	(22.0, 11943.0)	(23.0, 22702.0)	(24.0, 39565.0)	(25.0, 69015.0)	(26.0, 111471.0)	(27.0, 176098.0)	(28.0, 260833.0)	(29.0, 381305.0)	(30.0, 508247.0)	(31.0, 670735.0)	(32.0, 836916.0)	(33.0, 1102351.0)	(34.0, 1552241.0)	(35.0, 3215836.0)	(36.0, 26587688.0)	(37.0, 10546882.0)
SRR29999116_2	(2.0, 3621.0)	(3.0, 0.0)	(4.0, 0.0)	(5.0, 0.0)	(6.0, 0.0)	(7.0, 0.0)	(8.0, 0.0)	(9.0, 0.0)	(10.0, 0.0)	(11.0, 29.0)	(12.0, 1217.0)	(13.0, 8602.0)	(14.0, 18939.0)	(15.0, 22918.0)	(16.0, 22604.0)	(17.0, 22887.0)	(18.0, 22134.0)	(19.0, 22379.0)	(20.0, 23457.0)	(21.0, 30633.0)	(22.0, 42689.0)	(23.0, 62798.0)	(24.0, 87396.0)	(25.0, 119621.0)	(26.0, 151311.0)	(27.0, 193791.0)	(28.0, 242829.0)	(29.0, 314373.0)	(30.0, 398940.0)	(31.0, 532085.0)	(32.0, 707580.0)	(33.0, 1047237.0)	(34.0, 1757184.0)	(35.0, 4515834.0)	(36.0, 25719794.0)	(37.0, 10086144.0)
SRR29999117_1	(2.0, 104222.0)	(3.0, 0.0)	(4.0, 0.0)	(5.0, 0.0)	(6.0, 0.0)	(7.0, 0.0)	(8.0, 0.0)	(9.0, 0.0)	(10.0, 0.0)	(11.0, 0.0)	(12.0, 0.0)	(13.0, 0.0)	(14.0, 5.0)	(15.0, 29.0)	(16.0, 142.0)	(17.0, 395.0)	(18.0, 1037.0)	(19.0, 2743.0)	(20.0, 6656.0)	(21.0, 15227.0)	(22.0, 29060.0)	(23.0, 49491.0)	(24.0, 75020.0)	(25.0, 114700.0)	(26.0, 165081.0)	(27.0, 243167.0)	(28.0, 338532.0)	(29.0, 471525.0)	(30.0, 615401.0)	(31.0, 801807.0)	(32.0, 989921.0)	(33.0, 1286354.0)	(34.0, 1769845.0)	(35.0, 3451995.0)	(36.0, 29162561.0)	(37.0, 14137888.0)
SRR29999117_2	(2.0, 4611.0)	(3.0, 0.0)	(4.0, 0.0)	(5.0, 0.0)	(6.0, 0.0)	(7.0, 0.0)	(8.0, 0.0)	(9.0, 0.0)	(10.0, 0.0)	(11.0, 45.0)	(12.0, 1461.0)	(13.0, 9435.0)	(14.0, 19810.0)	(15.0, 23513.0)	(16.0, 23897.0)	(17.0, 24745.0)	(18.0, 26250.0)	(19.0, 31469.0)	(20.0, 38393.0)	(21.0, 54402.0)	(22.0, 79869.0)	(23.0, 118913.0)	(24.0, 166009.0)	(25.0, 224555.0)	(26.0, 277998.0)	(27.0, 346943.0)	(28.0, 418546.0)	(29.0, 522499.0)	(30.0, 644080.0)	(31.0, 833994.0)	(32.0, 1088051.0)	(33.0, 1608430.0)	(34.0, 2760408.0)	(35.0, 7030873.0)	(36.0, 28989972.0)	(37.0, 8463633.0)
SRR29999118_1	(2.0, 47746.0)	(3.0, 0.0)	(4.0, 0.0)	(5.0, 0.0)	(6.0, 0.0)	(7.0, 0.0)	(8.0, 0.0)	(9.0, 0.0)	(10.0, 0.0)	(11.0, 0.0)	(12.0, 0.0)	(13.0, 0.0)	(14.0, 2.0)	(15.0, 7.0)	(16.0, 33.0)	(17.0, 148.0)	(18.0, 342.0)	(19.0, 836.0)	(20.0, 2178.0)	(21.0, 5327.0)	(22.0, 11187.0)	(23.0, 20715.0)	(24.0, 35180.0)	(25.0, 59802.0)	(26.0, 95417.0)	(27.0, 154241.0)	(28.0, 235215.0)	(29.0, 348987.0)	(30.0, 477679.0)	(31.0, 639514.0)	(32.0, 808831.0)	(33.0, 1074555.0)	(34.0, 1524608.0)	(35.0, 3173047.0)	(36.0, 26647863.0)	(37.0, 10662596.0)
SRR29999118_2	(2.0, 3062.0)	(3.0, 0.0)	(4.0, 0.0)	(5.0, 0.0)	(6.0, 0.0)	(7.0, 0.0)	(8.0, 0.0)	(9.0, 0.0)	(10.0, 0.0)	(11.0, 31.0)	(12.0, 1180.0)	(13.0, 8483.0)	(14.0, 19161.0)	(15.0, 22309.0)	(16.0, 20368.0)	(17.0, 19077.0)	(18.0, 17179.0)	(19.0, 17289.0)	(20.0, 20388.0)	(21.0, 28444.0)	(22.0, 41318.0)	(23.0, 61073.0)	(24.0, 85088.0)	(25.0, 117085.0)	(26.0, 150566.0)	(27.0, 196717.0)	(28.0, 249165.0)	(29.0, 328241.0)	(30.0, 420468.0)	(31.0, 564277.0)	(32.0, 760757.0)	(33.0, 1142466.0)	(34.0, 1966256.0)	(35.0, 5100976.0)	(36.0, 25646205.0)	(37.0, 9018427.0)
SRR29999119_1	(2.0, 59129.0)	(3.0, 0.0)	(4.0, 0.0)	(5.0, 0.0)	(6.0, 0.0)	(7.0, 0.0)	(8.0, 0.0)	(9.0, 0.0)	(10.0, 0.0)	(11.0, 0.0)	(12.0, 0.0)	(13.0, 1.0)	(14.0, 0.0)	(15.0, 8.0)	(16.0, 40.0)	(17.0, 95.0)	(18.0, 307.0)	(19.0, 773.0)	(20.0, 2106.0)	(21.0, 5241.0)	(22.0, 10939.0)	(23.0, 21170.0)	(24.0, 37031.0)	(25.0, 64320.0)	(26.0, 104846.0)	(27.0, 168947.0)	(28.0, 252084.0)	(29.0, 369041.0)	(30.0, 496771.0)	(31.0, 660137.0)	(32.0, 822865.0)	(33.0, 1085097.0)	(34.0, 1532463.0)	(35.0, 3184500.0)	(36.0, 26551956.0)	(37.0, 10300181.0)
SRR29999119_2	(2.0, 2934.0)	(3.0, 0.0)	(4.0, 0.0)	(5.0, 0.0)	(6.0, 0.0)	(7.0, 0.0)	(8.0, 0.0)	(9.0, 0.0)	(10.0, 0.0)	(11.0, 37.0)	(12.0, 1323.0)	(13.0, 8606.0)	(14.0, 18574.0)	(15.0, 21755.0)	(16.0, 21475.0)	(17.0, 20895.0)	(18.0, 19098.0)	(19.0, 18421.0)	(20.0, 20304.0)	(21.0, 28659.0)	(22.0, 42867.0)	(23.0, 66953.0)	(24.0, 96494.0)	(25.0, 133364.0)	(26.0, 171238.0)	(27.0, 219909.0)	(28.0, 275920.0)	(29.0, 356354.0)	(30.0, 449650.0)	(31.0, 596001.0)	(32.0, 791552.0)	(33.0, 1171765.0)	(34.0, 1993307.0)	(35.0, 5114467.0)	(36.0, 25465153.0)	(37.0, 8602973.0)
SRR29999120_1	(2.0, 42303.0)	(3.0, 0.0)	(4.0, 0.0)	(5.0, 0.0)	(6.0, 0.0)	(7.0, 0.0)	(8.0, 0.0)	(9.0, 0.0)	(10.0, 0.0)	(11.0, 0.0)	(12.0, 0.0)	(13.0, 2.0)	(14.0, 1.0)	(15.0, 11.0)	(16.0, 29.0)	(17.0, 120.0)	(18.0, 296.0)	(19.0, 760.0)	(20.0, 1733.0)	(21.0, 4259.0)	(22.0, 8833.0)	(23.0, 17357.0)	(24.0, 31409.0)	(25.0, 55673.0)	(26.0, 90558.0)	(27.0, 147233.0)	(28.0, 223088.0)	(29.0, 327307.0)	(30.0, 445705.0)	(31.0, 596136.0)	(32.0, 751591.0)	(33.0, 996270.0)	(34.0, 1427202.0)	(35.0, 3035226.0)	(36.0, 24601760.0)	(37.0, 9044074.0)
SRR29999120_2	(2.0, 3205.0)	(3.0, 0.0)	(4.0, 0.0)	(5.0, 0.0)	(6.0, 0.0)	(7.0, 0.0)	(8.0, 0.0)	(9.0, 0.0)	(10.0, 0.0)	(11.0, 23.0)	(12.0, 1104.0)	(13.0, 7096.0)	(14.0, 13980.0)	(15.0, 15761.0)	(16.0, 14359.0)	(17.0, 13339.0)	(18.0, 13384.0)	(19.0, 14951.0)	(20.0, 18086.0)	(21.0, 24598.0)	(22.0, 34709.0)	(23.0, 51663.0)	(24.0, 74201.0)	(25.0, 103449.0)	(26.0, 133248.0)	(27.0, 175889.0)	(28.0, 223431.0)	(29.0, 294263.0)	(30.0, 379398.0)	(31.0, 508829.0)	(32.0, 683678.0)	(33.0, 1033991.0)	(34.0, 1801244.0)	(35.0, 4730871.0)	(36.0, 23434451.0)	(37.0, 8045735.0)
SRR29999121_1	(2.0, 42260.0)	(3.0, 0.0)	(4.0, 0.0)	(5.0, 0.0)	(6.0, 0.0)	(7.0, 0.0)	(8.0, 0.0)	(9.0, 0.0)	(10.0, 0.0)	(11.0, 0.0)	(12.0, 0.0)	(13.0, 0.0)	(14.0, 1.0)	(15.0, 11.0)	(16.0, 39.0)	(17.0, 131.0)	(18.0, 329.0)	(19.0, 798.0)	(20.0, 2040.0)	(21.0, 4892.0)	(22.0, 10604.0)	(23.0, 21185.0)	(24.0, 39299.0)	(25.0, 69817.0)	(26.0, 111935.0)	(27.0, 176716.0)	(28.0, 259036.0)	(29.0, 372110.0)	(30.0, 494218.0)	(31.0, 650139.0)	(32.0, 813029.0)	(33.0, 1073262.0)	(34.0, 1530469.0)	(35.0, 3275590.0)	(36.0, 26378511.0)	(37.0, 9576120.0)
SRR29999121_2	(2.0, 3002.0)	(3.0, 0.0)	(4.0, 0.0)	(5.0, 0.0)	(6.0, 0.0)	(7.0, 0.0)	(8.0, 0.0)	(9.0, 0.0)	(10.0, 0.0)	(11.0, 34.0)	(12.0, 1110.0)	(13.0, 6773.0)	(14.0, 13531.0)	(15.0, 15446.0)	(16.0, 14913.0)	(17.0, 14706.0)	(18.0, 14594.0)	(19.0, 15845.0)	(20.0, 18277.0)	(21.0, 25498.0)	(22.0, 38012.0)	(23.0, 58442.0)	(24.0, 84057.0)	(25.0, 115115.0)	(26.0, 144918.0)	(27.0, 184362.0)	(28.0, 230084.0)	(29.0, 296150.0)	(30.0, 378287.0)	(31.0, 503711.0)	(32.0, 673237.0)	(33.0, 1005263.0)	(34.0, 1717176.0)	(35.0, 4485160.0)	(36.0, 25039913.0)	(37.0, 9804925.0)
SRR29999122_1	(2.0, 90648.0)	(3.0, 0.0)	(4.0, 0.0)	(5.0, 0.0)	(6.0, 0.0)	(7.0, 0.0)	(8.0, 0.0)	(9.0, 0.0)	(10.0, 0.0)	(11.0, 0.0)	(12.0, 0.0)	(13.0, 0.0)	(14.0, 2.0)	(15.0, 12.0)	(16.0, 92.0)	(17.0, 293.0)	(18.0, 696.0)	(19.0, 1445.0)	(20.0, 3082.0)	(21.0, 6340.0)	(22.0, 11828.0)	(23.0, 21848.0)	(24.0, 37832.0)	(25.0, 65048.0)	(26.0, 105157.0)	(27.0, 168377.0)	(28.0, 251179.0)	(29.0, 367102.0)	(30.0, 496442.0)	(31.0, 663198.0)	(32.0, 834086.0)	(33.0, 1102488.0)	(34.0, 1570752.0)	(35.0, 3306618.0)	(36.0, 28141997.0)	(37.0, 11240459.0)
SRR29999122_2	(2.0, 4845.0)	(3.0, 0.0)	(4.0, 0.0)	(5.0, 0.0)	(6.0, 0.0)	(7.0, 0.0)	(8.0, 0.0)	(9.0, 0.0)	(10.0, 0.0)	(11.0, 30.0)	(12.0, 1087.0)	(13.0, 8546.0)	(14.0, 20994.0)	(15.0, 26249.0)	(16.0, 26444.0)	(17.0, 26000.0)	(18.0, 23550.0)	(19.0, 22188.0)	(20.0, 23863.0)	(21.0, 31132.0)	(22.0, 43977.0)	(23.0, 64421.0)	(24.0, 89265.0)	(25.0, 121292.0)	(26.0, 155212.0)	(27.0, 200815.0)	(28.0, 252102.0)	(29.0, 328214.0)	(30.0, 416204.0)	(31.0, 552364.0)	(32.0, 734008.0)	(33.0, 1087925.0)	(34.0, 1844553.0)	(35.0, 4804685.0)	(36.0, 27056333.0)	(37.0, 10520723.0)
SRR29999123_1	(2.0, 41128.0)	(3.0, 0.0)	(4.0, 0.0)	(5.0, 0.0)	(6.0, 0.0)	(7.0, 0.0)	(8.0, 0.0)	(9.0, 0.0)	(10.0, 0.0)	(11.0, 0.0)	(12.0, 0.0)	(13.0, 0.0)	(14.0, 1.0)	(15.0, 4.0)	(16.0, 37.0)	(17.0, 116.0)	(18.0, 273.0)	(19.0, 578.0)	(20.0, 1381.0)	(21.0, 3541.0)	(22.0, 7787.0)	(23.0, 16151.0)	(24.0, 29802.0)	(25.0, 54666.0)	(26.0, 91635.0)	(27.0, 148810.0)	(28.0, 223751.0)	(29.0, 329432.0)	(30.0, 446748.0)	(31.0, 597270.0)	(32.0, 753245.0)	(33.0, 1005028.0)	(34.0, 1442991.0)	(35.0, 3088741.0)	(36.0, 25516051.0)	(37.0, 9536351.0)
SRR29999123_2	(2.0, 3607.0)	(3.0, 0.0)	(4.0, 0.0)	(5.0, 0.0)	(6.0, 0.0)	(7.0, 0.0)	(8.0, 0.0)	(9.0, 0.0)	(10.0, 1.0)	(11.0, 20.0)	(12.0, 659.0)	(13.0, 6033.0)	(14.0, 15648.0)	(15.0, 19625.0)	(16.0, 19174.0)	(17.0, 16932.0)	(18.0, 14033.0)	(19.0, 13319.0)	(20.0, 15433.0)	(21.0, 22056.0)	(22.0, 33845.0)	(23.0, 53718.0)	(24.0, 79928.0)	(25.0, 113145.0)	(26.0, 148157.0)	(27.0, 192750.0)	(28.0, 244476.0)	(29.0, 317284.0)	(30.0, 405489.0)	(31.0, 541249.0)	(32.0, 723005.0)	(33.0, 1082759.0)	(34.0, 1847978.0)	(35.0, 4736993.0)	(36.0, 24207739.0)	(37.0, 8460463.0)
SRR29999124_1	(2.0, 616372.0)	(3.0, 0.0)	(4.0, 0.0)	(5.0, 0.0)	(6.0, 0.0)	(7.0, 0.0)	(8.0, 0.0)	(9.0, 0.0)	(10.0, 0.0)	(11.0, 0.0)	(12.0, 0.0)	(13.0, 1.0)	(14.0, 0.0)	(15.0, 7.0)	(16.0, 24.0)	(17.0, 82.0)	(18.0, 201.0)	(19.0, 666.0)	(20.0, 1503.0)	(21.0, 3581.0)	(22.0, 7541.0)	(23.0, 15335.0)	(24.0, 29329.0)	(25.0, 54411.0)	(26.0, 93135.0)	(27.0, 152541.0)	(28.0, 231515.0)	(29.0, 341584.0)	(30.0, 461201.0)	(31.0, 611552.0)	(32.0, 769924.0)	(33.0, 1023429.0)	(34.0, 1463987.0)	(35.0, 3139326.0)	(36.0, 26070212.0)	(37.0, 9819282.0)
SRR29999124_2	(2.0, 4968.0)	(3.0, 0.0)	(4.0, 0.0)	(5.0, 0.0)	(6.0, 0.0)	(7.0, 0.0)	(8.0, 0.0)	(9.0, 1.0)	(10.0, 0.0)	(11.0, 72.0)	(12.0, 2950.0)	(13.0, 20887.0)	(14.0, 48895.0)	(15.0, 68291.0)	(16.0, 83867.0)	(17.0, 96974.0)	(18.0, 103262.0)	(19.0, 106858.0)	(20.0, 90592.0)	(21.0, 72274.0)	(22.0, 64371.0)	(23.0, 73602.0)	(24.0, 95633.0)	(25.0, 130033.0)	(26.0, 166415.0)	(27.0, 216046.0)	(28.0, 270954.0)	(29.0, 348698.0)	(30.0, 440404.0)	(31.0, 585159.0)	(32.0, 780144.0)	(33.0, 1175852.0)	(34.0, 2036435.0)	(35.0, 5263230.0)	(36.0, 24411206.0)	(37.0, 8148668.0)
SRR29999125_1	(2.0, 25100.0)	(3.0, 0.0)	(4.0, 0.0)	(5.0, 0.0)	(6.0, 0.0)	(7.0, 0.0)	(8.0, 0.0)	(9.0, 0.0)	(10.0, 0.0)	(11.0, 0.0)	(12.0, 0.0)	(13.0, 1.0)	(14.0, 1.0)	(15.0, 11.0)	(16.0, 19.0)	(17.0, 61.0)	(18.0, 164.0)	(19.0, 340.0)	(20.0, 1007.0)	(21.0, 2526.0)	(22.0, 5885.0)	(23.0, 12648.0)	(24.0, 26306.0)	(25.0, 49365.0)	(26.0, 84490.0)	(27.0, 138238.0)	(28.0, 209139.0)	(29.0, 307665.0)	(30.0, 416554.0)	(31.0, 555377.0)	(32.0, 697284.0)	(33.0, 930031.0)	(34.0, 1331321.0)	(35.0, 2844452.0)	(36.0, 23380544.0)	(37.0, 8849042.0)
SRR29999125_2	(2.0, 4490.0)	(3.0, 0.0)	(4.0, 0.0)	(5.0, 0.0)	(6.0, 0.0)	(7.0, 0.0)	(8.0, 0.0)	(9.0, 0.0)	(10.0, 0.0)	(11.0, 18.0)	(12.0, 927.0)	(13.0, 6237.0)	(14.0, 12532.0)	(15.0, 13972.0)	(16.0, 12257.0)	(17.0, 10644.0)	(18.0, 10181.0)	(19.0, 10893.0)	(20.0, 13544.0)	(21.0, 20396.0)	(22.0, 32989.0)	(23.0, 55356.0)	(24.0, 83843.0)	(25.0, 120558.0)	(26.0, 154785.0)	(27.0, 199727.0)	(28.0, 251224.0)	(29.0, 321479.0)	(30.0, 407610.0)	(31.0, 543311.0)	(32.0, 727991.0)	(33.0, 1096471.0)	(34.0, 1883403.0)	(35.0, 4720151.0)	(36.0, 21709844.0)	(37.0, 7442738.0)
SRR29999126_1	(2.0, 32628.0)	(3.0, 0.0)	(4.0, 0.0)	(5.0, 0.0)	(6.0, 0.0)	(7.0, 0.0)	(8.0, 0.0)	(9.0, 0.0)	(10.0, 0.0)	(11.0, 0.0)	(12.0, 0.0)	(13.0, 0.0)	(14.0, 0.0)	(15.0, 3.0)	(16.0, 19.0)	(17.0, 59.0)	(18.0, 120.0)	(19.0, 347.0)	(20.0, 819.0)	(21.0, 2139.0)	(22.0, 4957.0)	(23.0, 10491.0)	(24.0, 20451.0)	(25.0, 39822.0)	(26.0, 72170.0)	(27.0, 123889.0)	(28.0, 196312.0)	(29.0, 297128.0)	(30.0, 409770.0)	(31.0, 552004.0)	(32.0, 697017.0)	(33.0, 923869.0)	(34.0, 1302665.0)	(35.0, 2674621.0)	(36.0, 24698038.0)	(37.0, 10959930.0)
SRR29999126_2	(2.0, 3340.0)	(3.0, 0.0)	(4.0, 0.0)	(5.0, 0.0)	(6.0, 0.0)	(7.0, 0.0)	(8.0, 0.0)	(9.0, 0.0)	(10.0, 0.0)	(11.0, 30.0)	(12.0, 1121.0)	(13.0, 6690.0)	(14.0, 13304.0)	(15.0, 14681.0)	(16.0, 13496.0)	(17.0, 12605.0)	(18.0, 11973.0)	(19.0, 12604.0)	(20.0, 14876.0)	(21.0, 21272.0)	(22.0, 32761.0)	(23.0, 53387.0)	(24.0, 81325.0)	(25.0, 116743.0)	(26.0, 151343.0)	(27.0, 196630.0)	(28.0, 250524.0)	(29.0, 323905.0)	(30.0, 408306.0)	(31.0, 534942.0)	(32.0, 707306.0)	(33.0, 1040975.0)	(34.0, 1762910.0)	(35.0, 4489725.0)	(36.0, 23675190.0)	(37.0, 9067304.0)
SRR29999127_1	(2.0, 41818.0)	(3.0, 0.0)	(4.0, 0.0)	(5.0, 0.0)	(6.0, 0.0)	(7.0, 0.0)	(8.0, 0.0)	(9.0, 0.0)	(10.0, 0.0)	(11.0, 0.0)	(12.0, 0.0)	(13.0, 0.0)	(14.0, 0.0)	(15.0, 13.0)	(16.0, 48.0)	(17.0, 157.0)	(18.0, 280.0)	(19.0, 603.0)	(20.0, 1261.0)	(21.0, 2664.0)	(22.0, 5664.0)	(23.0, 11446.0)	(24.0, 21998.0)	(25.0, 42130.0)	(26.0, 76609.0)	(27.0, 133826.0)	(28.0, 211672.0)	(29.0, 321665.0)	(30.0, 441127.0)	(31.0, 593946.0)	(32.0, 752536.0)	(33.0, 998003.0)	(34.0, 1382628.0)	(35.0, 2626423.0)	(36.0, 23085961.0)	(37.0, 11956304.0)
SRR29999127_2	(2.0, 2160.0)	(3.0, 0.0)	(4.0, 0.0)	(5.0, 0.0)	(6.0, 0.0)	(7.0, 0.0)	(8.0, 0.0)	(9.0, 0.0)	(10.0, 0.0)	(11.0, 30.0)	(12.0, 799.0)	(13.0, 6241.0)	(14.0, 14852.0)	(15.0, 17529.0)	(16.0, 16375.0)	(17.0, 14647.0)	(18.0, 13479.0)	(19.0, 14961.0)	(20.0, 19141.0)	(21.0, 28953.0)	(22.0, 43062.0)	(23.0, 65034.0)	(24.0, 90443.0)	(25.0, 122007.0)	(26.0, 154644.0)	(27.0, 200820.0)	(28.0, 252507.0)	(29.0, 326496.0)	(30.0, 411905.0)	(31.0, 545958.0)	(32.0, 721024.0)	(33.0, 1054525.0)	(34.0, 1736986.0)	(35.0, 4348425.0)	(36.0, 23722763.0)	(37.0, 8763016.0)
SRR29999128_1	(2.0, 83914.0)	(3.0, 0.0)	(4.0, 0.0)	(5.0, 0.0)	(6.0, 0.0)	(7.0, 0.0)	(8.0, 0.0)	(9.0, 0.0)	(10.0, 0.0)	(11.0, 0.0)	(12.0, 0.0)	(13.0, 1.0)	(14.0, 0.0)	(15.0, 10.0)	(16.0, 22.0)	(17.0, 73.0)	(18.0, 216.0)	(19.0, 506.0)	(20.0, 1277.0)	(21.0, 3028.0)	(22.0, 6757.0)	(23.0, 13560.0)	(24.0, 26492.0)	(25.0, 50428.0)	(26.0, 86800.0)	(27.0, 146524.0)	(28.0, 225169.0)	(29.0, 334990.0)	(30.0, 452757.0)	(31.0, 602870.0)	(32.0, 754152.0)	(33.0, 997806.0)	(34.0, 1415263.0)	(35.0, 2955346.0)	(36.0, 25737176.0)	(37.0, 10727215.0)
SRR29999128_2	(2.0, 4380.0)	(3.0, 0.0)	(4.0, 0.0)	(5.0, 0.0)	(6.0, 0.0)	(7.0, 0.0)	(8.0, 0.0)	(9.0, 0.0)	(10.0, 1.0)	(11.0, 47.0)	(12.0, 1717.0)	(13.0, 11200.0)	(14.0, 23426.0)	(15.0, 26389.0)	(16.0, 25072.0)	(17.0, 24023.0)	(18.0, 22473.0)	(19.0, 21464.0)	(20.0, 21032.0)	(21.0, 25832.0)	(22.0, 36355.0)	(23.0, 57929.0)	(24.0, 87326.0)	(25.0, 124276.0)	(26.0, 161053.0)	(27.0, 207856.0)	(28.0, 256764.0)	(29.0, 329467.0)	(30.0, 417325.0)	(31.0, 551901.0)	(32.0, 731657.0)	(33.0, 1087428.0)	(34.0, 1851285.0)	(35.0, 4725571.0)	(36.0, 24458124.0)	(37.0, 9330979.0)
SRR29999129_1	(2.0, 45260.0)	(3.0, 0.0)	(4.0, 0.0)	(5.0, 0.0)	(6.0, 0.0)	(7.0, 0.0)	(8.0, 0.0)	(9.0, 0.0)	(10.0, 0.0)	(11.0, 0.0)	(12.0, 0.0)	(13.0, 0.0)	(14.0, 1.0)	(15.0, 9.0)	(16.0, 54.0)	(17.0, 118.0)	(18.0, 327.0)	(19.0, 802.0)	(20.0, 2134.0)	(21.0, 5328.0)	(22.0, 10948.0)	(23.0, 20538.0)	(24.0, 36152.0)	(25.0, 63646.0)	(26.0, 102693.0)	(27.0, 160996.0)	(28.0, 237171.0)	(29.0, 341063.0)	(30.0, 451900.0)	(31.0, 592366.0)	(32.0, 731380.0)	(33.0, 950852.0)	(34.0, 1301096.0)	(35.0, 2512786.0)	(36.0, 24062854.0)	(37.0, 12037466.0)
SRR29999129_2	(2.0, 2427.0)	(3.0, 0.0)	(4.0, 0.0)	(5.0, 0.0)	(6.0, 0.0)	(7.0, 0.0)	(8.0, 0.0)	(9.0, 0.0)	(10.0, 0.0)	(11.0, 28.0)	(12.0, 1183.0)	(13.0, 6449.0)	(14.0, 12706.0)	(15.0, 14489.0)	(16.0, 13893.0)	(17.0, 13813.0)	(18.0, 14170.0)	(19.0, 16310.0)	(20.0, 19160.0)	(21.0, 26305.0)	(22.0, 38306.0)	(23.0, 58942.0)	(24.0, 85900.0)	(25.0, 119704.0)	(26.0, 150996.0)	(27.0, 190516.0)	(28.0, 234128.0)	(29.0, 299528.0)	(30.0, 375819.0)	(31.0, 493575.0)	(32.0, 641933.0)	(33.0, 928651.0)	(34.0, 1522658.0)	(35.0, 3862897.0)	(36.0, 23947242.0)	(37.0, 10576212.0)
SRR29999130_1	(2.0, 34024.0)	(3.0, 0.0)	(4.0, 0.0)	(5.0, 0.0)	(6.0, 0.0)	(7.0, 0.0)	(8.0, 0.0)	(9.0, 0.0)	(10.0, 0.0)	(11.0, 0.0)	(12.0, 0.0)	(13.0, 0.0)	(14.0, 0.0)	(15.0, 8.0)	(16.0, 18.0)	(17.0, 70.0)	(18.0, 165.0)	(19.0, 426.0)	(20.0, 1038.0)	(21.0, 2734.0)	(22.0, 6189.0)	(23.0, 12574.0)	(24.0, 24340.0)	(25.0, 45973.0)	(26.0, 79050.0)	(27.0, 131872.0)	(28.0, 202473.0)	(29.0, 299553.0)	(30.0, 406595.0)	(31.0, 541818.0)	(32.0, 678241.0)	(33.0, 899483.0)	(34.0, 1279672.0)	(35.0, 2672271.0)	(36.0, 22196321.0)	(37.0, 8661572.0)
SRR29999130_2	(2.0, 2725.0)	(3.0, 0.0)	(4.0, 0.0)	(5.0, 0.0)	(6.0, 0.0)	(7.0, 0.0)	(8.0, 0.0)	(9.0, 0.0)	(10.0, 0.0)	(11.0, 32.0)	(12.0, 1157.0)	(13.0, 7417.0)	(14.0, 14999.0)	(15.0, 16422.0)	(16.0, 15100.0)	(17.0, 13573.0)	(18.0, 12845.0)	(19.0, 13325.0)	(20.0, 15450.0)	(21.0, 22327.0)	(22.0, 34819.0)	(23.0, 55558.0)	(24.0, 84046.0)	(25.0, 120905.0)	(26.0, 156848.0)	(27.0, 205459.0)	(28.0, 258554.0)	(29.0, 335900.0)	(30.0, 422232.0)	(31.0, 562091.0)	(32.0, 750911.0)	(33.0, 1133710.0)	(34.0, 1964945.0)	(35.0, 4949601.0)	(36.0, 20803627.0)	(37.0, 6201902.0)
SRR29999131_1	(2.0, 32716.0)	(3.0, 0.0)	(4.0, 0.0)	(5.0, 0.0)	(6.0, 0.0)	(7.0, 0.0)	(8.0, 0.0)	(9.0, 0.0)	(10.0, 0.0)	(11.0, 0.0)	(12.0, 0.0)	(13.0, 0.0)	(14.0, 1.0)	(15.0, 12.0)	(16.0, 52.0)	(17.0, 139.0)	(18.0, 319.0)	(19.0, 635.0)	(20.0, 1619.0)	(21.0, 3805.0)	(22.0, 8297.0)	(23.0, 16654.0)	(24.0, 30719.0)	(25.0, 55407.0)	(26.0, 92022.0)	(27.0, 148677.0)	(28.0, 222338.0)	(29.0, 324745.0)	(30.0, 435319.0)	(31.0, 576656.0)	(32.0, 720008.0)	(33.0, 945956.0)	(34.0, 1338166.0)	(35.0, 2798852.0)	(36.0, 23441711.0)	(37.0, 9205453.0)
SRR29999131_2	(2.0, 3512.0)	(3.0, 0.0)	(4.0, 0.0)	(5.0, 0.0)	(6.0, 0.0)	(7.0, 0.0)	(8.0, 0.0)	(9.0, 0.0)	(10.0, 0.0)	(11.0, 33.0)	(12.0, 967.0)	(13.0, 5871.0)	(14.0, 11008.0)	(15.0, 12812.0)	(16.0, 12105.0)	(17.0, 11870.0)	(18.0, 12072.0)	(19.0, 13900.0)	(20.0, 17242.0)	(21.0, 23463.0)	(22.0, 35365.0)	(23.0, 54302.0)	(24.0, 78770.0)	(25.0, 110404.0)	(26.0, 139707.0)	(27.0, 180165.0)	(28.0, 225549.0)	(29.0, 292088.0)	(30.0, 370179.0)	(31.0, 493631.0)	(32.0, 658708.0)	(33.0, 988540.0)	(34.0, 1709526.0)	(35.0, 4459487.0)	(36.0, 22559561.0)	(37.0, 7919441.0)
SRR29999132_1	(2.0, 46533.0)	(3.0, 0.0)	(4.0, 0.0)	(5.0, 0.0)	(6.0, 0.0)	(7.0, 0.0)	(8.0, 0.0)	(9.0, 0.0)	(10.0, 0.0)	(11.0, 0.0)	(12.0, 0.0)	(13.0, 0.0)	(14.0, 0.0)	(15.0, 11.0)	(16.0, 29.0)	(17.0, 101.0)	(18.0, 297.0)	(19.0, 698.0)	(20.0, 1624.0)	(21.0, 3877.0)	(22.0, 7692.0)	(23.0, 14850.0)	(24.0, 27554.0)	(25.0, 51726.0)	(26.0, 89802.0)	(27.0, 150039.0)	(28.0, 227444.0)	(29.0, 335973.0)	(30.0, 449463.0)	(31.0, 593580.0)	(32.0, 738069.0)	(33.0, 963716.0)	(34.0, 1337995.0)	(35.0, 2625673.0)	(36.0, 24918645.0)	(37.0, 11875664.0)
SRR29999132_2	(2.0, 2495.0)	(3.0, 0.0)	(4.0, 0.0)	(5.0, 0.0)	(6.0, 0.0)	(7.0, 0.0)	(8.0, 0.0)	(9.0, 0.0)	(10.0, 0.0)	(11.0, 46.0)	(12.0, 1664.0)	(13.0, 7832.0)	(14.0, 14327.0)	(15.0, 16409.0)	(16.0, 16108.0)	(17.0, 16098.0)	(18.0, 16823.0)	(19.0, 18192.0)	(20.0, 20541.0)	(21.0, 26432.0)	(22.0, 38948.0)	(23.0, 60326.0)	(24.0, 88512.0)	(25.0, 122507.0)	(26.0, 154023.0)	(27.0, 194137.0)	(28.0, 235915.0)	(29.0, 302005.0)	(30.0, 378283.0)	(31.0, 495647.0)	(32.0, 650692.0)	(33.0, 946127.0)	(34.0, 1565206.0)	(35.0, 3976352.0)	(36.0, 24167181.0)	(37.0, 10928227.0)
SRR29999133_1	(2.0, 45580.0)	(3.0, 0.0)	(4.0, 0.0)	(5.0, 0.0)	(6.0, 0.0)	(7.0, 0.0)	(8.0, 0.0)	(9.0, 0.0)	(10.0, 0.0)	(11.0, 0.0)	(12.0, 0.0)	(13.0, 1.0)	(14.0, 2.0)	(15.0, 18.0)	(16.0, 82.0)	(17.0, 244.0)	(18.0, 754.0)	(19.0, 2065.0)	(20.0, 4793.0)	(21.0, 9655.0)	(22.0, 16787.0)	(23.0, 27546.0)	(24.0, 41922.0)	(25.0, 66633.0)	(26.0, 106185.0)	(27.0, 169406.0)	(28.0, 256174.0)	(29.0, 377035.0)	(30.0, 511543.0)	(31.0, 684432.0)	(32.0, 860038.0)	(33.0, 1138194.0)	(34.0, 1610052.0)	(35.0, 3353043.0)	(36.0, 28080650.0)	(37.0, 11256120.0)
SRR29999133_2	(2.0, 3101.0)	(3.0, 0.0)	(4.0, 0.0)	(5.0, 0.0)	(6.0, 0.0)	(7.0, 0.0)	(8.0, 0.0)	(9.0, 0.0)	(10.0, 0.0)	(11.0, 35.0)	(12.0, 1337.0)	(13.0, 8725.0)	(14.0, 17006.0)	(15.0, 18925.0)	(16.0, 17663.0)	(17.0, 16989.0)	(18.0, 16195.0)	(19.0, 16911.0)	(20.0, 19999.0)	(21.0, 29018.0)	(22.0, 46249.0)	(23.0, 74492.0)	(24.0, 110128.0)	(25.0, 154903.0)	(26.0, 196618.0)	(27.0, 247525.0)	(28.0, 303867.0)	(29.0, 387604.0)	(30.0, 485686.0)	(31.0, 640896.0)	(32.0, 848410.0)	(33.0, 1260781.0)	(34.0, 2158216.0)	(35.0, 5465362.0)	(36.0, 26366013.0)	(37.0, 9706300.0)
SRR29999134_1	(2.0, 27875.0)	(3.0, 0.0)	(4.0, 0.0)	(5.0, 0.0)	(6.0, 0.0)	(7.0, 0.0)	(8.0, 0.0)	(9.0, 0.0)	(10.0, 0.0)	(11.0, 0.0)	(12.0, 0.0)	(13.0, 0.0)	(14.0, 0.0)	(15.0, 3.0)	(16.0, 18.0)	(17.0, 52.0)	(18.0, 145.0)	(19.0, 327.0)	(20.0, 846.0)	(21.0, 2191.0)	(22.0, 5389.0)	(23.0, 11895.0)	(24.0, 23839.0)	(25.0, 47015.0)	(26.0, 82151.0)	(27.0, 137527.0)	(28.0, 211667.0)	(29.0, 314194.0)	(30.0, 430014.0)	(31.0, 574419.0)	(32.0, 722842.0)	(33.0, 962405.0)	(34.0, 1368777.0)	(35.0, 2884738.0)	(36.0, 24511261.0)	(37.0, 9635390.0)
SRR29999134_2	(2.0, 2313.0)	(3.0, 0.0)	(4.0, 0.0)	(5.0, 0.0)	(6.0, 0.0)	(7.0, 0.0)	(8.0, 0.0)	(9.0, 0.0)	(10.0, 0.0)	(11.0, 26.0)	(12.0, 832.0)	(13.0, 5862.0)	(14.0, 12181.0)	(15.0, 13543.0)	(16.0, 12347.0)	(17.0, 11039.0)	(18.0, 9959.0)	(19.0, 10085.0)	(20.0, 12033.0)	(21.0, 18549.0)	(22.0, 30767.0)	(23.0, 51509.0)	(24.0, 81116.0)	(25.0, 117693.0)	(26.0, 154486.0)	(27.0, 202264.0)	(28.0, 256914.0)	(29.0, 332525.0)	(30.0, 422201.0)	(31.0, 558799.0)	(32.0, 746133.0)	(33.0, 1114319.0)	(34.0, 1892505.0)	(35.0, 4711914.0)	(36.0, 22896377.0)	(37.0, 8276689.0)
SRR29999135_1	(2.0, 31168.0)	(3.0, 0.0)	(4.0, 0.0)	(5.0, 0.0)	(6.0, 0.0)	(7.0, 0.0)	(8.0, 0.0)	(9.0, 0.0)	(10.0, 0.0)	(11.0, 0.0)	(12.0, 0.0)	(13.0, 0.0)	(14.0, 0.0)	(15.0, 1.0)	(16.0, 12.0)	(17.0, 62.0)	(18.0, 146.0)	(19.0, 410.0)	(20.0, 1123.0)	(21.0, 2912.0)	(22.0, 6888.0)	(23.0, 15364.0)	(24.0, 30720.0)	(25.0, 58553.0)	(26.0, 98557.0)	(27.0, 156905.0)	(28.0, 232385.0)	(29.0, 339171.0)	(30.0, 455628.0)	(31.0, 604882.0)	(32.0, 757319.0)	(33.0, 1009185.0)	(34.0, 1439212.0)	(35.0, 3045138.0)	(36.0, 26039849.0)	(37.0, 10251921.0)
SRR29999135_2	(2.0, 3148.0)	(3.0, 0.0)	(4.0, 0.0)	(5.0, 0.0)	(6.0, 0.0)	(7.0, 0.0)	(8.0, 0.0)	(9.0, 0.0)	(10.0, 0.0)	(11.0, 29.0)	(12.0, 1220.0)	(13.0, 6935.0)	(14.0, 12221.0)	(15.0, 13166.0)	(16.0, 11683.0)	(17.0, 10760.0)	(18.0, 10656.0)	(19.0, 12290.0)	(20.0, 15964.0)	(21.0, 23675.0)	(22.0, 36502.0)	(23.0, 59268.0)	(24.0, 87909.0)	(25.0, 123978.0)	(26.0, 158227.0)	(27.0, 202154.0)	(28.0, 252371.0)	(29.0, 327397.0)	(30.0, 417809.0)	(31.0, 557503.0)	(32.0, 752026.0)	(33.0, 1141605.0)	(34.0, 2001576.0)	(35.0, 5245240.0)	(36.0, 24868497.0)	(37.0, 8223702.0)
SRR29999136_1	(2.0, 42001.0)	(3.0, 0.0)	(4.0, 0.0)	(5.0, 0.0)	(6.0, 0.0)	(7.0, 0.0)	(8.0, 0.0)	(9.0, 0.0)	(10.0, 0.0)	(11.0, 0.0)	(12.0, 0.0)	(13.0, 0.0)	(14.0, 2.0)	(15.0, 5.0)	(16.0, 15.0)	(17.0, 68.0)	(18.0, 134.0)	(19.0, 258.0)	(20.0, 609.0)	(21.0, 1385.0)	(22.0, 3064.0)	(23.0, 7592.0)	(24.0, 17330.0)	(25.0, 37305.0)	(26.0, 70087.0)	(27.0, 125007.0)	(28.0, 198500.0)	(29.0, 301431.0)	(30.0, 410802.0)	(31.0, 549850.0)	(32.0, 687529.0)	(33.0, 900192.0)	(34.0, 1232036.0)	(35.0, 2387802.0)	(36.0, 25152399.0)	(37.0, 13103249.0)
SRR29999136_2	(2.0, 1896.0)	(3.0, 0.0)	(4.0, 0.0)	(5.0, 0.0)	(6.0, 0.0)	(7.0, 0.0)	(8.0, 0.0)	(9.0, 0.0)	(10.0, 0.0)	(11.0, 32.0)	(12.0, 1299.0)	(13.0, 8414.0)	(14.0, 16886.0)	(15.0, 18902.0)	(16.0, 16351.0)	(17.0, 14684.0)	(18.0, 13033.0)	(19.0, 12071.0)	(20.0, 12498.0)	(21.0, 16271.0)	(22.0, 23976.0)	(23.0, 39701.0)	(24.0, 60443.0)	(25.0, 87565.0)	(26.0, 113172.0)	(27.0, 147451.0)	(28.0, 187664.0)	(29.0, 246462.0)	(30.0, 315402.0)	(31.0, 421886.0)	(32.0, 555242.0)	(33.0, 805260.0)	(34.0, 1302774.0)	(35.0, 3271912.0)	(36.0, 24537989.0)	(37.0, 12979416.0)
SRR29999137_1	(2.0, 122090.0)	(3.0, 0.0)	(4.0, 0.0)	(5.0, 0.0)	(6.0, 0.0)	(7.0, 0.0)	(8.0, 0.0)	(9.0, 0.0)	(10.0, 0.0)	(11.0, 0.0)	(12.0, 0.0)	(13.0, 0.0)	(14.0, 0.0)	(15.0, 6.0)	(16.0, 22.0)	(17.0, 93.0)	(18.0, 206.0)	(19.0, 539.0)	(20.0, 1199.0)	(21.0, 2807.0)	(22.0, 6119.0)	(23.0, 13369.0)	(24.0, 27687.0)	(25.0, 53705.0)	(26.0, 91562.0)	(27.0, 148549.0)	(28.0, 221834.0)	(29.0, 324231.0)	(30.0, 436764.0)	(31.0, 577038.0)	(32.0, 721590.0)	(33.0, 944167.0)	(34.0, 1313167.0)	(35.0, 2683716.0)	(36.0, 26006428.0)	(37.0, 11502474.0)
SRR29999137_2	(2.0, 4021.0)	(3.0, 0.0)	(4.0, 0.0)	(5.0, 0.0)	(6.0, 0.0)	(7.0, 0.0)	(8.0, 0.0)	(9.0, 0.0)	(10.0, 0.0)	(11.0, 39.0)	(12.0, 1484.0)	(13.0, 8971.0)	(14.0, 19184.0)	(15.0, 23511.0)	(16.0, 24832.0)	(17.0, 26102.0)	(18.0, 26363.0)	(19.0, 28014.0)	(20.0, 26908.0)	(21.0, 29243.0)	(22.0, 37906.0)	(23.0, 57893.0)	(24.0, 84237.0)	(25.0, 117126.0)	(26.0, 145845.0)	(27.0, 184274.0)	(28.0, 226895.0)	(29.0, 291999.0)	(30.0, 367867.0)	(31.0, 486860.0)	(32.0, 640684.0)	(33.0, 936149.0)	(34.0, 1566669.0)	(35.0, 4034849.0)	(36.0, 24580001.0)	(37.0, 11221436.0)
SRR29999138_1	(2.0, 60630.0)	(3.0, 0.0)	(4.0, 0.0)	(5.0, 0.0)	(6.0, 0.0)	(7.0, 0.0)	(8.0, 0.0)	(9.0, 0.0)	(10.0, 0.0)	(11.0, 0.0)	(12.0, 0.0)	(13.0, 0.0)	(14.0, 0.0)	(15.0, 3.0)	(16.0, 25.0)	(17.0, 105.0)	(18.0, 282.0)	(19.0, 942.0)	(20.0, 2567.0)	(21.0, 6399.0)	(22.0, 12513.0)	(23.0, 23547.0)	(24.0, 39079.0)	(25.0, 65697.0)	(26.0, 107126.0)	(27.0, 172492.0)	(28.0, 257677.0)	(29.0, 377894.0)	(30.0, 513773.0)	(31.0, 687654.0)	(32.0, 870628.0)	(33.0, 1156096.0)	(34.0, 1644362.0)	(35.0, 3456596.0)	(36.0, 29041224.0)	(37.0, 11184426.0)
SRR29999138_2	(2.0, 3747.0)	(3.0, 0.0)	(4.0, 0.0)	(5.0, 0.0)	(6.0, 0.0)	(7.0, 0.0)	(8.0, 0.0)	(9.0, 0.0)	(10.0, 0.0)	(11.0, 37.0)	(12.0, 1537.0)	(13.0, 9545.0)	(14.0, 18695.0)	(15.0, 21373.0)	(16.0, 19697.0)	(17.0, 18968.0)	(18.0, 18688.0)	(19.0, 20630.0)	(20.0, 23664.0)	(21.0, 31209.0)	(22.0, 45930.0)	(23.0, 72693.0)	(24.0, 107133.0)	(25.0, 149241.0)	(26.0, 189717.0)	(27.0, 240233.0)	(28.0, 298311.0)	(29.0, 384161.0)	(30.0, 483002.0)	(31.0, 641053.0)	(32.0, 849947.0)	(33.0, 1267275.0)	(34.0, 2169319.0)	(35.0, 5524358.0)	(36.0, 27365275.0)	(37.0, 9706299.0)
SRR29999139_1	(2.0, 72695.0)	(3.0, 0.0)	(4.0, 0.0)	(5.0, 0.0)	(6.0, 0.0)	(7.0, 0.0)	(8.0, 0.0)	(9.0, 0.0)	(10.0, 0.0)	(11.0, 0.0)	(12.0, 0.0)	(13.0, 0.0)	(14.0, 0.0)	(15.0, 3.0)	(16.0, 21.0)	(17.0, 60.0)	(18.0, 177.0)	(19.0, 462.0)	(20.0, 1218.0)	(21.0, 3437.0)	(22.0, 7374.0)	(23.0, 14836.0)	(24.0, 28320.0)	(25.0, 52050.0)	(26.0, 85264.0)	(27.0, 136414.0)	(28.0, 202029.0)	(29.0, 292151.0)	(30.0, 392044.0)	(31.0, 516833.0)	(32.0, 647104.0)	(33.0, 852647.0)	(34.0, 1209973.0)	(35.0, 2551146.0)	(36.0, 20934586.0)	(37.0, 7748725.0)
SRR29999139_2	(2.0, 3268.0)	(3.0, 0.0)	(4.0, 0.0)	(5.0, 0.0)	(6.0, 0.0)	(7.0, 0.0)	(8.0, 0.0)	(9.0, 0.0)	(10.0, 0.0)	(11.0, 39.0)	(12.0, 1559.0)	(13.0, 7919.0)	(14.0, 14272.0)	(15.0, 15874.0)	(16.0, 15904.0)	(17.0, 15894.0)	(18.0, 16644.0)	(19.0, 19194.0)	(20.0, 23043.0)	(21.0, 29057.0)	(22.0, 40540.0)	(23.0, 60890.0)	(24.0, 88100.0)	(25.0, 120933.0)	(26.0, 150704.0)	(27.0, 190105.0)	(28.0, 233783.0)	(29.0, 299780.0)	(30.0, 377496.0)	(31.0, 500885.0)	(32.0, 668812.0)	(33.0, 1014833.0)	(34.0, 1785427.0)	(35.0, 4602278.0)	(36.0, 19451925.0)	(37.0, 6000411.0)
SRR29999140_1	(2.0, 90795.0)	(3.0, 0.0)	(4.0, 0.0)	(5.0, 0.0)	(6.0, 0.0)	(7.0, 0.0)	(8.0, 0.0)	(9.0, 0.0)	(10.0, 0.0)	(11.0, 0.0)	(12.0, 0.0)	(13.0, 0.0)	(14.0, 1.0)	(15.0, 13.0)	(16.0, 37.0)	(17.0, 114.0)	(18.0, 302.0)	(19.0, 778.0)	(20.0, 1937.0)	(21.0, 4726.0)	(22.0, 9651.0)	(23.0, 18587.0)	(24.0, 33168.0)	(25.0, 58536.0)	(26.0, 97698.0)	(27.0, 160977.0)	(28.0, 243765.0)	(29.0, 360120.0)	(30.0, 491633.0)	(31.0, 657194.0)	(32.0, 830358.0)	(33.0, 1100615.0)	(34.0, 1565204.0)	(35.0, 3289283.0)	(36.0, 27629926.0)	(37.0, 10808055.0)
SRR29999140_2	(2.0, 4576.0)	(3.0, 0.0)	(4.0, 0.0)	(5.0, 0.0)	(6.0, 0.0)	(7.0, 0.0)	(8.0, 0.0)	(9.0, 0.0)	(10.0, 0.0)	(11.0, 70.0)	(12.0, 1915.0)	(13.0, 10306.0)	(14.0, 19682.0)	(15.0, 23380.0)	(16.0, 23519.0)	(17.0, 23842.0)	(18.0, 24166.0)	(19.0, 25698.0)	(20.0, 28122.0)	(21.0, 37093.0)	(22.0, 53691.0)	(23.0, 85081.0)	(24.0, 125657.0)	(25.0, 177553.0)	(26.0, 226171.0)	(27.0, 287679.0)	(28.0, 356050.0)	(29.0, 452999.0)	(30.0, 564778.0)	(31.0, 748092.0)	(32.0, 996027.0)	(33.0, 1507564.0)	(34.0, 2629311.0)	(35.0, 6491252.0)	(36.0, 25099162.0)	(37.0, 7430037.0)
SRR29999141_1	(2.0, 72386.0)	(3.0, 0.0)	(4.0, 0.0)	(5.0, 0.0)	(6.0, 0.0)	(7.0, 0.0)	(8.0, 0.0)	(9.0, 0.0)	(10.0, 0.0)	(11.0, 0.0)	(12.0, 0.0)	(13.0, 0.0)	(14.0, 0.0)	(15.0, 3.0)	(16.0, 40.0)	(17.0, 94.0)	(18.0, 256.0)	(19.0, 519.0)	(20.0, 1155.0)	(21.0, 2900.0)	(22.0, 6114.0)	(23.0, 12701.0)	(24.0, 24865.0)	(25.0, 46972.0)	(26.0, 82233.0)	(27.0, 138807.0)	(28.0, 214175.0)	(29.0, 321402.0)	(30.0, 439436.0)	(31.0, 587804.0)	(32.0, 741042.0)	(33.0, 983285.0)	(34.0, 1401178.0)	(35.0, 2984506.0)	(36.0, 25146325.0)	(37.0, 9552095.0)
SRR29999141_2	(2.0, 3512.0)	(3.0, 0.0)	(4.0, 0.0)	(5.0, 0.0)	(6.0, 0.0)	(7.0, 0.0)	(8.0, 0.0)	(9.0, 1.0)	(10.0, 0.0)	(11.0, 35.0)	(12.0, 1218.0)	(13.0, 8598.0)	(14.0, 18006.0)	(15.0, 21165.0)	(16.0, 20780.0)	(17.0, 20015.0)	(18.0, 18745.0)	(19.0, 17444.0)	(20.0, 17077.0)	(21.0, 21631.0)	(22.0, 31562.0)	(23.0, 50716.0)	(24.0, 75345.0)	(25.0, 108868.0)	(26.0, 141700.0)	(27.0, 184218.0)	(28.0, 233357.0)	(29.0, 305832.0)	(30.0, 390003.0)	(31.0, 523706.0)	(32.0, 703941.0)	(33.0, 1058867.0)	(34.0, 1827368.0)	(35.0, 4699300.0)	(36.0, 23716097.0)	(37.0, 8541186.0)
SRR29999142_1	(2.0, 43887.0)	(3.0, 0.0)	(4.0, 0.0)	(5.0, 0.0)	(6.0, 0.0)	(7.0, 0.0)	(8.0, 0.0)	(9.0, 0.0)	(10.0, 0.0)	(11.0, 0.0)	(12.0, 0.0)	(13.0, 0.0)	(14.0, 2.0)	(15.0, 6.0)	(16.0, 23.0)	(17.0, 92.0)	(18.0, 185.0)	(19.0, 505.0)	(20.0, 1358.0)	(21.0, 3224.0)	(22.0, 7131.0)	(23.0, 15018.0)	(24.0, 29140.0)	(25.0, 54333.0)	(26.0, 91034.0)	(27.0, 147688.0)	(28.0, 221836.0)	(29.0, 326783.0)	(30.0, 444195.0)	(31.0, 592891.0)	(32.0, 749291.0)	(33.0, 995810.0)	(34.0, 1418240.0)	(35.0, 2985843.0)	(36.0, 24177157.0)	(37.0, 9058457.0)
SRR29999142_2	(2.0, 3619.0)	(3.0, 0.0)	(4.0, 0.0)	(5.0, 0.0)	(6.0, 0.0)	(7.0, 0.0)	(8.0, 0.0)	(9.0, 1.0)	(10.0, 1.0)	(11.0, 31.0)	(12.0, 1119.0)	(13.0, 6930.0)	(14.0, 14033.0)	(15.0, 16119.0)	(16.0, 15623.0)	(17.0, 15015.0)	(18.0, 14342.0)	(19.0, 15016.0)	(20.0, 18293.0)	(21.0, 28753.0)	(22.0, 48197.0)	(23.0, 81756.0)	(24.0, 126519.0)	(25.0, 181120.0)	(26.0, 231483.0)	(27.0, 295908.0)	(28.0, 364400.0)	(29.0, 464719.0)	(30.0, 585464.0)	(31.0, 777674.0)	(32.0, 1047033.0)	(33.0, 1601876.0)	(34.0, 2766009.0)	(35.0, 6420443.0)	(36.0, 21009361.0)	(37.0, 5213272.0)
SRR29999143_1	(2.0, 35744.0)	(3.0, 0.0)	(4.0, 0.0)	(5.0, 0.0)	(6.0, 0.0)	(7.0, 0.0)	(8.0, 0.0)	(9.0, 0.0)	(10.0, 0.0)	(11.0, 0.0)	(12.0, 0.0)	(13.0, 0.0)	(14.0, 1.0)	(15.0, 5.0)	(16.0, 22.0)	(17.0, 58.0)	(18.0, 162.0)	(19.0, 446.0)	(20.0, 1038.0)	(21.0, 2759.0)	(22.0, 6365.0)	(23.0, 13846.0)	(24.0, 27715.0)	(25.0, 51840.0)	(26.0, 87946.0)	(27.0, 142875.0)	(28.0, 215430.0)	(29.0, 319168.0)	(30.0, 431612.0)	(31.0, 576597.0)	(32.0, 726741.0)	(33.0, 972770.0)	(34.0, 1400353.0)	(35.0, 3040758.0)	(36.0, 23850000.0)	(37.0, 8027885.0)
SRR29999143_2	(2.0, 3197.0)	(3.0, 0.0)	(4.0, 0.0)	(5.0, 0.0)	(6.0, 0.0)	(7.0, 0.0)	(8.0, 0.0)	(9.0, 0.0)	(10.0, 1.0)	(11.0, 17.0)	(12.0, 843.0)	(13.0, 6050.0)	(14.0, 12256.0)	(15.0, 14330.0)	(16.0, 13610.0)	(17.0, 12685.0)	(18.0, 11937.0)	(19.0, 12288.0)	(20.0, 14310.0)	(21.0, 21748.0)	(22.0, 35688.0)	(23.0, 59293.0)	(24.0, 90895.0)	(25.0, 130199.0)	(26.0, 167864.0)	(27.0, 214887.0)	(28.0, 270553.0)	(29.0, 349072.0)	(30.0, 442697.0)	(31.0, 591870.0)	(32.0, 796277.0)	(33.0, 1206315.0)	(34.0, 2099657.0)	(35.0, 5226967.0)	(36.0, 21697686.0)	(37.0, 6428944.0)
