Sample	fastqc-percent_duplicates	fastqc-percent_gc	fastqc-avg_sequence_length	fastqc-median_sequence_length	fastqc-percent_fails	fastqc-total_sequences
SRR29999095_1	56.343720060758066	55.0	99.49307672509262	100	18.181818181818183	39.808906
SRR29999095_2	55.970292330828215	56.0	99.60520409679181	100	18.181818181818183	39.808906
SRR29999096_1	45.64491526820632	53.0	99.73817440220189	100	9.090909090909092	39.236156
SRR29999096_2	45.00344154317154	54.0	99.84620052993978	100	9.090909090909092	39.236156
SRR29999097_1	43.31257369303049	53.0	99.54841741589966	100	9.090909090909092	37.232966
SRR29999097_2	43.19048508927564	54.0	99.63727968918727	100	9.090909090909092	37.232966
SRR29999098_1	40.20646997821562	52.0	99.41066168816866	100	9.090909090909092	35.925427
SRR29999098_2	39.643349353242655	53.0	99.50279960485925	100	18.181818181818183	35.925427
SRR29999099_1	45.32475740039562	54.0	99.48035577916647	100	9.090909090909092	36.202963
SRR29999099_2	45.09444538744274	54.0	99.59477133128578	100	9.090909090909092	36.202963
SRR29999100_1	44.39611953150735	52.0	99.68805185038615	100	9.090909090909092	35.482783
SRR29999100_2	44.194108323774806	53.0	99.79081791583259	100	9.090909090909092	35.482783
SRR29999101_1	41.42598963253539	53.0	99.68041642358678	100	9.090909090909092	37.419109999999996
SRR29999101_2	41.768874681954216	53.0	99.80336825221124	100	9.090909090909092	37.419109999999996
SRR29999102_1	47.933613384978976	54.0	99.20637701411401	100	9.090909090909092	39.566714999999995
SRR29999102_2	48.83074703141376	54.0	99.3334547358809	100	9.090909090909092	39.566714999999995
SRR29999103_1	57.09245303815188	56.0	99.36580734702125	100	18.181818181818183	40.007697
SRR29999103_2	57.08765169710874	56.0	99.52240941286873	100	18.181818181818183	40.007697
SRR29999104_1	64.48787622799496	53.0	100.02954000433876	100	36.36363636363637	40.772014999999996
SRR29999104_2	63.2459889773497	54.0	100.08963387019259	100	36.36363636363637	40.772014999999996
SRR29999105_1	73.26892620440331	57.0	99.52386536439619	100	18.181818181818183	42.930457
SRR29999105_2	72.44647686566556	58.0	99.63513727561764	100	18.181818181818183	42.930457
SRR29999106_1	53.60389779992653	53.0	99.76725966928657	100	18.181818181818183	39.880993
SRR29999106_2	53.32489710636411	54.0	99.8788581442794	100	18.181818181818183	39.880993
SRR29999107_1	56.900105565215874	55.0	98.9538524785784	100	18.181818181818183	45.404171999999996
SRR29999107_2	57.32647806203808	56.0	99.03777569162587	100	18.181818181818183	45.404171999999996
SRR29999108_1	44.47652465124445	52.0	99.85608364023444	100	9.090909090909092	42.011359999999996
SRR29999108_2	45.41443688581488	53.0	99.93636154601994	100	18.181818181818183	42.011359999999996
SRR29999109_1	57.9694130146376	55.0	99.0316107060745	100	18.181818181818183	44.003018999999995
SRR29999109_2	58.90003684200194	55.0	99.19511180585133	100	18.181818181818183	44.003018999999995
SRR29999110_1	64.78751102984651	55.0	99.63969388420273	100	18.181818181818183	44.257435
SRR29999110_2	65.22096694806555	56.0	99.75325866715954	100	18.181818181818183	44.257435
SRR29999111_1	62.471324979669696	56.0	99.07271376193388	100	18.181818181818183	38.934528
SRR29999111_2	62.00786199646117	57.0	99.23926171648979	100	18.181818181818183	38.934528
SRR29999112_1	49.776925966223665	54.0	99.2172923141578	100	9.090909090909092	37.615058
SRR29999112_2	50.64341785046413	55.0	99.38405882559054	100	18.181818181818183	37.615058
SRR29999113_1	38.480633634912074	49.0	99.94582559177965	100	9.090909090909092	39.431146
SRR29999113_2	38.67000878270412	50.0	99.98085368860444	100	18.181818181818183	39.431146
SRR29999114_1	48.35066678261126	53.0	99.69736928427021	100	9.090909090909092	45.850488
SRR29999114_2	48.14994331513179	53.0	99.75138641926777	100	18.181818181818183	45.850488
SRR29999115_1	69.94726244913466	55.0	99.95821043056722	100	27.27272727272727	51.858407
SRR29999115_2	69.9554095166951	56.0	100.08415633553881	100	18.181818181818183	51.858407
SRR29999116_1	44.16364753543088	52.0	99.89596032190025	100	9.090909090909092	46.179026
SRR29999116_2	45.080265526814024	53.0	100.00374332278035	100	18.181818181818183	46.179026
SRR29999117_1	55.5084820382116	56.0	99.41710348210731	100	18.181818181818183	53.832803999999996
SRR29999117_2	54.26074252245488	57.0	99.5669755935433	100	27.27272727272727	53.832803999999996
SRR29999118_1	40.58368765178334	51.0	99.89684586487272	100	9.090909090909092	46.026056
SRR29999118_2	40.90040139321085	52.0	99.96798695938665	100	18.181818181818183	46.026056
SRR29999119_1	39.512010114256626	51.0	99.9450864779324	100	9.090909090909092	45.730048
SRR29999119_2	40.2349206559501	52.0	100.03089159232897	100	18.181818181818183	45.730048
SRR29999120_1	43.09128664595092	51.0	99.92393493588463	100	9.090909090909092	41.848935999999995
SRR29999120_2	43.75801235922106	52.0	99.98775108643144	100	18.181818181818183	41.848935999999995
SRR29999121_1	44.22865400677893	52.0	99.97627084177708	100	9.090909090909092	44.902541
SRR29999121_2	45.57664790562064	53.0	100.03561269505884	100	18.181818181818183	44.902541
SRR29999122_1	48.90240352998796	52.0	99.61422955846267	100	9.090909090909092	48.487021
SRR29999122_2	48.67430792813341	53.0	99.7396791298026	100	18.181818181818183	48.487021
SRR29999123_1	44.67384230604815	50.0	100.09776241742397	100	9.090909090909092	43.335518
SRR29999123_2	46.92329163474119	51.0	100.15364563081951	100	18.181818181818183	43.335518
SRR29999124_1	46.978052349997434	51.0	98.95062170064845	100	18.181818181818183	44.906741
SRR29999124_2	47.24345968822722	52.0	99.85058765453499	100	18.181818181818183	44.906741
SRR29999125_1	48.48302467765938	51.0	100.11062232760557	100	9.090909090909092	39.867571
SRR29999125_2	50.06801491820479	52.0	100.14845929540077	100	27.27272727272727	39.867571
SRR29999126_1	68.69944985867008	56.0	100.14687874279961	100	27.27272727272727	43.019268
SRR29999126_2	68.52044448422997	56.0	100.21284783367304	100	18.181818181818183	43.019268
SRR29999127_1	68.67363285106369	56.0	99.89718936494138	100	18.181818181818183	42.708782
SRR29999127_2	68.76125371096353	56.0	99.97781929252864	100	18.181818181818183	42.708782
SRR29999128_1	61.49928584251062	53.0	99.9796780322113	100	18.181818181818183	44.622352
SRR29999128_2	62.17186274302172	54.0	100.10533568468108	100	18.181818181818183	44.622352
SRR29999129_1	70.73613086420312	58.0	99.93301552580681	100	18.181818181818183	43.66794
SRR29999129_2	71.28592419554143	58.0	100.0224737416054	100	27.27272727272727	43.66794
SRR29999130_1	42.144289220814315	51.0	100.07875990662313	100	9.090909090909092	38.17648
SRR29999130_2	43.08858294728394	51.0	100.13150431888954	100	18.181818181818183	38.17648
SRR29999131_1	41.36399800013798	51.0	100.01674307785704	100	9.090909090909092	40.400278
SRR29999131_2	43.2895494049678	51.0	100.0610035158669	100	18.181818181818183	40.400278
SRR29999132_1	80.78328713428701	58.0	99.88486254993275	100	27.27272727272727	44.461054999999995
SRR29999132_2	80.4003687544627	58.0	99.98645042273513	100	36.36363636363637	44.461054999999995
SRR29999133_1	57.44859324761583	53.0	99.7438018308662	100	18.181818181818183	48.618953999999995
SRR29999133_2	59.003169083815784	53.0	99.80036701324343	100	18.181818181818183	48.618953999999995
SRR29999134_1	57.9949627436457	53.0	100.13113079782185	100	18.181818181818183	41.95498
SRR29999134_2	58.5672489355842	54.0	100.1760196286591	100	18.181818181818183	41.95498
SRR29999135_1	49.52922972899121	52.0	100.05135785845019	100	9.090909090909092	44.577511
SRR29999135_2	50.666850980155914	53.0	100.08816439975753	100	18.181818181818183	44.577511
SRR29999136_1	90.64064025040327	59.0	100.06308134056262	100	27.27272727272727	45.228652
SRR29999136_2	90.28980515766452	60.0	100.16930130926741	100	36.36363636363637	45.228652
SRR29999137_1	76.08544588963565	57.0	99.80049910881486	100	27.27272727272727	45.199362
SRR29999137_2	75.84899070369829	57.0	100.00597815960323	100	18.181818181818183	45.199362
SRR29999138_1	58.40008726821317	53.0	100.08966148868748	100	18.181818181818183	49.681737
SRR29999138_2	58.670707917281554	54.0	100.17743486907473	100	18.181818181818183	49.681737
SRR29999139_1	47.32764979769206	52.0	99.93498725816806	100	9.090909090909092	35.749569
SRR29999139_2	47.396726883879836	53.0	100.06377057301026	100	9.090909090909092	35.749569
SRR29999140_1	51.542329913074134	53.0	99.89760240520225	100	18.181818181818183	47.453472999999995
SRR29999140_2	51.59567199230587	53.0	100.02194833031504	100	18.181818181818183	47.453472999999995
SRR29999141_1	52.054658804141916	52.0	100.01267153384566	100	18.181818181818183	42.760293
SRR29999141_2	53.41455530814966	52.0	100.12069553639401	100	27.27272727272727	42.760293
SRR29999142_1	43.074441588341706	50.0	100.09832370699743	100	9.090909090909092	41.364129
SRR29999142_2	44.04495073589585	50.0	100.16012014903058	100	18.181818181818183	41.364129
SRR29999143_1	41.62611992335719	50.0	100.14464871100309	100	9.090909090909092	39.932136
SRR29999143_2	43.57441618304164	50.0	100.19170705018134	100	18.181818181818183	39.932136
