Sample	0	1	2	3	4	5	6	7	8	9	10	11	12	13	14	15
SRR20277628_1	(1.0, 72.59163245234491)	(2.0, 9.426115775652963)	(3.0, 2.407002506571046)	(4.0, 1.1326664889877291)	(5.0, 0.8293941879618124)	(6.0, 0.6242302797668122)	(7.0, 0.4848089305974525)	(8.0, 0.4190643739392196)	(9.0, 0.3368732953310627)	('>10', 4.305083866779326)	('>50', 1.3308171966861153)	('>100', 2.548597820251798)	('>500', 0.9174581631922709)	('>1k', 1.675433444137907)	('>5k', 0.7552829797118334)	('>10k+', 0.21553823808783276)
SRR20277628_2	(1.0, 78.01924682552142)	(2.0, 7.404528117678241)	(3.0, 1.801062428764558)	(4.0, 0.9929870712844526)	(5.0, 0.7115431177105099)	(6.0, 0.5677560929545534)	(7.0, 0.482748331435341)	(8.0, 0.37095442016867713)	(9.0, 0.3359367727575795)	('>10', 3.7981036973457707)	('>50', 1.0678770956207952)	('>100', 2.4476165222494695)	('>500', 0.8320731076318644)	('>1k', 1.0356076228737066)	('>5k', 0.13195877600313138)	('>10k+', 0.0)
SRR20277629_1	(1.0, 72.67624406765087)	(2.0, 9.355520721371018)	(3.0, 2.409820262084661)	(4.0, 1.2121702294343335)	(5.0, 0.7882995228343589)	(6.0, 0.5945398340897866)	(7.0, 0.49287593205237124)	(8.0, 0.4467504949527417)	(9.0, 0.34012574948572966)	('>10', 4.313747994479306)	('>50', 1.280439924935189)	('>100', 2.535403893295019)	('>500', 0.8697406567498194)	('>1k', 1.6263578854755136)	('>5k', 0.827395948724729)	('>10k+', 0.2305668823845598)
SRR20277629_2	(1.0, 78.08779343413967)	(2.0, 7.3100525361904)	(3.0, 1.7599809480533448)	(4.0, 0.9952755763497082)	(5.0, 0.6994581751550795)	(6.0, 0.542973122574431)	(7.0, 0.467820761831521)	(8.0, 0.381877633788153)	(9.0, 0.3079739007797922)	('>10', 3.8801054335412437)	('>50', 1.0283374339474092)	('>100', 2.497153477774522)	('>500', 0.7805202804745568)	('>1k', 1.1843464733686413)	('>5k', 0.07633081203164463)	('>10k+', 0.0)
SRR20277630_1	(1.0, 72.41392302021332)	(2.0, 9.348596943757032)	(3.0, 2.525316735239189)	(4.0, 1.2561479294420363)	(5.0, 0.8131470663817084)	(6.0, 0.6320122255961456)	(7.0, 0.5149538091863298)	(8.0, 0.411258470437462)	(9.0, 0.3231206348000085)	('>10', 4.375714385649695)	('>50', 1.3177331583680347)	('>100', 2.535329003664554)	('>500', 0.8660026426210036)	('>1k', 1.6313900221181146)	('>5k', 0.8110240261700266)	('>10k+', 0.22432992635546437)
SRR20277630_2	(1.0, 78.00499638469388)	(2.0, 7.318129302896964)	(3.0, 1.7307211819387154)	(4.0, 0.9949566451841154)	(5.0, 0.7235488286791242)	(6.0, 0.5376837364601353)	(7.0, 0.47136491052405155)	(8.0, 0.41425720401027444)	(9.0, 0.3145832252424248)	('>10', 3.792955238806587)	('>50', 1.168493953479164)	('>100', 2.4994217800540315)	('>500', 0.8324480406509962)	('>1k', 1.1225660077446968)	('>5k', 0.07387355963488947)	('>10k+', 0.0)
SRR20277631_1	(1.0, 72.83307140204104)	(2.0, 9.178588319865687)	(3.0, 2.3784615393049413)	(4.0, 1.202520300996753)	(5.0, 0.7727985226864217)	(6.0, 0.6427259713566577)	(7.0, 0.4820314351630715)	(8.0, 0.3850125612322208)	(9.0, 0.34487864035565813)	('>10', 4.331942551677365)	('>50', 1.339613450678641)	('>100', 2.5937680343660925)	('>500', 0.8354150469347446)	('>1k', 1.6847738108101258)	('>5k', 0.7660192816678277)	('>10k+', 0.22837913086265813)
SRR20277631_2	(1.0, 78.17395713441397)	(2.0, 7.205688407380325)	(3.0, 1.7909370623242917)	(4.0, 0.9718501969786402)	(5.0, 0.6837016358629886)	(6.0, 0.5723526573836214)	(7.0, 0.5082188685246254)	(8.0, 0.39962839417015084)	(9.0, 0.30983485310228565)	('>10', 3.773522353981204)	('>50', 1.081700820081668)	('>100', 2.485342419801587)	('>500', 0.7499440627290421)	('>1k', 1.2173720274722266)	('>5k', 0.07594910579329421)	('>10k+', 0.0)
SRR20277632_1	(1.0, 17.574479057714377)	(2.0, 11.92640479078292)	(3.0, 10.711847433340012)	(4.0, 8.914684053598815)	(5.0, 7.151956363152225)	(6.0, 5.398328895285713)	(7.0, 3.8827054666301417)	(8.0, 2.633047356925464)	(9.0, 1.8023303048118726)	('>10', 6.754675481738745)	('>50', 1.5233606269626572)	('>100', 2.9211039365735685)	('>500', 1.2050767826380493)	('>1k', 3.1874840131314435)	('>5k', 1.4810245397502244)	('>10k+', 12.931490896963796)
SRR20277632_2	(1.0, 20.956387553456704)	(2.0, 13.848611875060147)	(3.0, 12.719220406516696)	(4.0, 10.027318010091674)	(5.0, 6.839385556063669)	(6.0, 4.204475978516944)	(7.0, 2.540530783818578)	(8.0, 1.4594993845070867)	(9.0, 0.9073851122280272)	('>10', 4.4563390374736365)	('>50', 1.4387699199533919)	('>100', 3.0792704039623247)	('>500', 1.323570593370967)	('>1k', 3.453970321569313)	('>5k', 1.0119216427637479)	('>10k+', 11.733343420647094)
SRR20277633_1	(1.0, 17.03624377183493)	(2.0, 11.41872916293814)	(3.0, 10.625103765939974)	(4.0, 8.930830459241589)	(5.0, 7.329675956447678)	(6.0, 5.574888283494816)	(7.0, 4.056964252629986)	(8.0, 2.8321701526996623)	(9.0, 1.9196791414488465)	('>10', 6.899270824050878)	('>50', 1.496989287638056)	('>100', 3.026826765846443)	('>500', 1.2719820413680887)	('>1k', 3.281663223888251)	('>5k', 1.533681695812241)	('>10k+', 12.765301214720365)
SRR20277633_2	(1.0, 21.000555595438044)	(2.0, 13.852337544961147)	(3.0, 12.775498468546562)	(4.0, 9.889160920431873)	(5.0, 6.868748470901818)	(6.0, 4.314949158295171)	(7.0, 2.5379450173359652)	(8.0, 1.4614627307169976)	(9.0, 0.8870150702337773)	('>10', 4.581749924505072)	('>50', 1.404157136899391)	('>100', 3.1867265747987408)	('>500', 1.4735865862989623)	('>1k', 3.286673818371735)	('>5k', 1.6779929556009983)	('>10k+', 10.801440026663698)
SRR20277634_1	(1.0, 17.450490659435562)	(2.0, 11.459649031837666)	(3.0, 10.633072410483527)	(4.0, 8.865266844601855)	(5.0, 7.178693395107113)	(6.0, 5.47874933726789)	(7.0, 4.053662131417908)	(8.0, 2.8534492391626003)	(9.0, 1.88027211343837)	('>10', 6.938638033713805)	('>50', 1.5293957076388847)	('>100', 2.9781162449625915)	('>500', 1.175582020625717)	('>1k', 3.0122199910620777)	('>5k', 1.790932629461104)	('>10k+', 12.721810209783364)
SRR20277634_2	(1.0, 21.43481129962902)	(2.0, 13.714287776529787)	(3.0, 12.74838580029734)	(4.0, 10.038763220375762)	(5.0, 6.646490021995367)	(6.0, 4.261231045354416)	(7.0, 2.4478695042075174)	(8.0, 1.4112639700410952)	(9.0, 0.9166413418277805)	('>10', 4.432525335899325)	('>50', 1.405235349453977)	('>100', 3.174621477154986)	('>500', 1.4198506310667558)	('>1k', 3.548026385363197)	('>5k', 1.3023165063605087)	('>10k+', 11.097680334443085)
SRR20277635_1	(1.0, 18.206318542207033)	(2.0, 12.18528066678622)	(3.0, 10.84180021609525)	(4.0, 8.954053719431638)	(5.0, 6.910327963923078)	(6.0, 5.204934271255972)	(7.0, 3.8064925167844286)	(8.0, 2.6561850410271117)	(9.0, 1.8158293001968793)	('>10', 6.6102447173414625)	('>50', 1.4951177028179903)	('>100', 3.045573053261634)	('>500', 1.2477217081044047)	('>1k', 2.8477618249926224)	('>5k', 1.7844217831922724)	('>10k+', 12.387936972581965)
SRR20277635_2	(1.0, 22.314786744342463)	(2.0, 14.003303042485962)	(3.0, 12.354416600167673)	(4.0, 9.686261470960726)	(5.0, 6.582228992597022)	(6.0, 4.267463263373822)	(7.0, 2.5191758385255802)	(8.0, 1.518167517928069)	(9.0, 0.8376053825769885)	('>10', 4.491713092412232)	('>50', 1.424093782497572)	('>100', 3.077787257120996)	('>500', 1.5409550838948127)	('>1k', 3.241273967503428)	('>5k', 1.6435834385774635)	('>10k+', 10.497184525035197)
SRR20277636_1	(1.0, 48.32830259041036)	(2.0, 17.050783668234548)	(3.0, 6.116999068129672)	(4.0, 2.385395979167276)	(5.0, 1.2131000941059098)	(6.0, 0.7830714780543462)	(7.0, 0.572456179606916)	(8.0, 0.42724273342815483)	(9.0, 0.365666089022069)	('>10', 4.10504178854215)	('>50', 1.4337488294000889)	('>100', 3.3449245617546053)	('>500', 1.3389020866445431)	('>1k', 3.252346552024253)	('>5k', 1.974038208493448)	('>10k+', 7.307980092981698)
SRR20277636_2	(1.0, 54.19043745490756)	(2.0, 16.48449408874719)	(3.0, 4.580641664765936)	(4.0, 1.614385625624352)	(5.0, 0.8072873846632775)	(6.0, 0.54318585995098)	(7.0, 0.42796070920828366)	(8.0, 0.3367769990523657)	(9.0, 0.2827773499863823)	('>10', 3.773916366898262)	('>50', 1.5284726598946232)	('>100', 3.686281925054754)	('>500', 1.855764711427909)	('>1k', 4.67940637263125)	('>5k', 0.6098560193268164)	('>10k+', 4.598354807860079)
SRR20277637_1	(1.0, 45.21237229437736)	(2.0, 18.124861607228283)	(3.0, 6.871528801824827)	(4.0, 2.7569970200078826)	(5.0, 1.399934262228484)	(6.0, 0.8685157133234119)	(7.0, 0.6394424481364265)	(8.0, 0.4595756379007016)	(9.0, 0.4063621622214768)	('>10', 4.440587282558446)	('>50', 1.4621194136153832)	('>100', 3.360888772796935)	('>500', 1.3943819915077185)	('>1k', 3.317490398071194)	('>5k', 1.8406394762686948)	('>10k+', 7.444302717932824)
SRR20277637_2	(1.0, 52.94838439296027)	(2.0, 17.007182552333486)	(3.0, 4.840639625247444)	(4.0, 1.7355129598542223)	(5.0, 0.8855222676109763)	(6.0, 0.5511369598197097)	(7.0, 0.43607272275632175)	(8.0, 0.3494627831779167)	(9.0, 0.31177260767719994)	('>10', 3.934304475451834)	('>50', 1.5848706061888942)	('>100', 3.790376157749397)	('>500', 1.7736017033810492)	('>1k', 4.761460549405049)	('>5k', 0.7166932531071636)	('>10k+', 4.373006383279191)
SRR20277638_1	(1.0, 45.82671918232137)	(2.0, 18.06030737362715)	(3.0, 6.845429475016409)	(4.0, 2.6904500248227983)	(5.0, 1.3363328398889742)	(6.0, 0.8356999848567004)	(7.0, 0.574751682754009)	(8.0, 0.4757618162025386)	(9.0, 0.39445893375205204)	('>10', 4.3234711230023)	('>50', 1.4281377702397882)	('>100', 3.313176958703602)	('>500', 1.3559812790506691)	('>1k', 3.2499115792722852)	('>5k', 1.9465485243692868)	('>10k+', 7.342861452120028)
SRR20277638_2	(1.0, 53.770278232260324)	(2.0, 16.524702688537236)	(3.0, 4.796195035603612)	(4.0, 1.5891696726017928)	(5.0, 0.7941658386341942)	(6.0, 0.5694822421593154)	(7.0, 0.42352732169819746)	(8.0, 0.364393783805074)	(9.0, 0.28367938288832467)	('>10', 3.8940888691867874)	('>50', 1.5575605235771013)	('>100', 3.8007196295044405)	('>500', 1.8779303891166232)	('>1k', 4.699633050525487)	('>5k', 0.696467611034528)	('>10k+', 4.358005728866881)
SRR20277639_1	(1.0, 48.152412687916645)	(2.0, 17.088688770705406)	(3.0, 6.101785750542762)	(4.0, 2.3934182071798222)	(5.0, 1.2602290098232667)	(6.0, 0.7547388957417038)	(7.0, 0.5411264957067218)	(8.0, 0.4547745333573455)	(9.0, 0.3670234786113251)	('>10', 4.300415253409151)	('>50', 1.460186702224077)	('>100', 3.3764792796424365)	('>500', 1.3789775783137248)	('>1k', 3.3066994047966323)	('>5k', 1.6955874423873287)	('>10k+', 7.367456509641578)
SRR20277639_2	(1.0, 54.15224653324747)	(2.0, 16.28692777834132)	(3.0, 4.779126017054817)	(4.0, 1.5895301655371608)	(5.0, 0.8484338802212029)	(6.0, 0.5808224231534568)	(7.0, 0.44804371862759707)	(8.0, 0.3363801797106084)	(9.0, 0.269724680026706)	('>10', 3.7925669698873183)	('>50', 1.6049172501878988)	('>100', 3.835935948278556)	('>500', 1.785238405535052)	('>1k', 4.67801875692246)	('>5k', 0.9088479295194746)	('>10k+', 4.103239363748896)
SRR20277640_1	(1.0, 77.17609264314369)	(2.0, 10.652548391755277)	(3.0, 2.4257921302344934)	(4.0, 1.007910019355554)	(5.0, 0.6184632281756457)	(6.0, 0.3901162244872969)	(7.0, 0.3115884707641296)	(8.0, 0.26822965328234816)	(9.0, 0.20426722308974354)	('>10', 2.50620328613555)	('>50', 0.821347876826637)	('>100', 1.371224355337114)	('>500', 0.46608015378352297)	('>1k', 0.9452837337815885)	('>5k', 0.5913587209112033)	('>10k+', 0.24349388893606877)
SRR20277640_2	(1.0, 83.10821654695162)	(2.0, 7.9942353972196)	(3.0, 1.3206956596148254)	(4.0, 0.6104738021646681)	(5.0, 0.41082732943943334)	(6.0, 0.30502279515851716)	(7.0, 0.23426496091747953)	(8.0, 0.23248448975567074)	(9.0, 0.1879959034325837)	('>10', 2.2358379366999968)	('>50', 0.6229252179121124)	('>100', 1.3157855967214063)	('>500', 0.5642768676464823)	('>1k', 0.7124535643427911)	('>5k', 0.0)	('>10k+', 0.14450393202288134)
SRR20277641_1	(1.0, 76.33075441174792)	(2.0, 11.199878832507583)	(3.0, 2.501867925668972)	(4.0, 1.1153587790498558)	(5.0, 0.6291842922120073)	(6.0, 0.41384241556669404)	(7.0, 0.336474906666818)	(8.0, 0.29327593075545744)	(9.0, 0.20732152771670265)	('>10', 2.4800356644774264)	('>50', 0.8651603148325908)	('>100', 1.344230057131536)	('>500', 0.46040765804708256)	('>1k', 0.9130672043699184)	('>5k', 0.6646287781652049)	('>10k+', 0.2445113010842049)
SRR20277641_2	(1.0, 82.82423075800517)	(2.0, 8.049468527552166)	(3.0, 1.4046542076417137)	(4.0, 0.5805548633512089)	(5.0, 0.4554390339807259)	(6.0, 0.30894310902748173)	(7.0, 0.257342145186625)	(8.0, 0.2011271053416417)	(9.0, 0.18392397067786012)	('>10', 2.3173712960665385)	('>50', 0.6501372505743204)	('>100', 1.2988809416959086)	('>500', 0.6025438978755063)	('>1k', 0.7317210313868233)	('>5k', 0.0)	('>10k+', 0.13366186163634058)
SRR20277642_1	(1.0, 76.07720021852118)	(2.0, 11.205957010002333)	(3.0, 2.5162851071449506)	(4.0, 1.054988361037541)	(5.0, 0.6533146197030951)	(6.0, 0.43128262188961614)	(7.0, 0.3341424880681874)	(8.0, 0.2529447581365348)	(9.0, 0.20303226207436723)	('>10', 2.751695219388603)	('>50', 0.8820694111273181)	('>100', 1.3219612741938251)	('>500', 0.5002652409773155)	('>1k', 0.9697247239937938)	('>5k', 0.6081319282178301)	('>10k+', 0.23700475552347386)
SRR20277642_2	(1.0, 82.82033677515932)	(2.0, 7.872860401964001)	(3.0, 1.4346717656714056)	(4.0, 0.6030170765743817)	(5.0, 0.39652545139673195)	(6.0, 0.3027157922801426)	(7.0, 0.28623811781266273)	(8.0, 0.19890004096426192)	(9.0, 0.2232920431472223)	('>10', 2.414112689058739)	('>50', 0.6594059683058136)	('>100', 1.3227783609756747)	('>500', 0.5732953632152334)	('>1k', 0.7644695410712643)	('>5k', 0.0)	('>10k+', 0.12738061240315418)
SRR20277643_1	(1.0, 77.0155369149261)	(2.0, 10.627633570056433)	(3.0, 2.487490289501543)	(4.0, 1.017423853446245)	(5.0, 0.554289117634455)	(6.0, 0.4088041739413805)	(7.0, 0.3005420526479009)	(8.0, 0.2801464321041175)	(9.0, 0.2243140158255629)	('>10', 2.6003164329100206)	('>50', 0.8642293284016231)	('>100', 1.3423728063455205)	('>500', 0.45351534186527326)	('>1k', 0.9183969569145994)	('>5k', 0.6618796532136333)	('>10k+', 0.24310906026569915)
SRR20277643_2	(1.0, 83.11076943705137)	(2.0, 7.888457775120377)	(3.0, 1.3583651743494742)	(4.0, 0.5577315132497581)	(5.0, 0.4016487968368657)	(6.0, 0.3068444776727224)	(7.0, 0.2411580784043914)	(8.0, 0.2121369452129149)	(9.0, 0.1817825940348935)	('>10', 2.3253193900685627)	('>50', 0.6237533967053374)	('>100', 1.3196564355514917)	('>500', 0.5871850979085652)	('>1k', 0.7574934737780824)	('>5k', 0.0)	('>10k+', 0.12769741405525686)
SRR20277644_1	(1.0, 67.50332280731804)	(2.0, 15.288638152776072)	(3.0, 3.9048732409212126)	(4.0, 1.4319788687812913)	(5.0, 0.7360008760931639)	(6.0, 0.5148241156832746)	(7.0, 0.35948911319832527)	(8.0, 0.29079022652985836)	(9.0, 0.262793828371436)	('>10', 2.9680924547728424)	('>50', 1.069880613135341)	('>100', 2.2042840658543974)	('>500', 0.7169383005626397)	('>1k', 1.5857968102994386)	('>5k', 0.5699398892099252)	('>10k+', 0.5923566364927502)
SRR20277644_2	(1.0, 74.2606946094714)	(2.0, 12.81542922491741)	(3.0, 2.4320615130378016)	(4.0, 0.7977178837507518)	(5.0, 0.4397893734368114)	(6.0, 0.34178752598885803)	(7.0, 0.2604990870125207)	(8.0, 0.23306948588947213)	(9.0, 0.21934521269497725)	('>10', 2.8727495592301135)	('>50', 0.900541418724889)	('>100', 2.072990343224085)	('>500', 0.975262755678565)	('>1k', 1.2831787315379297)	('>5k', 0.09488327540460693)	('>10k+', 0.0)
SRR20277645_1	(1.0, 65.3445611002154)	(2.0, 16.36386016447025)	(3.0, 4.342672465086706)	(4.0, 1.5113466543130016)	(5.0, 0.853217059015267)	(6.0, 0.5844165630393202)	(7.0, 0.4081465141127895)	(8.0, 0.338818968834574)	(9.0, 0.24595282008948632)	('>10', 3.215906032587034)	('>50', 1.116752087656093)	('>100', 2.1679173719717855)	('>500', 0.7416812245365748)	('>1k', 1.573308169927717)	('>5k', 0.5728694952338195)	('>10k+', 0.6185733089101352)
SRR20277645_2	(1.0, 72.95264111471383)	(2.0, 13.441308167308238)	(3.0, 2.5750886820045267)	(4.0, 0.8795128017023172)	(5.0, 0.48435491178667517)	(6.0, 0.32573652331603986)	(7.0, 0.2889990714907)	(8.0, 0.25879581964379617)	(9.0, 0.21622362957405655)	('>10', 3.0738075547193695)	('>50', 1.0037402294424995)	('>100', 2.159885499060785)	('>500', 0.9647121412780851)	('>1k', 1.2896777450555201)	('>5k', 0.08551610890353847)	('>10k+', 0.0)
SRR20277646_1	(1.0, 64.77661719447951)	(2.0, 16.71238184869888)	(3.0, 4.388743244086734)	(4.0, 1.6051434096603114)	(5.0, 0.8476210730340867)	(6.0, 0.5566401692416189)	(7.0, 0.4086220064852679)	(8.0, 0.34521588237626705)	(9.0, 0.29291406615543353)	('>10', 3.16372464085256)	('>50', 1.1295141011377337)	('>100', 2.2032434128275025)	('>500', 0.8230792203830192)	('>1k', 1.5722297453893264)	('>5k', 0.5672568673007545)	('>10k+', 0.607053117890936)
SRR20277646_2	(1.0, 72.87602603968894)	(2.0, 13.49063682790885)	(3.0, 2.4995143981248225)	(4.0, 0.8303644418436414)	(5.0, 0.48593535839173957)	(6.0, 0.39031866631459305)	(7.0, 0.2758259880668802)	(8.0, 0.259459223944107)	(9.0, 0.23490353986703166)	('>10', 3.062528449086706)	('>50', 1.0102564343321732)	('>100', 2.2228197764269186)	('>500', 0.9420897636345997)	('>1k', 1.3353925376059408)	('>5k', 0.08392855476321875)	('>10k+', 0.0)
SRR20277647_1	(1.0, 66.69306896486759)	(2.0, 15.557410042756063)	(3.0, 4.042620461745527)	(4.0, 1.4422590620565623)	(5.0, 0.7469650181476584)	(6.0, 0.5173169827514287)	(7.0, 0.4070343146128857)	(8.0, 0.3180538363706281)	(9.0, 0.28036890556731614)	('>10', 3.1608480573980415)	('>50', 1.1098925518374037)	('>100', 2.2479497992407875)	('>500', 0.7454224471746212)	('>1k', 1.6090544975485626)	('>5k', 0.5123350630316226)	('>10k+', 0.6093999948933645)
SRR20277647_2	(1.0, 73.54719400502975)	(2.0, 12.914446567509913)	(3.0, 2.448409446013897)	(4.0, 0.780879682361231)	(5.0, 0.47332289374285863)	(6.0, 0.39731267944931714)	(7.0, 0.2937255724569699)	(8.0, 0.2675267286747032)	(9.0, 0.23102118567622448)	('>10', 3.0437075237650157)	('>50', 1.0758675490632605)	('>100', 2.172480543221929)	('>500', 0.9154195791380885)	('>1k', 1.3581469897258718)	('>5k', 0.0805390541707827)	('>10k+', 0.0)
SRR20277648_1	(1.0, 13.800778880047721)	(2.0, 7.676353451885924)	(3.0, 5.607430571859812)	(4.0, 3.721052378682267)	(5.0, 2.43112213018709)	(6.0, 1.6363409927063564)	(7.0, 1.0305073995935918)	(8.0, 0.7205448646455322)	(9.0, 0.6294639036883277)	('>10', 8.087473830930056)	('>50', 4.081936066121964)	('>100', 10.501097258673148)	('>500', 4.282015824094256)	('>1k', 5.019916151565811)	('>5k', 0.4074983487659607)	('>10k+', 30.366467946552174)
SRR20277648_2	(1.0, 18.391817359426675)	(2.0, 8.921584210528554)	(3.0, 5.889623994023428)	(4.0, 3.3615987208103055)	(5.0, 1.8645514287586762)	(6.0, 1.0785692817277988)	(7.0, 0.7459493001400468)	(8.0, 0.6021334859971832)	(9.0, 0.4875105287715558)	('>10', 9.505390047429646)	('>50', 5.561524765702618)	('>100', 10.558409301967348)	('>500', 1.778798216989942)	('>1k', 2.3113873323235055)	('>5k', 1.0489595946143362)	('>10k+', 27.89219243078836)
SRR20277649_1	(1.0, 13.712393059543157)	(2.0, 7.77899880647257)	(3.0, 5.562431086584154)	(4.0, 3.887388670533698)	(5.0, 2.4725419542495164)	(6.0, 1.6302056906383324)	(7.0, 1.1468601791690431)	(8.0, 0.7535647159298876)	(9.0, 0.5928320093067332)	('>10', 8.308917819917188)	('>50', 4.1819437249116)	('>100', 10.765134158444729)	('>500', 4.439036874755739)	('>1k', 5.163715086888848)	('>5k', 0.4333997851203836)	('>10k+', 29.17063637753442)
SRR20277649_2	(1.0, 18.65787689500265)	(2.0, 8.982300268284773)	(3.0, 5.9110829377265555)	(4.0, 3.343405496686178)	(5.0, 1.8531435469949213)	(6.0, 1.1490848225884074)	(7.0, 0.7693198603491405)	(8.0, 0.5977084570495269)	(9.0, 0.5249058086818563)	('>10', 9.933928733088198)	('>50', 5.822537044319164)	('>100', 11.040913350311179)	('>500', 1.8475731948514067)	('>1k', 2.358047637865359)	('>5k', 1.0333631477743532)	('>10k+', 26.17480879842635)
SRR20277650_1	(1.0, 13.788380427476124)	(2.0, 7.787890374931998)	(3.0, 5.626208163532942)	(4.0, 3.921425224185392)	(5.0, 2.5170975336414902)	(6.0, 1.6598571597121026)	(7.0, 1.1274790284977212)	(8.0, 0.7746726090297668)	(9.0, 0.6425720687173067)	('>10', 8.307882229090923)	('>50', 4.297639284603736)	('>100', 10.929219195663961)	('>500', 4.5658320459101445)	('>1k', 5.198197235061705)	('>5k', 0.42519154131076237)	('>10k+', 28.43045587863392)
SRR20277650_2	(1.0, 18.566172773388832)	(2.0, 9.035092337487505)	(3.0, 6.026658508998605)	(4.0, 3.4933796712933036)	(5.0, 1.8517389087278662)	(6.0, 1.1325670504846008)	(7.0, 0.777383922316957)	(8.0, 0.6133973955627373)	(9.0, 0.5036407409144246)	('>10', 9.936422281314647)	('>50', 5.811410166284504)	('>100', 11.403978249656106)	('>500', 1.6836682393716842)	('>1k', 2.61299874082104)	('>5k', 1.0913788164491864)	('>10k+', 25.46011219692802)
SRR20277651_1	(1.0, 14.21847978407403)	(2.0, 8.082630205302141)	(3.0, 5.833273685499674)	(4.0, 3.940991400485636)	(5.0, 2.528011968295549)	(6.0, 1.6837275718185571)	(7.0, 1.1005239868312926)	(8.0, 0.7859404118757786)	(9.0, 0.5964323126349124)	('>10', 8.288010917088991)	('>50', 4.270580995807957)	('>100', 10.950338121321442)	('>500', 4.165391846625937)	('>1k', 5.174042557152129)	('>5k', 0.44963848480302043)	('>10k+', 27.93198575038296)
SRR20277651_2	(1.0, 18.8505746616727)	(2.0, 9.166586147763422)	(3.0, 6.2045608014380385)	(4.0, 3.5074047888020647)	(5.0, 1.946294174346717)	(6.0, 1.1613604906105433)	(7.0, 0.8174330804898063)	(8.0, 0.6209428987117667)	(9.0, 0.4879553476201544)	('>10', 9.832192494609258)	('>50', 5.806957550101834)	('>100', 11.317937983000732)	('>500', 1.9264417811833208)	('>1k', 2.450713557279102)	('>5k', 0.5757532085406373)	('>10k+', 25.32689103382988)
SRR20277652_1	(1.0, 71.12271823081947)	(2.0, 16.162726156170056)	(3.0, 3.890630435569927)	(4.0, 1.3892388951501518)	(5.0, 0.6340434552967152)	(6.0, 0.43184645032751445)	(7.0, 0.3388889159430434)	(8.0, 0.24569310454103763)	(9.0, 0.1982587480420695)	('>10', 2.137076534124277)	('>50', 0.6303772922975113)	('>100', 1.25225014265042)	('>500', 0.34703298439013136)	('>1k', 0.5999645078276292)	('>5k', 0.0)	('>10k+', 0.6192541468499833)
SRR20277652_2	(1.0, 78.01680216921325)	(2.0, 13.504082697415635)	(3.0, 2.3502842825651795)	(4.0, 0.7606952891648823)	(5.0, 0.37733854747333034)	(6.0, 0.2717354863972752)	(7.0, 0.2043781641410068)	(8.0, 0.16682610506445286)	(9.0, 0.15246484004734046)	('>10', 1.6373424520202695)	('>50', 0.4905614777220158)	('>100', 0.8909123121384741)	('>500', 0.3696874377265757)	('>1k', 0.27160393693563356)	('>5k', 0.09128307914683921)	('>10k+', 0.4440017228278829)
SRR20277653_1	(1.0, 71.38292309423622)	(2.0, 16.16383166487732)	(3.0, 3.9001928473762244)	(4.0, 1.2607524181076966)	(5.0, 0.6461421949152489)	(6.0, 0.379480760347464)	(7.0, 0.317369838904355)	(8.0, 0.23811298436876702)	(9.0, 0.2356239605961243)	('>10', 2.1033363862188548)	('>50', 0.6916986283124876)	('>100', 1.2561735484100722)	('>500', 0.3684656986304303)	('>1k', 0.6021798157472859)	('>5k', 0.0)	('>10k+', 0.4537161589515124)
SRR20277653_2	(1.0, 78.66665988358554)	(2.0, 12.802335819831542)	(3.0, 2.17940000758893)	(4.0, 0.6958317169699771)	(5.0, 0.3763615563174987)	(6.0, 0.2728074589207104)	(7.0, 0.23192048478270352)	(8.0, 0.18329996444307023)	(9.0, 0.1546318657182211)	('>10', 1.8256589447559164)	('>50', 0.5269835896701133)	('>100', 0.9185905605466693)	('>500', 0.40172431329155833)	('>1k', 0.25600648418195526)	('>5k', 0.08492173620334008)	('>10k+', 0.422865613192281)
SRR20277654_1	(1.0, 70.96986002540245)	(2.0, 16.289885623238888)	(3.0, 3.979831246138879)	(4.0, 1.3126465583859204)	(5.0, 0.6626623855035099)	(6.0, 0.41827960653303964)	(7.0, 0.3372334397505927)	(8.0, 0.2723742566726503)	(9.0, 0.21380517771915894)	('>10', 2.189298161696325)	('>50', 0.6422044585951628)	('>100', 1.2716995402643907)	('>500', 0.37459229503649116)	('>1k', 0.6049158490549137)	('>5k', 0.0)	('>10k+', 0.460711376007719)
SRR20277654_2	(1.0, 78.2597810488778)	(2.0, 13.111584264845206)	(3.0, 2.217291168784445)	(4.0, 0.6894804078478903)	(5.0, 0.4161968297686814)	(6.0, 0.2775951731723408)	(7.0, 0.21641186895551173)	(8.0, 0.19736709458408977)	(9.0, 0.16262383728412944)	('>10', 1.8175542941570317)	('>50', 0.5280362253718993)	('>100', 0.9307147365466037)	('>500', 0.379020575621467)	('>1k', 0.2921675589848644)	('>5k', 0.09038497959397737)	('>10k+', 0.4137899356040292)
SRR20277655_1	(1.0, 71.79524995374143)	(2.0, 15.649655602730686)	(3.0, 3.7353138962234924)	(4.0, 1.2897906943062725)	(5.0, 0.675136083795429)	(6.0, 0.4310656159895061)	(7.0, 0.3148735240345227)	(8.0, 0.23367343035895394)	(9.0, 0.20557525019350592)	('>10', 2.2080682188506158)	('>50', 0.6658684207922642)	('>100', 1.2521817265607775)	('>500', 0.35433400924426933)	('>1k', 0.6220071169215622)	('>5k', 0.1147020988141238)	('>10k+', 0.45250435744253764)
SRR20277655_2	(1.0, 78.51593148002196)	(2.0, 12.944354039636089)	(3.0, 2.2831541044628945)	(4.0, 0.6970159039662627)	(5.0, 0.37744007583685213)	(6.0, 0.27991619607836526)	(7.0, 0.23396862712142547)	(8.0, 0.19968220985269372)	(9.0, 0.13503441641373637)	('>10', 1.7642779358612095)	('>50', 0.5113514771713533)	('>100', 0.9078659724954163)	('>500', 0.39921085954837626)	('>1k', 0.26291153670555045)	('>5k', 0.07829432615630956)	('>10k+', 0.4095908386714535)
SRR20277656_1	(1.0, 80.10995786905265)	(2.0, 9.875495227331795)	(3.0, 2.4802914234208004)	(4.0, 1.0066105528378104)	(5.0, 0.6203145123996469)	(6.0, 0.4071637604009435)	(7.0, 0.3095981742035047)	(8.0, 0.26467496330030854)	(9.0, 0.2212788133861911)	('>10', 1.7274302908108041)	('>50', 0.5440390578341681)	('>100', 0.9763087834243703)	('>500', 0.2892868528732134)	('>1k', 0.9269308032516549)	('>5k', 0.24061891547199366)	('>10k+', 0.0)
SRR20277656_2	(1.0, 87.33644221470924)	(2.0, 6.576918839573433)	(3.0, 1.098477691328878)	(4.0, 0.5003707798214758)	(5.0, 0.3063145364496417)	(6.0, 0.19894956830915764)	(7.0, 0.18989907211877258)	(8.0, 0.1664442345174597)	(9.0, 0.11294557152440754)	('>10', 1.3368319082070015)	('>50', 0.3711437298050502)	('>100', 0.7786302943225154)	('>500', 0.3808855087183318)	('>1k', 0.5358956526619626)	('>5k', 0.0)	('>10k+', 0.10985039793279128)
SRR20277657_1	(1.0, 79.47334814934672)	(2.0, 10.331896307209073)	(3.0, 2.5159899565038217)	(4.0, 1.1030433454278874)	(5.0, 0.5816220640740343)	(6.0, 0.4043496500780258)	(7.0, 0.32088841106593397)	(8.0, 0.2395019114653946)	(9.0, 0.18473143555666305)	('>10', 1.8997366243340943)	('>50', 0.5290871293067807)	('>100', 0.9868703941007237)	('>500', 0.27191322951151886)	('>1k', 0.8481750443488136)	('>5k', 0.30884634767049196)	('>10k+', 0.0)
SRR20277657_2	(1.0, 87.51801748601837)	(2.0, 6.255317042507716)	(3.0, 1.0445342359116243)	(4.0, 0.5282392348142844)	(5.0, 0.328387064956686)	(6.0, 0.27874426481952963)	(7.0, 0.19297644050644766)	(8.0, 0.15116856883093796)	(9.0, 0.14380440225561644)	('>10', 1.3089358117750605)	('>50', 0.40797854295056946)	('>100', 0.7893555971352942)	('>500', 0.38825332132071944)	('>1k', 0.5636061402729866)	('>5k', 0.10068184592412512)	('>10k+', 0.0)
SRR20277658_1	(1.0, 79.33646022497749)	(2.0, 10.234055459190708)	(3.0, 2.615683340698393)	(4.0, 1.1004841979706455)	(5.0, 0.6230877859695844)	(6.0, 0.4100118331184113)	(7.0, 0.3235768559923705)	(8.0, 0.24630515520261453)	(9.0, 0.18345519625502357)	('>10', 1.9768673944875481)	('>50', 0.501806514759409)	('>100', 1.0099955841995845)	('>500', 0.2896722153061784)	('>1k', 0.8480321924492733)	('>5k', 0.3005060494228671)	('>10k+', 0.0)
SRR20277658_2	(1.0, 87.40706041133815)	(2.0, 6.239643022529793)	(3.0, 1.1295611198043045)	(4.0, 0.5060163092324784)	(5.0, 0.3472300467892394)	(6.0, 0.22098638751002264)	(7.0, 0.19277503000381965)	(8.0, 0.1530240781138583)	(9.0, 0.09539340689368446)	('>10', 1.4592666983253644)	('>50', 0.3907462316666859)	('>100', 0.8108553728380785)	('>500', 0.38351210109694706)	('>1k', 0.5663922584560257)	('>5k', 0.09753752540160839)	('>10k+', 0.0)
SRR20277659_1	(1.0, 80.24092280119777)	(2.0, 9.894672428051205)	(3.0, 2.4254786879644867)	(4.0, 1.0544115710480153)	(5.0, 0.5875238970762817)	(6.0, 0.37415176095113706)	(7.0, 0.2935324030259283)	(8.0, 0.22011126665262698)	(9.0, 0.200938716025201)	('>10', 1.801675244645977)	('>50', 0.48524307598009553)	('>100', 0.9721180697479361)	('>500', 0.2676437663511186)	('>1k', 0.8759529540386597)	('>5k', 0.30562335724335493)	('>10k+', 0.0)
SRR20277659_2	(1.0, 87.58287270881442)	(2.0, 6.280870720066124)	(3.0, 1.0882554321130187)	(4.0, 0.5122228244882387)	(5.0, 0.328326568419302)	(6.0, 0.22414208346329934)	(7.0, 0.18071659265884946)	(8.0, 0.14496708666403824)	(9.0, 0.11394690356140305)	('>10', 1.336071393101887)	('>50', 0.34597009571445864)	('>100', 0.801661654582158)	('>500', 0.4014869410808569)	('>1k', 0.5615556803036492)	('>5k', 0.0969333149682047)	('>10k+', 0.0)
SRR20277660_1	(1.0, 53.00673275892861)	(2.0, 8.381930138342158)	(3.0, 2.4613291237995516)	(4.0, 1.3524569744950756)	(5.0, 0.9433657586194074)	(6.0, 0.7073116227337708)	(7.0, 0.600439514831813)	(8.0, 0.5043814234959207)	(9.0, 0.45623759943332964)	('>10', 6.9734618253151845)	('>50', 3.1109060298590134)	('>100', 7.904255481433442)	('>500', 3.3316900317728937)	('>1k', 5.637684786335325)	('>5k', 2.189064186871644)	('>10k+', 2.4387527437328913)
SRR20277660_2	(1.0, 58.66655518870558)	(2.0, 6.74064916602575)	(3.0, 1.8147300825322683)	(4.0, 1.1364641916366258)	(5.0, 0.8770758392482216)	(6.0, 0.6968103610934351)	(7.0, 0.6156677460724097)	(8.0, 0.5280743407105435)	(9.0, 0.4806527098684828)	('>10', 7.741349465268675)	('>50', 3.574091246128322)	('>100', 8.544053084319)	('>500', 3.573179281263507)	('>1k', 4.397684123002567)	('>5k', 0.6129631741245962)	('>10k+', 0.0)
SRR20277661_1	(1.0, 53.323673678783834)	(2.0, 8.261680913605273)	(3.0, 2.46304276212279)	(4.0, 1.3064310309742155)	(5.0, 0.9752410852786676)	(6.0, 0.7002405597630189)	(7.0, 0.5669952566258627)	(8.0, 0.5297790728654612)	(9.0, 0.41484358860198606)	('>10', 6.995535933732365)	('>50', 3.0495490946532398)	('>100', 7.800177553757412)	('>500', 3.3602389442577465)	('>1k', 5.614123856927001)	('>5k', 2.156785863420762)	('>10k+', 2.481660804630368)
SRR20277661_2	(1.0, 58.6803615031109)	(2.0, 6.603775130858076)	(3.0, 1.8814982562006495)	(4.0, 1.1395752989129915)	(5.0, 0.8487281404501442)	(6.0, 0.6839457532723913)	(7.0, 0.6289121043903586)	(8.0, 0.5721529363622598)	(9.0, 0.4942269060762663)	('>10', 7.869933925434651)	('>50', 3.54333543037378)	('>100', 8.438611982801032)	('>500', 3.642241860440423)	('>1k', 4.278348268955049)	('>5k', 0.6943525023610797)	('>10k+', 0.0)
SRR20277662_1	(1.0, 53.11278379012939)	(2.0, 8.218190840694383)	(3.0, 2.4817750918089776)	(4.0, 1.3559364348699932)	(5.0, 0.9554516425226706)	(6.0, 0.7086299502258107)	(7.0, 0.6313775563942375)	(8.0, 0.5030360918014076)	(9.0, 0.4456185174755354)	('>10', 7.0669608691628945)	('>50', 3.11016009954103)	('>100', 7.808972974186805)	('>500', 3.3990558054313467)	('>1k', 5.585551472740738)	('>5k', 2.0692819541360854)	('>10k+', 2.5472169088786427)
SRR20277662_2	(1.0, 58.44335830499384)	(2.0, 6.553154660875488)	(3.0, 1.9192519961514938)	(4.0, 1.1045900091996377)	(5.0, 0.8349273099303223)	(6.0, 0.7571524916631189)	(7.0, 0.6078891154899363)	(8.0, 0.5413113867456733)	(9.0, 0.4931368170843491)	('>10', 7.930046254586179)	('>50', 3.579009199776427)	('>100', 8.678549225580676)	('>500', 3.525821755244733)	('>1k', 4.362274899246313)	('>5k', 0.669526573431717)	('>10k+', 0.0)
SRR20277663_1	(1.0, 53.454774820997855)	(2.0, 8.100589161301059)	(3.0, 2.4564463116940987)	(4.0, 1.3422537051130121)	(5.0, 0.9116555257800298)	(6.0, 0.7092186811565008)	(7.0, 0.5954650096336201)	(8.0, 0.514945345849871)	(9.0, 0.4474457321835939)	('>10', 7.121884109295837)	('>50', 3.123019086672528)	('>100', 7.79282113699077)	('>500', 3.3661103328051634)	('>1k', 5.607483923202402)	('>5k', 2.1669909558322593)	('>10k+', 2.2888961614913517)
SRR20277663_2	(1.0, 58.888717948200444)	(2.0, 6.574443250216848)	(3.0, 1.8115888091742054)	(4.0, 1.0952960462451014)	(5.0, 0.8751636107133297)	(6.0, 0.7182734009477338)	(7.0, 0.6208118967160736)	(8.0, 0.4947639432396399)	(9.0, 0.4877024262884512)	('>10', 7.697316144125227)	('>50', 3.626653843500021)	('>100', 8.500784397689086)	('>500', 3.6096062636244466)	('>1k', 4.3107563361236085)	('>5k', 0.6881216831958108)	('>10k+', 0.0)
SRR20277664_1	(1.0, 75.58980843733899)	(2.0, 9.577329479224781)	(3.0, 2.2737411475893765)	(4.0, 1.0409747194072256)	(5.0, 0.6481064460474505)	(6.0, 0.48608903291810607)	(7.0, 0.3853027907168023)	(8.0, 0.3289932801095939)	(9.0, 0.26098502551490327)	('>10', 3.565765587666487)	('>50', 1.288042481290783)	('>100', 2.0405985337259835)	('>500', 0.45731179134943944)	('>1k', 0.9844077973694922)	('>5k', 0.9297481388724999)	('>10k+', 0.14279531085793196)
SRR20277664_2	(1.0, 80.84211408816564)	(2.0, 7.619299783609233)	(3.0, 1.5330551160171517)	(4.0, 0.8322046531906855)	(5.0, 0.6340967581693827)	(6.0, 0.5093230084254816)	(7.0, 0.40909493668636715)	(8.0, 0.3590874231535949)	(9.0, 0.2577299434580398)	('>10', 3.163878416989732)	('>50', 0.6134230679623989)	('>100', 1.5004559249732605)	('>500', 0.6157831962949754)	('>1k', 0.9712618464482659)	('>5k', 0.1391918364557708)	('>10k+', 0.0)
SRR20277665_1	(1.0, 75.56280235330031)	(2.0, 9.670775532882375)	(3.0, 2.3057995723210376)	(4.0, 1.0358734152288207)	(5.0, 0.6877455447048504)	(6.0, 0.5101872336865755)	(7.0, 0.38379145620495825)	(8.0, 0.3632888210803331)	(9.0, 0.2854262217498271)	('>10', 3.5007954137085804)	('>50', 1.2079703491087472)	('>100', 1.9453656864483002)	('>500', 0.4609192269206617)	('>1k', 1.0388116338132094)	('>5k', 0.6369879834218316)	('>10k+', 0.40345955541956785)
SRR20277665_2	(1.0, 81.3131654361312)	(2.0, 7.265068025790224)	(3.0, 1.5377721270053744)	(4.0, 0.8282980676273493)	(5.0, 0.6223283387127623)	(6.0, 0.4955415029796748)	(7.0, 0.39826513830656135)	(8.0, 0.3411544631910684)	(9.0, 0.28129442727892395)	('>10', 3.0534085595514675)	('>50', 0.6045389630874823)	('>100', 1.5032281923871536)	('>500', 0.6532855877669771)	('>1k', 1.0276714628843895)	('>5k', 0.0749797072993251)	('>10k+', 0.0)
SRR20277666_1	(1.0, 75.51105467246948)	(2.0, 9.684064658808325)	(3.0, 2.311585069211403)	(4.0, 1.0536607679686827)	(5.0, 0.6598442515999489)	(6.0, 0.46645175112433906)	(7.0, 0.380352998337929)	(8.0, 0.3081026440952625)	(9.0, 0.25896181696576054)	('>10', 3.5653261111599983)	('>50', 1.2495431857054111)	('>100', 2.049150666020618)	('>500', 0.4187791935370538)	('>1k', 1.0068552975811043)	('>5k', 0.689474110398456)	('>10k+', 0.3867928050161902)
SRR20277666_2	(1.0, 80.93012959685304)	(2.0, 7.412827896968463)	(3.0, 1.579443613287369)	(4.0, 0.8460818734706255)	(5.0, 0.5651024604820603)	(6.0, 0.5186815193815124)	(7.0, 0.40759066830644103)	(8.0, 0.3233675521874075)	(9.0, 0.2867703444239158)	('>10', 3.105006156312656)	('>50', 0.6517593279765027)	('>100', 1.6279409582543383)	('>500', 0.6329794277423552)	('>1k', 1.037540496352298)	('>5k', 0.07477810800104158)	('>10k+', 0.0)
SRR20277667_1	(1.0, 75.76154410921976)	(2.0, 9.605781048311162)	(3.0, 2.2289378254490235)	(4.0, 0.9985831118074393)	(5.0, 0.6444334233155236)	(6.0, 0.4607514274988312)	(7.0, 0.36967460797051604)	(8.0, 0.33016780448938887)	(9.0, 0.2761523780171254)	('>10', 3.5507869148827544)	('>50', 1.2395015258754134)	('>100', 2.030136778388679)	('>500', 0.4412010917865748)	('>1k', 1.099008659018631)	('>5k', 0.5602138341167954)	('>10k+', 0.40312545985242376)
SRR20277667_2	(1.0, 81.17822164633533)	(2.0, 7.329386413519814)	(3.0, 1.5902868005281148)	(4.0, 0.817207820070037)	(5.0, 0.6359403594243455)	(6.0, 0.5132277538637703)	(7.0, 0.38900105733289647)	(8.0, 0.29855305944080146)	(9.0, 0.3054229567467783)	('>10', 3.0275197877023197)	('>50', 0.633992201570754)	('>100', 1.548597666913491)	('>500', 0.6122441427164598)	('>1k', 1.0434337167835175)	('>5k', 0.07696461705158625)	('>10k+', 0.0)
SRR20277668_1	(1.0, 73.39924023937046)	(2.0, 13.103051141121998)	(3.0, 2.9713914204718517)	(4.0, 1.10736611966477)	(5.0, 0.5652079723388822)	(6.0, 0.3920762538241332)	(7.0, 0.35098276381307697)	(8.0, 0.25187770711044205)	(9.0, 0.211449702863199)	('>10', 2.0671009406992646)	('>50', 0.7198972676766126)	('>100', 1.5999474461635101)	('>500', 0.7256678898220262)	('>1k', 1.1812280469049026)	('>5k', 0.852394456300716)	('>10k+', 0.501120631854024)
SRR20277668_2	(1.0, 79.67432261955723)	(2.0, 10.326642510221701)	(3.0, 1.7814290949137124)	(4.0, 0.6648214475029861)	(5.0, 0.3968744653464153)	(6.0, 0.25455941683238265)	(7.0, 0.23311751392985836)	(8.0, 0.16833188937702417)	(9.0, 0.13100673079013858)	('>10', 1.7260234106897163)	('>50', 0.6384544716973614)	('>100', 1.7323475458901283)	('>500', 0.7640086527732705)	('>1k', 1.2920726357253005)	('>5k', 0.0)	('>10k+', 0.2159875947528183)
SRR20277669_1	(1.0, 72.5545286405313)	(2.0, 13.438647939137491)	(3.0, 2.993905562475039)	(4.0, 1.1401198021871681)	(5.0, 0.615352086288348)	(6.0, 0.42803979599687103)	(7.0, 0.3231970436310272)	(8.0, 0.24880138532656798)	(9.0, 0.21338952468204445)	('>10', 2.256751255251147)	('>50', 0.8406572127379832)	('>100', 1.7027832136684895)	('>500', 0.7042395651180752)	('>1k', 1.1615600872031366)	('>5k', 0.8746282113189109)	('>10k+', 0.5033986744464056)
SRR20277669_2	(1.0, 79.31355392144533)	(2.0, 10.239429711324838)	(3.0, 1.8184654959769273)	(4.0, 0.6276832968500135)	(5.0, 0.40716927069442754)	(6.0, 0.28492535178247697)	(7.0, 0.21097610118956558)	(8.0, 0.17818496000367978)	(9.0, 0.16513661361732734)	('>10', 1.822935347747753)	('>50', 0.7777609454928306)	('>100', 1.842619136637251)	('>500', 0.7814347443543355)	('>1k', 1.3337537927443348)	('>5k', 0.0)	('>10k+', 0.19597131013883176)
SRR20277670_1	(1.0, 72.33297854597755)	(2.0, 13.420402742288552)	(3.0, 3.1357611129832588)	(4.0, 1.1607410042780872)	(5.0, 0.654341872707644)	(6.0, 0.45149267007593186)	(7.0, 0.3319625269834836)	(8.0, 0.2694836936059855)	(9.0, 0.2162334072122505)	('>10', 2.3235133033011754)	('>50', 0.8080138192217017)	('>100', 1.6601027020810313)	('>500', 0.7387005449499185)	('>1k', 1.085290914526376)	('>5k', 0.919252109285797)	('>10k+', 0.49172903052113565)
SRR20277670_2	(1.0, 79.35036066951055)	(2.0, 10.142556769750447)	(3.0, 1.7894330661631093)	(4.0, 0.6608459015188379)	(5.0, 0.4040939349170323)	(6.0, 0.29467205372931454)	(7.0, 0.23271045193109072)	(8.0, 0.18103023885773598)	(9.0, 0.1649620658043673)	('>10', 1.873799861364074)	('>50', 0.7509173752852789)	('>100', 1.8510664754780433)	('>500', 0.7498742928271429)	('>1k', 1.3645526743672727)	('>5k', 0.0)	('>10k+', 0.18912416849562988)
SRR20277671_1	(1.0, 73.37136056376171)	(2.0, 12.821249892183781)	(3.0, 2.9697622498099223)	(4.0, 1.0812816768849685)	(5.0, 0.6085839551376961)	(6.0, 0.38101299991350807)	(7.0, 0.3093602096366733)	(8.0, 0.27748042519766153)	(9.0, 0.18440830051345705)	('>10', 2.256065451191413)	('>50', 0.8210807656224385)	('>100', 1.6893386262358452)	('>500', 0.7033094406966397)	('>1k', 1.166885162486663)	('>5k', 0.6382499224858043)	('>10k+', 0.7205703582416224)
SRR20277671_2	(1.0, 79.63531952783849)	(2.0, 10.17810804876173)	(3.0, 1.7020802930333505)	(4.0, 0.635899760464473)	(5.0, 0.38376753146614334)	(6.0, 0.2702026428632311)	(7.0, 0.21602549592000447)	(8.0, 0.16521236971756387)	(9.0, 0.14904886715649343)	('>10', 1.861440536261959)	('>50', 0.7348188034349792)	('>100', 1.8036324316890469)	('>500', 0.7060550450537095)	('>1k', 1.3751755966307728)	('>5k', 0.0)	('>10k+', 0.1832130497078616)
SRR20277672_1	(1.0, 76.35490179905756)	(2.0, 8.468138951534872)	(3.0, 1.8113322056491108)	(4.0, 0.8589991097365909)	(5.0, 0.5321565189948317)	(6.0, 0.37992296470307124)	(7.0, 0.3132753300837602)	(8.0, 0.2389029084836826)	(9.0, 0.22071653657137666)	('>10', 3.0778537816866582)	('>50', 1.3444585112714282)	('>100', 2.487831035356938)	('>500', 0.8932941706469648)	('>1k', 1.5493664397995115)	('>5k', 0.7388011680518975)	('>10k+', 0.7300485683718034)
SRR20277672_2	(1.0, 81.47023712911302)	(2.0, 5.744268947928335)	(3.0, 1.0548028027625986)	(4.0, 0.550579335065411)	(5.0, 0.4031299958751973)	(6.0, 0.3184633110904945)	(7.0, 0.3224402212134151)	(8.0, 0.24508569565688904)	(9.0, 0.2346402802687597)	('>10', 3.5319368479247437)	('>50', 1.0166973053482675)	('>100', 2.26478335828898)	('>500', 0.9996123930521523)	('>1k', 1.7448823412117815)	('>5k', 0.09844003519985822)	('>10k+', 0.0)
SRR20277673_1	(1.0, 76.41595668308315)	(2.0, 8.334721151462139)	(3.0, 1.8053411640646813)	(4.0, 0.8027444123474561)	(5.0, 0.5054165842630098)	(6.0, 0.37819557641591606)	(7.0, 0.3183881374552871)	(8.0, 0.2587473953797494)	(9.0, 0.22395169202042833)	('>10', 3.2456215537158486)	('>50', 1.378337744685291)	('>100', 2.450521890022408)	('>500', 0.8286468343660311)	('>1k', 1.6133402686537246)	('>5k', 0.684760824356253)	('>10k+', 0.7553080877085269)
SRR20277673_2	(1.0, 81.06876275396037)	(2.0, 5.902448384175147)	(3.0, 1.1140714120501294)	(4.0, 0.55634891895242)	(5.0, 0.3924893981001853)	(6.0, 0.33232248997418184)	(7.0, 0.30094747018374324)	(8.0, 0.26119875397897935)	(9.0, 0.22691299988124242)	('>10', 3.698420769909595)	('>50', 1.0635914757620846)	('>100', 2.2644974201445436)	('>500', 0.93964086084395)	('>1k', 1.789089361447712)	('>5k', 0.08925753063570857)	('>10k+', 0.0)
SRR20277674_1	(1.0, 76.235813625819)	(2.0, 8.246795622491831)	(3.0, 1.9135732775239642)	(4.0, 0.8560634358806447)	(5.0, 0.5561290415484005)	(6.0, 0.4156644767471185)	(7.0, 0.29477351875522334)	(8.0, 0.2535776204719667)	(9.0, 0.2246494013279465)	('>10', 3.30347260213327)	('>50', 1.3239998501257093)	('>100', 2.517758715950376)	('>500', 0.8147158799029561)	('>1k', 1.628649212634354)	('>5k', 0.6768431074616413)	('>10k+', 0.7375206112255451)
SRR20277674_2	(1.0, 80.98822622640985)	(2.0, 5.734712009196649)	(3.0, 1.066853744496717)	(4.0, 0.5479257238760811)	(5.0, 0.43664339499749333)	(6.0, 0.3444762300129227)	(7.0, 0.31021108409260556)	(8.0, 0.2636044127642673)	(9.0, 0.2512985501901136)	('>10', 3.7757206979648803)	('>50', 1.1019617850656103)	('>100', 2.3160298603975447)	('>500', 1.0060288532663988)	('>1k', 1.7714597390819666)	('>5k', 0.08484768818694366)	('>10k+', 0.0)
SRR20277675_1	(1.0, 76.82641038364054)	(2.0, 8.114101303288443)	(3.0, 1.766684539696354)	(4.0, 0.7583766615038733)	(5.0, 0.5278559701847964)	(6.0, 0.3648854886055265)	(7.0, 0.29910197309884545)	(8.0, 0.2491000376089541)	(9.0, 0.2309982139493098)	('>10', 3.218274398665307)	('>50', 1.3622640513550068)	('>100', 2.4505955734972726)	('>500', 0.8322061445572293)	('>1k', 1.6539883850246333)	('>5k', 0.6095430845548544)	('>10k+', 0.7356137907690745)
SRR20277675_2	(1.0, 81.59383857957843)	(2.0, 5.600247985840219)	(3.0, 1.0522786706942187)	(4.0, 0.54555795359228)	(5.0, 0.41379910631025596)	(6.0, 0.31948519732176167)	(7.0, 0.2722503443040932)	(8.0, 0.2720381585161175)	(9.0, 0.23183598677446018)	('>10', 3.4550969277067236)	('>50', 1.0856857094622756)	('>100', 2.3703973133088247)	('>500', 0.926404938879808)	('>1k', 1.7792339375934256)	('>5k', 0.08184919011724132)	('>10k+', 0.0)
SRR20277676_1	(1.0, 80.30195648320199)	(2.0, 8.17354511894187)	(3.0, 1.8802930511415028)	(4.0, 0.8219729292696419)	(5.0, 0.5564960932088775)	(6.0, 0.4118537372456013)	(7.0, 0.3263894144709945)	(8.0, 0.2447487064351061)	(9.0, 0.216934971414256)	('>10', 2.783796982026455)	('>50', 0.8684118404063622)	('>100', 1.3887912194459358)	('>500', 0.46111526385356727)	('>1k', 1.0372289597674298)	('>5k', 0.37319781365333204)	('>10k+', 0.1532674155170871)
SRR20277676_2	(1.0, 85.50431251113186)	(2.0, 5.746802112865632)	(3.0, 1.1894113453308335)	(4.0, 0.685731585665202)	(5.0, 0.4726952991130741)	(6.0, 0.3733626106363412)	(7.0, 0.3080775190253638)	(8.0, 0.23165118687965758)	(9.0, 0.20449219474596692)	('>10', 1.9961000805261335)	('>50', 0.5405232936972083)	('>100', 1.2808907228077644)	('>500', 0.5581295393434432)	('>1k', 0.789383731635026)	('>5k', 0.11843626659657577)	('>10k+', 0.0)
SRR20277677_1	(1.0, 80.28815200931024)	(2.0, 8.035592530285323)	(3.0, 1.9202948203086199)	(4.0, 0.8736820552240673)	(5.0, 0.5916475332165344)	(6.0, 0.4511985171921845)	(7.0, 0.3398432566659953)	(8.0, 0.2835599835253715)	(9.0, 0.25398229361390035)	('>10', 2.810171723301016)	('>50', 0.7871169777818059)	('>100', 1.3514495639925137)	('>500', 0.48636283043894324)	('>1k', 1.0197383530335677)	('>5k', 0.3473840107498751)	('>10k+', 0.15982354136000182)
SRR20277677_2	(1.0, 84.98476340897096)	(2.0, 5.869574700760662)	(3.0, 1.345520016104026)	(4.0, 0.6954704748767361)	(5.0, 0.47964014888313145)	(6.0, 0.3864662075323861)	(7.0, 0.2787477701471176)	(8.0, 0.28278038610140527)	(9.0, 0.21076892533002206)	('>10', 2.1316516704410873)	('>50', 0.5617206709712214)	('>100', 1.3295199284530266)	('>500', 0.5034215844678629)	('>1k', 0.8468376020504839)	('>5k', 0.09311650490989892)	('>10k+', 0.0)
SRR20277678_1	(1.0, 80.30257515107235)	(2.0, 8.033047965248475)	(3.0, 1.8923113476055404)	(4.0, 0.8795460689455059)	(5.0, 0.5994145091000305)	(6.0, 0.4400013134687092)	(7.0, 0.32854839337342323)	(8.0, 0.27722415935457767)	(9.0, 0.24146293894806398)	('>10', 2.8775300414899347)	('>50', 0.8303543802214248)	('>100', 1.3188239807026867)	('>500', 0.4625296649229111)	('>1k', 1.02648853371146)	('>5k', 0.32976714915073496)	('>10k+', 0.16037440268417952)
SRR20277678_2	(1.0, 85.2649326269513)	(2.0, 5.750437512333117)	(3.0, 1.2976736565943916)	(4.0, 0.6707393330113297)	(5.0, 0.518554792288145)	(6.0, 0.3491160664547985)	(7.0, 0.31203046305000615)	(8.0, 0.2703279330779248)	(9.0, 0.2085127961672989)	('>10', 2.0747013166952057)	('>50', 0.5209868598016411)	('>100', 1.334462156678079)	('>500', 0.5228948929999607)	('>1k', 0.827647921108824)	('>5k', 0.07698167278797989)	('>10k+', 0.0)
SRR20277679_1	(1.0, 80.4371642186815)	(2.0, 7.9815751103928525)	(3.0, 1.812704261631366)	(4.0, 0.8843295336172905)	(5.0, 0.5845267304029185)	(6.0, 0.4160818970549497)	(7.0, 0.32960932203837023)	(8.0, 0.27021674363484754)	(9.0, 0.22422885803642253)	('>10', 2.8315725974259043)	('>50', 0.8871383066935424)	('>100', 1.3652263522290884)	('>500', 0.44952665101696604)	('>1k', 1.0269991082191767)	('>5k', 0.19759155695001757)	('>10k+', 0.3015087519747321)
SRR20277679_2	(1.0, 85.58695026756921)	(2.0, 5.623376540844172)	(3.0, 1.2022595490401422)	(4.0, 0.7006774861826619)	(5.0, 0.48575514624722754)	(6.0, 0.36638933679165603)	(7.0, 0.3030857753077797)	(8.0, 0.23070040267007857)	(9.0, 0.21381660075045789)	('>10', 1.988939826091581)	('>50', 0.5482180947736357)	('>100', 1.3215684731818707)	('>500', 0.5013975279701922)	('>1k', 0.8419395437114726)	('>5k', 0.08492542886796624)	('>10k+', 0.0)
SRR20277680_1	(1.0, 77.7052886928206)	(2.0, 10.269696326986063)	(3.0, 2.4182816819504733)	(4.0, 0.9858086177112773)	(5.0, 0.5735909809475858)	(6.0, 0.3707070202271821)	(7.0, 0.3170015509521627)	(8.0, 0.24562388161957588)	(9.0, 0.21374983409672269)	('>10', 2.464995620308084)	('>50', 0.8113270496331825)	('>100', 1.390896823293175)	('>500', 0.40332679268099986)	('>1k', 0.7235188339984336)	('>5k', 0.9932287041315294)	('>10k+', 0.11295758864303711)
SRR20277680_2	(1.0, 84.1125606137997)	(2.0, 7.232781613139087)	(3.0, 1.2170931088249533)	(4.0, 0.5966726740484295)	(5.0, 0.3821290627496558)	(6.0, 0.3042339751115638)	(7.0, 0.2465759824194108)	(8.0, 0.19938695897165834)	(9.0, 0.18015441186439596)	('>10', 2.2032088023476093)	('>50', 0.531551852649664)	('>100', 1.3015803152670753)	('>500', 0.5084866179223116)	('>1k', 0.9835840108844368)	('>5k', 0.0)	('>10k+', 0.0)
SRR20277681_1	(1.0, 78.11617024985682)	(2.0, 10.03173766157923)	(3.0, 2.2909905023772335)	(4.0, 0.9473032683068712)	(5.0, 0.5326685628469874)	(6.0, 0.4455084639200888)	(7.0, 0.32137102431642245)	(8.0, 0.2549885648009387)	(9.0, 0.20195194595422103)	('>10', 2.5377706377814437)	('>50', 0.7965561046874318)	('>100', 1.297044977761626)	('>500', 0.40502050915058724)	('>1k', 0.8088828760586425)	('>5k', 0.7772383424318116)	('>10k+', 0.23479630816980163)
SRR20277681_2	(1.0, 83.85615777413162)	(2.0, 7.237456856946993)	(3.0, 1.216096024383486)	(4.0, 0.5957682303702894)	(5.0, 0.41807731686993865)	(6.0, 0.29836306429421816)	(7.0, 0.2880124906090822)	(8.0, 0.21979435472911166)	(9.0, 0.18541066595393416)	('>10', 2.3954573684139207)	('>50', 0.5582477590913898)	('>100', 1.225655794411862)	('>500', 0.47947429346771164)	('>1k', 1.0260280063263878)	('>5k', 0.0)	('>10k+', 0.0)
SRR20277682_1	(1.0, 77.5749290150248)	(2.0, 10.362392481285921)	(3.0, 2.270259678483789)	(4.0, 0.9564133614549487)	(5.0, 0.5637197868059811)	(6.0, 0.4271802687751193)	(7.0, 0.33491537688391626)	(8.0, 0.26865054871132493)	(9.0, 0.23388010643964535)	('>10', 2.6090281400344124)	('>50', 0.8087503076282035)	('>100', 1.3726535050331339)	('>500', 0.369999716331021)	('>1k', 0.8455345672042452)	('>5k', 0.7742285297478806)	('>10k+', 0.22746461015571562)
SRR20277682_2	(1.0, 83.72868269610608)	(2.0, 7.207665831887675)	(3.0, 1.2241460923814622)	(4.0, 0.6041642507121514)	(5.0, 0.4176460234551489)	(6.0, 0.3119997410214561)	(7.0, 0.2946477790683663)	(8.0, 0.20629892469003222)	(9.0, 0.20237014935992848)	('>10', 2.4271758894760698)	('>50', 0.5712824484402484)	('>100', 1.295466704073103)	('>500', 0.497778336225838)	('>1k', 1.01067513310241)	('>5k', 0.0)	('>10k+', 0.0)
SRR20277683_1	(1.0, 78.0081106524676)	(2.0, 10.161336239968945)	(3.0, 2.332920778482303)	(4.0, 0.9599939420329736)	(5.0, 0.5513420826647976)	(6.0, 0.3918546368831553)	(7.0, 0.29634522268741187)	(8.0, 0.24587602253590712)	(9.0, 0.18269737631462835)	('>10', 2.4931963979660803)	('>50', 0.8331952337513324)	('>100', 1.3604873663455688)	('>500', 0.3626078076622641)	('>1k', 0.8801761208941814)	('>5k', 0.8205258168367466)	('>10k+', 0.11933430250616558)
SRR20277683_2	(1.0, 84.18154707832062)	(2.0, 7.185137337834966)	(3.0, 1.1944572124169195)	(4.0, 0.5670355562277303)	(5.0, 0.37224267118626103)	(6.0, 0.30131104832886724)	(7.0, 0.23558820836578903)	(8.0, 0.20453767596777536)	(9.0, 0.18635987817036934)	('>10', 2.2781557686856244)	('>50', 0.5005505428073505)	('>100', 1.2811851146652347)	('>500', 0.5151931860710335)	('>1k', 0.9966987209513235)	('>5k', 0.0)	('>10k+', 0.0)
SRR20277684_1	(1.0, 77.54955125348708)	(2.0, 9.88277811842372)	(3.0, 2.49485088526987)	(4.0, 1.2231413954772015)	(5.0, 0.6987031234447848)	(6.0, 0.45735878875068525)	(7.0, 0.36004422904944927)	(8.0, 0.27070784245733637)	(9.0, 0.2328270025589689)	('>10', 2.6499998845924413)	('>50', 0.8325824826667364)	('>100', 1.3273967743232666)	('>500', 0.29151098537992826)	('>1k', 0.6267794119807943)	('>5k', 1.101767822137702)	('>10k+', 0.0)
SRR20277684_2	(1.0, 84.96259728201892)	(2.0, 6.668442507894101)	(3.0, 1.2543545022087048)	(4.0, 0.6314783775406673)	(5.0, 0.4125733806570573)	(6.0, 0.30154012389086726)	(7.0, 0.24572091895981618)	(8.0, 0.20752756840833578)	(9.0, 0.19538388379918104)	('>10', 2.181300416628311)	('>50', 0.45671355481610487)	('>100', 1.0574223231628848)	('>500', 0.42147829198908565)	('>1k', 0.9296169211699264)	('>5k', 0.07384994685589955)	('>10k+', 0.0)
SRR20277685_1	(1.0, 77.9473315454531)	(2.0, 9.818339962027913)	(3.0, 2.444460508854149)	(4.0, 1.0977641616894276)	(5.0, 0.6278633821632055)	(6.0, 0.4267888016230286)	(7.0, 0.34426740163844155)	(8.0, 0.2758909620219339)	(9.0, 0.249129658621495)	('>10', 2.640184009613506)	('>50', 0.801646395692852)	('>100', 1.294907497951426)	('>500', 0.31112606350320443)	('>1k', 0.6924808914829566)	('>5k', 0.9167356745278218)	('>10k+', 0.1110830831353372)
SRR20277685_2	(1.0, 84.8922693542641)	(2.0, 6.538160330428306)	(3.0, 1.2519592018688817)	(4.0, 0.6412288080978894)	(5.0, 0.4125030687596699)	(6.0, 0.3536026043034985)	(7.0, 0.22860005100011752)	(8.0, 0.20754384226686437)	(9.0, 0.1842196284779873)	('>10', 2.299726203615194)	('>50', 0.4881151492139842)	('>100', 1.083250321319251)	('>500', 0.3807319796584077)	('>1k', 0.9733308817766505)	('>5k', 0.06475857494916512)	('>10k+', 0.0)
SRR20277686_1	(1.0, 77.7420777612773)	(2.0, 9.860300463034628)	(3.0, 2.4766424195518013)	(4.0, 1.121156019280478)	(5.0, 0.6513669448812339)	(6.0, 0.4404965599927529)	(7.0, 0.3410824458802748)	(8.0, 0.26467129456138155)	(9.0, 0.2438843170208369)	('>10', 2.7044364048312963)	('>50', 0.838060678280249)	('>100', 1.2761219967262716)	('>500', 0.3123731566176656)	('>1k', 0.6707227713452895)	('>5k', 0.9478640275806391)	('>10k+', 0.10874273913786459)
SRR20277686_2	(1.0, 84.8189094970888)	(2.0, 6.5224840929337375)	(3.0, 1.241736311884715)	(4.0, 0.6201439832501787)	(5.0, 0.3754178780934344)	(6.0, 0.3293221423986589)	(7.0, 0.27669747509230463)	(8.0, 0.22958412919728532)	(9.0, 0.2145052861165344)	('>10', 2.3302825801547935)	('>50', 0.5257316977003021)	('>100', 1.113050162731954)	('>500', 0.36771377741824013)	('>1k', 0.9724650130562044)	('>5k', 0.06195597288286556)	('>10k+', 0.0)
SRR20277687_1	(1.0, 78.16278215134818)	(2.0, 9.655737901782466)	(3.0, 2.4597672872962764)	(4.0, 1.0311731269627928)	(5.0, 0.650620238787119)	(6.0, 0.44464755644966597)	(7.0, 0.3661808071116861)	(8.0, 0.2547714290046031)	(9.0, 0.2419979111483791)	('>10', 2.6346818230086675)	('>50', 0.8004174051300167)	('>100', 1.2968104447268618)	('>500', 0.3121797572857411)	('>1k', 0.6254475708063912)	('>5k', 0.8523483545107711)	('>10k+', 0.2104362346402847)
SRR20277687_2	(1.0, 85.25856424074377)	(2.0, 6.369700493891011)	(3.0, 1.2489259614601516)	(4.0, 0.5737486476126743)	(5.0, 0.3944729971761394)	(6.0, 0.3354608430539469)	(7.0, 0.22548410314451955)	(8.0, 0.20642624509560176)	(9.0, 0.1881781781607464)	('>10', 2.168355682860635)	('>50', 0.5235779826185356)	('>100', 1.084139869621153)	('>500', 0.3934580175418668)	('>1k', 0.9684022922098359)	('>5k', 0.06110444480921248)	('>10k+', 0.0)
SRR22894976_1	(1.0, 33.63990734006864)	(2.0, 6.20814770506687)	(3.0, 1.739870410179401)	(4.0, 0.8617039161133557)	(5.0, 0.5603314640126226)	(6.0, 0.398128622396207)	(7.0, 0.32792088030938166)	(8.0, 0.282536806217096)	(9.0, 0.2521754776895635)	('>10', 3.7925920766266463)	('>50', 1.8587360181592307)	('>100', 6.6663632577010485)	('>500', 3.9068960005502884)	('>1k', 6.7787217780461155)	('>5k', 1.312690968764256)	('>10k+', 31.41327727809926)
SRR22894976_2	(1.0, 34.94794405129823)	(2.0, 6.742309798888055)	(3.0, 1.6717372846783967)	(4.0, 0.7157593273454963)	(5.0, 0.43959037656708694)	(6.0, 0.3286200056198181)	(7.0, 0.27007828297591746)	(8.0, 0.23006001647293595)	(9.0, 0.1943437498461065)	('>10', 3.0454720055907027)	('>50', 1.777527799016425)	('>100', 7.598693912954)	('>500', 4.372336506648697)	('>1k', 6.567968691805619)	('>5k', 0.18362485919303856)	('>10k+', 30.913933331099496)
SRR22894977_1	(1.0, 28.585185981092252)	(2.0, 6.972343568867971)	(3.0, 1.9953774559679882)	(4.0, 0.8916685445458342)	(5.0, 0.5759352482980857)	(6.0, 0.4078460717168544)	(7.0, 0.3349595562518365)	(8.0, 0.3057878909479458)	(9.0, 0.28300243933464186)	('>10', 3.624474909079236)	('>50', 1.766362677178603)	('>100', 6.24232687611587)	('>500', 3.66002928936481)	('>1k', 8.203788193792443)	('>5k', 1.4914882004742491)	('>10k+', 34.65942309697137)
SRR22894977_2	(1.0, 31.34009661021287)	(2.0, 6.057789080356203)	(3.0, 1.5086441703045588)	(4.0, 0.6508108737742343)	(5.0, 0.40008664465057775)	(6.0, 0.3133528760925396)	(7.0, 0.2621920955954161)	(8.0, 0.19935243262652597)	(9.0, 0.17035478055156308)	('>10', 3.119113915634563)	('>50', 1.9740338389428909)	('>100', 8.44486519286661)	('>500', 5.077511762650626)	('>1k', 7.842360866241991)	('>5k', 0.49977711060915103)	('>10k+', 32.139657748889704)
SRR22894978_1	(1.0, 30.13065024220745)	(2.0, 6.777368612642079)	(3.0, 1.9179575579211554)	(4.0, 0.8481673560916642)	(5.0, 0.5714942307284744)	(6.0, 0.4110967302152062)	(7.0, 0.34440655050445684)	(8.0, 0.27897445498989676)	(9.0, 0.2532134212487743)	('>10', 3.7586604144068945)	('>50', 1.861433200812019)	('>100', 6.9386790405205625)	('>500', 4.2775112249190475)	('>1k', 8.345125235545034)	('>5k', 1.7159936523467687)	('>10k+', 31.569268074900535)
SRR22894978_2	(1.0, 32.30858540274895)	(2.0, 5.947767598006322)	(3.0, 1.5806907817511688)	(4.0, 0.669375050183316)	(5.0, 0.4281496325743592)	(6.0, 0.309873326964514)	(7.0, 0.2644185366792254)	(8.0, 0.22442012472744097)	(9.0, 0.1870577802751846)	('>10', 3.227524257433966)	('>50', 2.0941323654930013)	('>100', 8.84407794705124)	('>500', 5.469689589780037)	('>1k', 8.650883152456126)	('>5k', 0.5557143202717422)	('>10k+', 29.237640133603453)
SRR22894979_1	(1.0, 35.123098116875155)	(2.0, 6.892649791605879)	(3.0, 1.9383665212176093)	(4.0, 0.8904028541260496)	(5.0, 0.6128421356398457)	(6.0, 0.45809450507452887)	(7.0, 0.3868348376403071)	(8.0, 0.305297805919962)	(9.0, 0.27398887882461637)	('>10', 4.351798714783796)	('>50', 2.2169723314258634)	('>100', 7.312283616803785)	('>500', 4.130760855568839)	('>1k', 7.49395083196055)	('>5k', 1.6623615853039655)	('>10k+', 25.950296617229213)
SRR22894979_2	(1.0, 35.377181243645566)	(2.0, 7.900091738428518)	(3.0, 2.1356872293371945)	(4.0, 0.8645573660138767)	(5.0, 0.5240011850842327)	(6.0, 0.3944988650225401)	(7.0, 0.2834190149811554)	(8.0, 0.2532406871144827)	(9.0, 0.2215266980261479)	('>10', 3.38350806179822)	('>50', 1.996420475805498)	('>100', 7.71000987235345)	('>500', 4.766262682543516)	('>1k', 8.15340883017576)	('>5k', 0.709711793187796)	('>10k+', 25.326474256482044)
SRR22894980_1	(1.0, 3.5670906643963827)	(2.0, 1.1746092548494484)	(3.0, 0.48135797236613687)	(4.0, 0.24791448174304748)	(5.0, 0.15640604297256813)	(6.0, 0.11814303238225161)	(7.0, 0.09695446164037273)	(8.0, 0.0899877182159381)	(9.0, 0.08115454204972078)	('>10', 1.0345357571760851)	('>50', 0.37886744257396526)	('>100', 0.8344845657367808)	('>500', 0.20586704814114803)	('>1k', 0.6248769685268151)	('>5k', 0.12592421590818506)	('>10k+', 90.78182583132116)
SRR22894980_2	(1.0, 4.971812390714481)	(2.0, 1.1245558918755179)	(3.0, 0.4364661205583008)	(4.0, 0.21383536044504944)	(5.0, 0.1369411075553438)	(6.0, 0.10379367520184427)	(7.0, 0.08135944862890357)	(8.0, 0.07207442696808002)	(9.0, 0.06006910344035847)	('>10', 0.849512907071214)	('>50', 0.24932078727108717)	('>100', 0.6327979416282963)	('>500', 0.2599837357722185)	('>1k', 0.6291368434304829)	('>5k', 0.14930416087957452)	('>10k+', 90.02903609855926)
SRR22894981_1	(1.0, 3.8621275386340823)	(2.0, 1.2990665908290038)	(3.0, 0.5567496236083502)	(4.0, 0.2761314040307205)	(5.0, 0.18323744861130273)	(6.0, 0.1337272662148931)	(7.0, 0.11338730218118302)	(8.0, 0.09571090514577005)	(9.0, 0.08425915725017051)	('>10', 1.1242186732914412)	('>50', 0.41867939829033624)	('>100', 0.9002133988051296)	('>500', 0.2127521645753183)	('>1k', 0.674062289084957)	('>5k', 0.3784072878830493)	('>10k+', 89.6872695515643)
SRR22894981_2	(1.0, 5.777846745507301)	(2.0, 1.3892769805583418)	(3.0, 0.563410854347749)	(4.0, 0.25576297762139355)	(5.0, 0.15183685935507008)	(6.0, 0.11773394119583278)	(7.0, 0.09490690613007259)	(8.0, 0.07819250193581291)	(9.0, 0.06587077719228522)	('>10', 0.9508331487640057)	('>50', 0.28025491788809176)	('>100', 0.6967730033490817)	('>500', 0.22397882995875604)	('>1k', 0.46944261970920076)	('>5k', 0.19043828155287199)	('>10k+', 88.69344065493414)
SRR22894982_1	(1.0, 4.324552624144958)	(2.0, 1.4110704619068548)	(3.0, 0.5687880384312038)	(4.0, 0.30074979773536314)	(5.0, 0.19930937939764104)	(6.0, 0.1599910561085551)	(7.0, 0.1261214566576923)	(8.0, 0.10236827137616403)	(9.0, 0.09265342055824036)	('>10', 1.2535048226379661)	('>50', 0.43371600463335813)	('>100', 0.9522055542311774)	('>500', 0.4035276696443636)	('>1k', 0.6285272896457483)	('>5k', 0.0)	('>10k+', 89.0429141528907)
SRR22894982_2	(1.0, 5.802060542801872)	(2.0, 1.4223222603059713)	(3.0, 0.5853588429137941)	(4.0, 0.2898737479664395)	(5.0, 0.17733382835399114)	(6.0, 0.13594178868421417)	(7.0, 0.10579055894508994)	(8.0, 0.08382681811632145)	(9.0, 0.07212724426805185)	('>10', 1.0468079181998209)	('>50', 0.3038284557651925)	('>100', 0.805955878736927)	('>500', 0.2539101752351904)	('>1k', 0.6117793762707842)	('>5k', 0.18323935111406386)	('>10k+', 88.11984321232227)
SRR22894983_1	(1.0, 5.221355734263266)	(2.0, 1.6632298868851938)	(3.0, 0.6418102422151288)	(4.0, 0.3156177342586602)	(5.0, 0.21242932404670975)	(6.0, 0.15960727259664248)	(7.0, 0.12941874350780488)	(8.0, 0.10735034953168235)	(9.0, 0.1045403084679006)	('>10', 1.3526228337902517)	('>50', 0.4616120473458467)	('>100', 0.9555052725453378)	('>500', 0.472284480351048)	('>1k', 0.6216985424238652)	('>5k', 0.2895044052015301)	('>10k+', 87.29141282256913)
SRR22894983_2	(1.0, 6.56793515652295)	(2.0, 1.6714922272674355)	(3.0, 0.7281151049364194)	(4.0, 0.33339054117180283)	(5.0, 0.19538876481623807)	(6.0, 0.14987362733296544)	(7.0, 0.10665291124846374)	(8.0, 0.10360118391340187)	(9.0, 0.08336066103812213)	('>10', 1.087698508371183)	('>50', 0.3788372324780731)	('>100', 0.8294402133067499)	('>500', 0.21359063848996762)	('>1k', 0.5412590983638179)	('>5k', 0.22644903620592244)	('>10k+', 86.78291509453648)
SRR22894984_1	(1.0, 12.924477238557586)	(2.0, 6.286129366705259)	(3.0, 3.0815180206961905)	(4.0, 1.41267163300639)	(5.0, 0.6515170466744478)	(6.0, 0.3753777097285452)	(7.0, 0.2692991209614086)	(8.0, 0.21865142807175642)	(9.0, 0.1858350361105891)	('>10', 2.605673813981116)	('>50', 1.0112154719738629)	('>100', 2.3036773310968424)	('>500', 0.7028492150553879)	('>1k', 1.6130987456420165)	('>5k', 0.4324507758140147)	('>10k+', 65.92555804592457)
SRR22894984_2	(1.0, 14.732269918653332)	(2.0, 6.263839766832915)	(3.0, 3.043277308352278)	(4.0, 1.3298694065325236)	(5.0, 0.579041198082185)	(6.0, 0.3191155595745852)	(7.0, 0.2249562247767266)	(8.0, 0.1739358253942962)	(9.0, 0.15624656700325784)	('>10', 2.3741274762379154)	('>50', 0.9046599310697371)	('>100', 1.69596823352914)	('>500', 0.4438521428964225)	('>1k', 1.2625675862663572)	('>5k', 0.5675655547315245)	('>10k+', 65.9287073000668)
SRR22894985_1	(1.0, 13.380806630560544)	(2.0, 6.863531483126381)	(3.0, 3.3826592962407447)	(4.0, 1.4824134738520105)	(5.0, 0.7157938171823112)	(6.0, 0.41575380703124215)	(7.0, 0.29746119406853583)	(8.0, 0.21897011128216903)	(9.0, 0.18928316550985083)	('>10', 2.838002644305282)	('>50', 1.0906003576416614)	('>100', 2.3928525997723336)	('>500', 0.8833265036814494)	('>1k', 1.7294632856666534)	('>5k', 0.40894571186744566)	('>10k+', 63.71013591821141)
SRR22894985_2	(1.0, 15.296047097130295)	(2.0, 6.835548911399382)	(3.0, 3.6788015250957393)	(4.0, 1.6633116618326969)	(5.0, 0.7548570516377812)	(6.0, 0.4236356511307852)	(7.0, 0.25347071907805685)	(8.0, 0.211689913385752)	(9.0, 0.1797189955556404)	('>10', 2.596268411579014)	('>50', 1.0162185025742827)	('>100', 1.748214491055274)	('>500', 0.7037377566593499)	('>1k', 0.9926465446865784)	('>5k', 0.5917826723775901)	('>10k+', 63.054050094821775)
SRR22894986_1	(1.0, 13.380419184241676)	(2.0, 7.081989773375151)	(3.0, 3.3780186044337754)	(4.0, 1.4117393399251135)	(5.0, 0.669358426072319)	(6.0, 0.40668641021401547)	(7.0, 0.2652786126266477)	(8.0, 0.22199484157967314)	(9.0, 0.20018004831869454)	('>10', 3.102464024684527)	('>50', 1.142568455037604)	('>100', 2.632480607633456)	('>500', 0.7416563885075553)	('>1k', 1.6177750544727194)	('>5k', 0.6125045460875744)	('>10k+', 63.1348856827895)
SRR22894986_2	(1.0, 14.998189421780564)	(2.0, 6.711541552941032)	(3.0, 3.7785106938334643)	(4.0, 1.80175670200376)	(5.0, 0.8134842801264428)	(6.0, 0.4108092281871111)	(7.0, 0.28696438107083044)	(8.0, 0.21790744812525553)	(9.0, 0.150263031787182)	('>10', 2.7874822289395014)	('>50', 1.143692297908922)	('>100', 2.0181173590948)	('>500', 0.8382625021143363)	('>1k', 1.013373530345709)	('>5k', 0.6845202587888746)	('>10k+', 62.34512508295222)
SRR22894987_1	(1.0, 16.336098579061453)	(2.0, 8.592749347116053)	(3.0, 3.8524442600775948)	(4.0, 1.580452736874563)	(5.0, 0.6972212169775301)	(6.0, 0.4137023725841873)	(7.0, 0.31227409428336633)	(8.0, 0.25851876380426175)	(9.0, 0.20064965456573586)	('>10', 3.207242629711809)	('>50', 1.174582439311564)	('>100', 2.619939006274709)	('>500', 0.7018126290305982)	('>1k', 1.6764682897816767)	('>5k', 1.1200340173974084)	('>10k+', 57.255809963147485)
SRR22894987_2	(1.0, 16.60156648854525)	(2.0, 7.882841220280251)	(3.0, 4.800287548893702)	(4.0, 2.3939520952969993)	(5.0, 1.1368189944014935)	(6.0, 0.5292595766631975)	(7.0, 0.3348836755183414)	(8.0, 0.2532703415665454)	(9.0, 0.21256681327427004)	('>10', 2.7944773625472044)	('>50', 1.171482624229983)	('>100', 2.0115240938787107)	('>500', 0.8815031773907985)	('>1k', 0.919480283629577)	('>5k', 0.6823758769925219)	('>10k+', 57.39370982689116)
SRR22894988_1	(1.0, 39.358064538213)	(2.0, 12.851090838596036)	(3.0, 4.423521156218901)	(4.0, 1.8133932301395095)	(5.0, 0.8914513829042893)	(6.0, 0.594148788624087)	(7.0, 0.425431791543971)	(8.0, 0.3221523403860635)	(9.0, 0.2990941857095461)	('>10', 3.1081917867411235)	('>50', 1.1184257508750595)	('>100', 2.4667775917904597)	('>500', 0.8375545323910741)	('>1k', 1.2255767928984025)	('>5k', 0.36174811657501743)	('>10k+', 29.903377176393516)
SRR22894988_2	(1.0, 38.516970998217275)	(2.0, 14.689470409884093)	(3.0, 5.062142161042493)	(4.0, 1.8062450314255338)	(5.0, 0.8104404290307848)	(6.0, 0.5074820375773209)	(7.0, 0.34765706761653514)	(8.0, 0.25960870611398257)	(9.0, 0.21398551982424052)	('>10', 2.6788048600684777)	('>50', 1.099553265912908)	('>100', 2.5081950049986297)	('>500', 0.6685869688110526)	('>1k', 0.8020337376924467)	('>5k', 0.0)	('>10k+', 30.028823801784227)
SRR22894989_1	(1.0, 33.93404623553733)	(2.0, 15.045952951607774)	(3.0, 5.814808784150855)	(4.0, 2.261497318756935)	(5.0, 1.0562640453647103)	(6.0, 0.699184876845044)	(7.0, 0.500776530341141)	(8.0, 0.4096417911062392)	(9.0, 0.3269570718741101)	('>10', 3.5546735684492354)	('>50', 1.341503640671151)	('>100', 2.533784508471246)	('>500', 0.9988670697912859)	('>1k', 1.6343203064161063)	('>5k', 0.317040782523608)	('>10k+', 29.57068051809324)
SRR22894989_2	(1.0, 36.30335371983974)	(2.0, 14.98821164487395)	(3.0, 5.472886755181569)	(4.0, 2.0769866475004743)	(5.0, 0.8605436778261749)	(6.0, 0.5437567501436334)	(7.0, 0.3574136424984688)	(8.0, 0.280709552200038)	(9.0, 0.24240783009639266)	('>10', 3.222470979478758)	('>50', 1.4568117537005922)	('>100', 3.216044365130656)	('>500', 0.9626904763940585)	('>1k', 0.928834666345839)	('>5k', 0.0)	('>10k+', 29.086877538789697)
SRR22894990_1	(1.0, 33.5662815523539)	(2.0, 14.944396840732482)	(3.0, 5.712251605972499)	(4.0, 2.2767948836938694)	(5.0, 1.0894686122273658)	(6.0, 0.6864394977384429)	(7.0, 0.46561106633221105)	(8.0, 0.37693646451425133)	(9.0, 0.3185203373083495)	('>10', 3.516453628559814)	('>50', 1.2595618695364224)	('>100', 2.701110580473341)	('>500', 0.9374925077232036)	('>1k', 1.5834352040111004)	('>5k', 0.4494395079280176)	('>10k+', 30.115805840894705)
SRR22894990_2	(1.0, 36.54360897303361)	(2.0, 14.447430313452678)	(3.0, 5.412060479950664)	(4.0, 2.0337505158820988)	(5.0, 0.8837710693154356)	(6.0, 0.5065049855813463)	(7.0, 0.34950867543798264)	(8.0, 0.30801297394656996)	(9.0, 0.2441346335411542)	('>10', 2.968159440446301)	('>50', 1.4446958475370268)	('>100', 3.351243160520529)	('>500', 0.9719153079403545)	('>1k', 1.1294098399978745)	('>5k', 0.0)	('>10k+', 29.405793783416307)
SRR22894991_1	(1.0, 44.940435361520834)	(2.0, 14.730971174776)	(3.0, 4.75836661579719)	(4.0, 1.7443912724897779)	(5.0, 0.9592457646387853)	(6.0, 0.6218022611440328)	(7.0, 0.4916750543855622)	(8.0, 0.3925580945003598)	(9.0, 0.32035250690610495)	('>10', 3.6363562197070673)	('>50', 1.2949871389078687)	('>100', 2.7372030537956205)	('>500', 0.7734091313723457)	('>1k', 1.5308494750120782)	('>5k', 0.13233957223567247)	('>10k+', 20.93505730281086)
SRR22894991_2	(1.0, 38.77338756455358)	(2.0, 17.389567156461606)	(3.0, 7.333118396062183)	(4.0, 2.8840277026525607)	(5.0, 1.2298331854699374)	(6.0, 0.6646664537560578)	(7.0, 0.4447006835253066)	(8.0, 0.34631754241186097)	(9.0, 0.2839206441108519)	('>10', 3.364612682641045)	('>50', 1.3618238196978387)	('>100', 3.0049325225218597)	('>500', 0.9545478007634689)	('>1k', 0.9786114397615604)	('>5k', 0.0)	('>10k+', 20.985932405610303)
SRR22894992_1	(1.0, 4.896916857149501)	(2.0, 1.603998572516082)	(3.0, 0.7275921925121797)	(4.0, 0.46585310866974067)	(5.0, 0.35181614977662706)	(6.0, 0.26264895319530956)	(7.0, 0.2193796106365749)	(8.0, 0.2151335536565122)	(9.0, 0.1783343931626351)	('>10', 2.7536690481654507)	('>50', 0.8668022035013795)	('>100', 1.6417076023628296)	('>500', 0.3088500970021827)	('>1k', 0.39538878211965184)	('>5k', 0.0)	('>10k+', 85.11190887557333)
SRR22894992_2	(1.0, 6.862740142323787)	(2.0, 1.5184708533462468)	(3.0, 0.7206165274735051)	(4.0, 0.45857415384677597)	(5.0, 0.35535453059334604)	(6.0, 0.2856989768013644)	(7.0, 0.28023976068414086)	(8.0, 0.2280739177862272)	(9.0, 0.19471204151430568)	('>10', 2.6387222199194666)	('>50', 0.46079827893157077)	('>100', 0.721122010447322)	('>500', 0.18864624582850176)	('>1k', 0.7237505219111704)	('>5k', 0.0)	('>10k+', 84.36247981859228)
SRR22894993_1	(1.0, 5.321909595048699)	(2.0, 1.7818335600034354)	(3.0, 0.7788319477647718)	(4.0, 0.5148727114201507)	(5.0, 0.3440819534722924)	(6.0, 0.2733086985874702)	(7.0, 0.2709169756881368)	(8.0, 0.22612652866425537)	(9.0, 0.21427662884483048)	('>10', 3.0766253659607825)	('>50', 0.9907168537102687)	('>100', 1.769331372120556)	('>500', 0.26645967392119707)	('>1k', 0.3862632482423555)	('>5k', 0.0)	('>10k+', 83.7844448865508)
SRR22894993_2	(1.0, 7.259857431572264)	(2.0, 1.716822183012462)	(3.0, 0.812424783032683)	(4.0, 0.4961737869344527)	(5.0, 0.3978957187072955)	(6.0, 0.3170119988389273)	(7.0, 0.289181041464865)	(8.0, 0.23830257251540757)	(9.0, 0.23188840655810417)	('>10', 3.00585211107596)	('>50', 0.6469610442697037)	('>100', 0.6383725847675518)	('>500', 0.37267391358705165)	('>1k', 0.47356113406802713)	('>5k', 0.0)	('>10k+', 83.10302128959525)
SRR22894994_1	(1.0, 6.489572642759637)	(2.0, 1.9818455376092305)	(3.0, 0.9128296848377357)	(4.0, 0.5689461045625293)	(5.0, 0.4128844870019231)	(6.0, 0.34674823885772366)	(7.0, 0.29381433026773346)	(8.0, 0.2750072239216429)	(9.0, 0.2454887854844013)	('>10', 3.5692400434431706)	('>50', 1.0950468807604548)	('>100', 2.0035173025378383)	('>500', 0.16241368659140504)	('>1k', 0.42147846274947437)	('>5k', 0.0)	('>10k+', 81.2211665886151)
SRR22894994_2	(1.0, 8.334537320273812)	(2.0, 1.9664012913382687)	(3.0, 0.9318858919301322)	(4.0, 0.5544982612767908)	(5.0, 0.450872350813563)	(6.0, 0.3542212612468987)	(7.0, 0.3007891511642969)	(8.0, 0.2889568657147697)	(9.0, 0.26454499257679776)	('>10', 3.487908649774315)	('>50', 0.7740805691453851)	('>100', 0.9465828359621765)	('>500', 0.3672990504279551)	('>1k', 0.5583593228445313)	('>5k', 0.0)	('>10k+', 80.4190621855103)
SRR22894995_1	(1.0, 6.487754005625257)	(2.0, 2.0733811585500743)	(3.0, 0.8957431343425085)	(4.0, 0.5334513162468792)	(5.0, 0.4418038744746073)	(6.0, 0.3602692538634137)	(7.0, 0.2928925828777297)	(8.0, 0.258888221723604)	(9.0, 0.23436463040798916)	('>10', 3.730746136586291)	('>50', 1.1298549442214707)	('>100', 2.006130897828904)	('>500', 0.16913693391903423)	('>1k', 0.43548336124893344)	('>5k', 0.0)	('>10k+', 80.95009954808332)
SRR22894995_2	(1.0, 8.368359510792276)	(2.0, 2.0068893594159847)	(3.0, 0.987516986379294)	(4.0, 0.587554909458648)	(5.0, 0.431691053313529)	(6.0, 0.35192617640552415)	(7.0, 0.311474891761211)	(8.0, 0.26798976076857445)	(9.0, 0.2514300161173087)	('>10', 3.6183674114338085)	('>50', 0.952374932844547)	('>100', 0.8308946686470942)	('>500', 0.3448472015927693)	('>1k', 0.5577220870334672)	('>5k', 0.0)	('>10k+', 80.13096103403596)
