.	Basic Statistics	Per Base Sequence Quality	Per Sequence Quality Scores	Per Base Sequence Content	Per Sequence GC Content	Per Base N Content	Sequence Length Distribution	Sequence Duplication Levels	Overrepresented Sequences	Adapter Content
SRR20277628_1	1	0.5	1	0.25	0.5	1	0.5	1	0.5	1
SRR20277628_2	1	0.25	1	0.5	0.5	1	0.5	1	1	1
SRR20277629_1	1	0.5	1	0.25	0.5	1	0.5	1	0.5	1
SRR20277629_2	1	0.25	1	0.5	0.5	1	0.5	1	1	1
SRR20277630_1	1	0.5	1	0.25	0.5	1	0.5	1	0.5	1
SRR20277630_2	1	0.25	1	0.5	0.5	1	0.5	1	1	1
SRR20277631_1	1	0.5	1	0.25	0.5	1	0.5	1	0.5	1
SRR20277631_2	1	0.25	1	0.5	0.5	1	0.5	1	1	1
SRR20277632_1	1	0.5	1	0.25	0.25	0.5	0.5	0.25	0.25	1
SRR20277632_2	1	0.25	1	0.25	0.25	0.5	0.5	0.25	0.25	1
SRR20277633_1	1	0.5	1	0.25	0.25	0.5	0.5	0.25	0.25	1
SRR20277633_2	1	0.25	1	0.25	0.25	0.5	0.5	0.25	0.25	1
SRR20277634_1	1	0.5	1	0.25	0.25	0.5	0.5	0.25	0.25	1
SRR20277634_2	1	0.25	1	0.25	0.25	0.5	0.5	0.25	0.25	1
SRR20277635_1	1	0.5	1	0.25	0.25	0.5	0.5	0.25	0.25	1
SRR20277635_2	1	0.25	1	0.25	0.25	0.5	0.5	0.25	0.25	1
SRR20277636_1	1	0.5	1	0.25	0.25	1	0.5	0.5	0.25	1
SRR20277636_2	1	0.25	1	0.25	0.25	1	0.5	0.5	0.25	1
SRR20277637_1	1	0.5	1	0.25	0.25	1	0.5	0.5	0.25	1
SRR20277637_2	1	0.25	1	0.25	0.25	1	0.5	0.5	0.25	1
SRR20277638_1	1	0.5	1	0.25	0.25	1	0.5	0.5	0.25	1
SRR20277638_2	1	0.25	1	0.25	0.25	1	0.5	0.5	0.25	1
SRR20277639_1	1	0.5	1	0.25	0.25	1	0.5	0.5	0.25	1
SRR20277639_2	1	0.25	1	0.25	0.25	1	0.5	0.5	0.25	1
SRR20277640_1	1	0.5	1	0.25	0.5	1	0.5	1	0.5	1
SRR20277640_2	1	0.25	1	0.25	0.5	1	0.5	1	0.5	1
SRR20277641_1	1	0.5	1	0.25	0.5	1	0.5	1	0.5	1
SRR20277641_2	1	0.25	1	0.25	0.5	1	0.5	1	0.5	1
SRR20277642_1	1	0.5	1	0.25	0.5	1	0.5	1	0.5	1
SRR20277642_2	1	0.25	1	0.25	0.5	1	0.5	1	0.5	1
SRR20277643_1	1	0.5	1	0.25	0.5	1	0.5	1	0.5	1
SRR20277643_2	1	0.25	1	0.25	0.5	1	0.5	1	0.5	1
SRR20277644_1	1	1	1	0.25	0.5	1	0.5	1	0.5	1
SRR20277644_2	1	0.25	1	0.25	0.25	1	0.5	1	1	1
SRR20277645_1	1	1	1	0.25	0.5	1	0.5	1	0.5	1
SRR20277645_2	1	0.25	1	0.25	0.25	1	0.5	1	1	1
SRR20277646_1	1	1	1	0.25	0.5	1	0.5	1	0.5	1
SRR20277646_2	1	0.25	1	0.25	0.25	1	0.5	1	1	1
SRR20277647_1	1	1	1	0.25	0.5	1	0.5	1	0.5	1
SRR20277647_2	1	0.25	1	0.25	0.25	1	0.5	1	1	1
SRR20277648_1	1	0.25	1	0.25	0.25	0.25	0.5	0.25	0.25	0.5
SRR20277648_2	1	0.25	1	0.25	0.25	0.25	0.5	0.25	0.25	1
SRR20277649_1	1	0.25	1	0.25	0.25	0.25	0.5	0.25	0.25	0.5
SRR20277649_2	1	0.25	1	0.25	0.25	0.25	0.5	0.25	0.25	1
SRR20277650_1	1	0.25	1	0.25	0.25	0.25	0.5	0.25	0.25	0.5
SRR20277650_2	1	0.25	1	0.25	0.25	0.25	0.5	0.25	0.25	1
SRR20277651_1	1	0.25	1	0.25	0.25	0.25	0.5	0.25	0.25	0.5
SRR20277651_2	1	0.25	1	0.5	0.25	0.25	0.5	0.25	0.25	0.5
SRR20277652_1	1	0.5	1	0.25	0.25	1	0.5	1	0.5	1
SRR20277652_2	1	0.25	1	0.25	0.25	1	0.5	1	0.5	1
SRR20277653_1	1	0.5	1	0.25	0.25	1	0.5	1	0.5	1
SRR20277653_2	1	0.25	1	0.25	0.25	1	0.5	1	0.5	1
SRR20277654_1	1	0.5	1	0.25	0.25	1	0.5	1	0.5	1
SRR20277654_2	1	0.25	1	0.25	0.25	1	0.5	1	0.5	1
SRR20277655_1	1	0.5	1	0.25	0.25	1	0.5	1	0.5	1
SRR20277655_2	1	0.25	1	0.25	0.25	1	0.5	1	0.5	1
SRR20277656_1	1	0.5	1	0.25	0.25	1	0.5	1	1	1
SRR20277656_2	1	0.25	1	0.25	0.25	1	0.5	1	0.5	1
SRR20277657_1	1	0.5	1	0.25	0.25	1	0.5	1	1	1
SRR20277657_2	1	0.25	1	0.25	0.25	1	0.5	1	0.5	1
SRR20277658_1	1	0.5	1	0.25	0.25	1	0.5	1	1	1
SRR20277658_2	1	0.25	1	0.25	0.25	1	0.5	1	1	1
SRR20277659_1	1	0.5	1	0.25	0.25	1	0.5	1	1	1
SRR20277659_2	1	0.25	1	0.25	0.25	1	0.5	1	1	1
SRR20277660_1	1	0.5	1	0.25	0.5	1	0.5	0.5	0.5	1
SRR20277660_2	1	0.25	1	0.25	0.5	1	0.5	0.5	1	1
SRR20277661_1	1	0.5	1	0.25	0.5	1	0.5	0.5	0.5	1
SRR20277661_2	1	0.25	1	0.25	0.5	1	0.5	0.5	1	1
SRR20277662_1	1	0.5	1	0.25	0.5	1	0.5	0.5	0.5	1
SRR20277662_2	1	0.25	1	0.25	0.5	1	0.5	0.5	1	1
SRR20277663_1	1	0.5	1	0.25	0.5	1	0.5	0.5	0.5	1
SRR20277663_2	1	0.25	1	0.25	0.5	1	0.5	0.5	1	1
SRR20277664_1	1	0.5	1	0.25	0.25	1	0.5	1	0.5	1
SRR20277664_2	1	0.25	1	0.5	0.25	1	0.5	1	1	1
SRR20277665_1	1	0.5	1	0.25	0.25	1	0.5	1	0.5	1
SRR20277665_2	1	0.25	1	0.5	0.25	1	0.5	1	1	1
SRR20277666_1	1	0.5	1	0.25	0.25	1	0.5	1	0.5	1
SRR20277666_2	1	0.25	1	0.5	0.25	1	0.5	1	1	1
SRR20277667_1	1	0.5	1	0.25	0.25	1	0.5	1	0.5	1
SRR20277667_2	1	0.25	1	0.5	0.25	1	0.5	1	1	1
SRR20277668_1	1	0.5	1	0.25	1	1	0.5	1	0.5	1
SRR20277668_2	1	0.25	1	0.25	1	1	0.5	1	0.5	1
SRR20277669_1	1	0.5	1	0.25	1	1	0.5	1	0.5	1
SRR20277669_2	1	0.25	1	0.25	1	1	0.5	1	0.5	1
SRR20277670_1	1	0.5	1	0.5	1	1	0.5	1	0.5	1
SRR20277670_2	1	0.25	1	0.25	1	1	0.5	1	0.5	1
SRR20277671_1	1	0.5	1	0.25	1	1	0.5	1	0.5	1
SRR20277671_2	1	0.25	1	0.25	1	1	0.5	1	0.5	1
SRR20277672_1	1	0.5	1	0.25	0.5	1	0.5	1	0.5	1
SRR20277672_2	1	0.25	1	0.25	0.5	1	0.5	1	1	1
SRR20277673_1	1	0.5	1	0.25	0.5	1	0.5	1	0.5	1
SRR20277673_2	1	0.25	1	0.25	0.5	1	0.5	1	1	1
SRR20277674_1	1	0.5	1	0.25	0.5	1	0.5	1	0.5	1
SRR20277674_2	1	0.25	1	0.25	0.5	1	0.5	1	1	1
SRR20277675_1	1	0.5	1	0.25	0.5	1	0.5	1	0.5	1
SRR20277675_2	1	0.25	1	0.25	0.5	1	0.5	1	1	1
SRR20277676_1	1	0.5	1	0.25	0.25	1	0.5	1	0.5	1
SRR20277676_2	1	0.25	1	0.25	0.25	1	0.5	1	0.5	1
SRR20277677_1	1	0.5	1	0.25	0.5	1	0.5	1	0.5	1
SRR20277677_2	1	0.25	1	0.25	0.25	1	0.5	1	1	1
SRR20277678_1	1	0.5	1	0.25	0.5	1	0.5	1	0.5	1
SRR20277678_2	1	0.25	1	0.25	0.25	1	0.5	1	1	1
SRR20277679_1	1	0.5	1	0.25	0.25	1	0.5	1	0.5	1
SRR20277679_2	1	0.25	1	0.25	0.25	1	0.5	1	1	1
SRR20277680_1	1	0.5	1	0.25	0.5	1	0.5	1	0.5	1
SRR20277680_2	1	0.25	1	0.25	0.25	1	0.5	1	1	1
SRR20277681_1	1	0.5	1	0.25	0.5	1	0.5	1	0.5	1
SRR20277681_2	1	0.25	1	0.25	0.25	1	0.5	1	1	1
SRR20277682_1	1	0.5	1	0.25	0.5	1	0.5	1	0.5	1
SRR20277682_2	1	0.25	1	0.25	0.25	1	0.5	1	1	1
SRR20277683_1	1	0.5	1	0.25	0.5	1	0.5	1	0.5	1
SRR20277683_2	1	0.25	1	0.25	0.5	1	0.5	1	1	1
SRR20277684_1	1	0.5	1	0.25	0.5	1	0.5	1	0.5	1
SRR20277684_2	1	0.25	1	0.25	0.25	1	0.5	1	1	1
SRR20277685_1	1	0.5	1	0.25	0.5	1	0.5	1	0.5	1
SRR20277685_2	1	0.25	1	0.25	0.25	1	0.5	1	1	1
SRR20277686_1	1	0.5	1	0.25	0.5	1	0.5	1	0.5	1
SRR20277686_2	1	0.25	1	0.25	0.25	1	0.5	1	1	1
SRR20277687_1	1	0.5	1	0.25	0.5	1	0.5	1	0.5	1
SRR20277687_2	1	0.25	1	0.25	0.25	1	0.5	1	1	1
SRR22894976_1	1	0.25	0.25	0.25	0.25	0.25	0.5	0.25	0.25	1
SRR22894976_2	1	0.25	0.25	0.25	0.25	0.25	0.5	0.25	0.25	1
SRR22894977_1	1	0.25	0.25	0.25	0.25	0.25	0.5	0.25	0.25	1
SRR22894977_2	1	0.25	0.25	0.25	0.25	0.25	0.5	0.25	0.25	1
SRR22894978_1	1	0.25	1	0.25	0.25	0.25	0.5	0.25	0.25	1
SRR22894978_2	1	0.25	0.25	0.25	0.25	0.25	0.5	0.25	0.25	1
SRR22894979_1	1	0.25	1	0.25	0.25	0.25	0.5	0.25	0.25	1
SRR22894979_2	1	0.25	1	0.25	0.25	0.25	0.5	0.25	0.25	1
SRR22894980_1	1	0.25	0.25	0.25	0.25	0.25	0.5	0.25	0.25	1
SRR22894980_2	1	0.25	0.25	0.25	0.25	0.25	0.5	0.25	0.25	1
SRR22894981_1	1	0.25	0.25	0.25	0.25	0.25	0.5	0.25	0.25	1
SRR22894981_2	1	0.25	0.25	0.25	0.25	0.25	0.5	0.25	0.25	1
SRR22894982_1	1	0.25	0.25	0.25	0.25	0.25	0.5	0.25	0.25	1
SRR22894982_2	1	0.25	0.25	0.25	0.25	0.25	0.5	0.25	0.25	1
SRR22894983_1	1	0.25	0.25	0.25	0.25	0.25	0.5	0.25	0.25	1
SRR22894983_2	1	0.25	0.25	0.25	0.25	0.25	0.5	0.25	0.25	1
SRR22894984_1	1	0.25	0.25	0.25	0.25	0.25	0.5	0.25	0.25	1
SRR22894984_2	1	0.25	0.25	0.25	0.25	0.25	0.5	0.25	0.25	1
SRR22894985_1	1	0.25	0.25	0.25	0.25	0.25	0.5	0.25	0.25	1
SRR22894985_2	1	0.25	0.25	0.25	0.25	0.25	0.5	0.25	0.25	1
SRR22894986_1	1	0.25	0.25	0.25	0.25	0.25	0.5	0.25	0.25	1
SRR22894986_2	1	0.25	0.25	0.25	0.25	0.25	0.5	0.25	0.25	1
SRR22894987_1	1	0.25	0.25	0.5	0.25	0.25	0.5	0.25	0.25	1
SRR22894987_2	1	0.25	0.25	0.25	0.25	0.25	0.5	0.25	0.25	1
SRR22894988_1	1	0.25	0.25	0.25	0.25	0.25	0.5	0.25	0.25	1
SRR22894988_2	1	0.25	0.25	0.25	0.25	0.25	0.5	0.25	0.25	1
SRR22894989_1	1	0.25	0.25	0.25	0.25	0.25	0.5	0.25	0.25	1
SRR22894989_2	1	0.25	0.25	0.25	0.25	0.25	0.5	0.25	0.25	1
SRR22894990_1	1	0.25	1	0.25	0.25	0.25	0.5	0.25	0.25	1
SRR22894990_2	1	0.25	0.25	0.25	0.25	0.25	0.5	0.25	0.25	1
SRR22894991_1	1	0.5	1	0.25	0.25	0.25	0.5	0.5	0.25	1
SRR22894991_2	1	0.25	1	0.25	0.25	0.25	0.5	0.5	0.25	1
SRR22894992_1	1	0.25	0.25	0.25	0.25	0.25	0.5	0.25	0.25	1
SRR22894992_2	1	0.25	0.25	0.25	0.25	0.25	0.5	0.25	0.25	1
SRR22894993_1	1	0.25	0.25	0.25	0.25	0.25	0.5	0.25	0.25	1
SRR22894993_2	1	0.25	0.25	0.25	0.25	0.25	0.5	0.25	0.25	1
SRR22894994_1	1	0.25	0.25	0.25	0.25	0.25	0.5	0.25	0.25	1
SRR22894994_2	1	0.25	0.25	0.25	0.25	0.25	0.5	0.25	0.25	1
SRR22894995_1	1	0.25	0.25	0.25	0.25	0.25	0.5	0.25	0.25	1
SRR22894995_2	1	0.25	0.25	0.25	0.25	0.25	0.5	0.25	0.25	1
