Sample	0	1	2	3	4	5	6	7	8	9	10	11	12	13	14	15	16	17	18	19	20	21	22	23	24	25	26	27	28	29	30	31	32	33
SRR20277628_1	(2.0, 3914.0)	(3.0, 0.0)	(4.0, 0.0)	(5.0, 0.0)	(6.0, 0.0)	(7.0, 0.0)	(8.0, 0.0)	(9.0, 0.0)	(10.0, 0.0)	(11.0, 0.0)	(12.0, 0.0)	(13.0, 0.0)	(14.0, 0.0)	(15.0, 1.0)	(16.0, 7.0)	(17.0, 84.0)	(18.0, 469.0)	(19.0, 1982.0)	(20.0, 5632.0)	(21.0, 11565.0)	(22.0, 19611.0)	(23.0, 32208.0)	(24.0, 52694.0)	(25.0, 83311.0)	(26.0, 124379.0)	(27.0, 174662.0)	(28.0, 232736.0)	(29.0, 299024.0)	(30.0, 377740.0)	(31.0, 485267.0)	(32.0, 651245.0)	(33.0, 1001541.0)	(34.0, 2101975.0)	(35.0, 4124559.0)
SRR20277628_2	(2.0, 5474.0)	(3.0, 652.0)	(4.0, 319.0)	(5.0, 75.0)	(6.0, 85.0)	(7.0, 101.0)	(8.0, 123.0)	(9.0, 117.0)	(10.0, 151.0)	(11.0, 222.0)	(12.0, 383.0)	(13.0, 567.0)	(14.0, 1093.0)	(15.0, 2376.0)	(16.0, 4064.0)	(17.0, 5971.0)	(18.0, 9085.0)	(19.0, 14953.0)	(20.0, 23776.0)	(21.0, 34720.0)	(22.0, 45700.0)	(23.0, 61158.0)	(24.0, 82678.0)	(25.0, 111066.0)	(26.0, 147780.0)	(27.0, 190162.0)	(28.0, 239158.0)	(29.0, 295645.0)	(30.0, 367390.0)	(31.0, 463845.0)	(32.0, 621078.0)	(33.0, 947705.0)	(34.0, 2029415.0)	(35.0, 4077519.0)
SRR20277629_1	(2.0, 3666.0)	(3.0, 0.0)	(4.0, 0.0)	(5.0, 0.0)	(6.0, 0.0)	(7.0, 0.0)	(8.0, 0.0)	(9.0, 0.0)	(10.0, 0.0)	(11.0, 0.0)	(12.0, 0.0)	(13.0, 0.0)	(14.0, 0.0)	(15.0, 0.0)	(16.0, 7.0)	(17.0, 66.0)	(18.0, 441.0)	(19.0, 1836.0)	(20.0, 5202.0)	(21.0, 10727.0)	(22.0, 18306.0)	(23.0, 30228.0)	(24.0, 49626.0)	(25.0, 79033.0)	(26.0, 119750.0)	(27.0, 168834.0)	(28.0, 225412.0)	(29.0, 290388.0)	(30.0, 367890.0)	(31.0, 470173.0)	(32.0, 631097.0)	(33.0, 964033.0)	(34.0, 2021918.0)	(35.0, 4077380.0)
SRR20277629_2	(2.0, 4841.0)	(3.0, 396.0)	(4.0, 56.0)	(5.0, 52.0)	(6.0, 74.0)	(7.0, 74.0)	(8.0, 77.0)	(9.0, 120.0)	(10.0, 203.0)	(11.0, 286.0)	(12.0, 363.0)	(13.0, 561.0)	(14.0, 917.0)	(15.0, 1994.0)	(16.0, 3665.0)	(17.0, 5566.0)	(18.0, 8226.0)	(19.0, 14301.0)	(20.0, 22692.0)	(21.0, 32852.0)	(22.0, 43397.0)	(23.0, 58746.0)	(24.0, 79181.0)	(25.0, 107556.0)	(26.0, 142148.0)	(27.0, 183719.0)	(28.0, 230784.0)	(29.0, 286763.0)	(30.0, 356191.0)	(31.0, 449966.0)	(32.0, 601854.0)	(33.0, 912894.0)	(34.0, 1953231.0)	(35.0, 4032267.0)
SRR20277630_1	(2.0, 3633.0)	(3.0, 0.0)	(4.0, 0.0)	(5.0, 0.0)	(6.0, 0.0)	(7.0, 0.0)	(8.0, 0.0)	(9.0, 0.0)	(10.0, 0.0)	(11.0, 0.0)	(12.0, 0.0)	(13.0, 0.0)	(14.0, 0.0)	(15.0, 0.0)	(16.0, 9.0)	(17.0, 59.0)	(18.0, 483.0)	(19.0, 1932.0)	(20.0, 5674.0)	(21.0, 11831.0)	(22.0, 20129.0)	(23.0, 33293.0)	(24.0, 54680.0)	(25.0, 87687.0)	(26.0, 131281.0)	(27.0, 183084.0)	(28.0, 243476.0)	(29.0, 311907.0)	(30.0, 393913.0)	(31.0, 500834.0)	(32.0, 671692.0)	(33.0, 1026635.0)	(34.0, 2144753.0)	(35.0, 4022497.0)
SRR20277630_2	(2.0, 4846.0)	(3.0, 357.0)	(4.0, 115.0)	(5.0, 45.0)	(6.0, 59.0)	(7.0, 61.0)	(8.0, 67.0)	(9.0, 69.0)	(10.0, 102.0)	(11.0, 135.0)	(12.0, 265.0)	(13.0, 377.0)	(14.0, 746.0)	(15.0, 1741.0)	(16.0, 3011.0)	(17.0, 4689.0)	(18.0, 8353.0)	(19.0, 14123.0)	(20.0, 23455.0)	(21.0, 34453.0)	(22.0, 46381.0)	(23.0, 62298.0)	(24.0, 85001.0)	(25.0, 115806.0)	(26.0, 153947.0)	(27.0, 198035.0)	(28.0, 248859.0)	(29.0, 308981.0)	(30.0, 381367.0)	(31.0, 481744.0)	(32.0, 641218.0)	(33.0, 977552.0)	(34.0, 2073758.0)	(35.0, 3977466.0)
SRR20277631_1	(2.0, 3578.0)	(3.0, 0.0)	(4.0, 0.0)	(5.0, 0.0)	(6.0, 0.0)	(7.0, 0.0)	(8.0, 0.0)	(9.0, 0.0)	(10.0, 0.0)	(11.0, 0.0)	(12.0, 0.0)	(13.0, 0.0)	(14.0, 0.0)	(15.0, 0.0)	(16.0, 7.0)	(17.0, 65.0)	(18.0, 443.0)	(19.0, 1794.0)	(20.0, 5101.0)	(21.0, 10609.0)	(22.0, 18687.0)	(23.0, 30859.0)	(24.0, 51576.0)	(25.0, 82690.0)	(26.0, 124971.0)	(27.0, 176554.0)	(28.0, 236236.0)	(29.0, 303171.0)	(30.0, 383589.0)	(31.0, 487891.0)	(32.0, 654554.0)	(33.0, 992697.0)	(34.0, 2069873.0)	(35.0, 3998742.0)
SRR20277631_2	(2.0, 4542.0)	(3.0, 145.0)	(4.0, 30.0)	(5.0, 28.0)	(6.0, 72.0)	(7.0, 70.0)	(8.0, 104.0)	(9.0, 121.0)	(10.0, 160.0)	(11.0, 181.0)	(12.0, 242.0)	(13.0, 350.0)	(14.0, 610.0)	(15.0, 1350.0)	(16.0, 2556.0)	(17.0, 4403.0)	(18.0, 7239.0)	(19.0, 13135.0)	(20.0, 21761.0)	(21.0, 32403.0)	(22.0, 43069.0)	(23.0, 58173.0)	(24.0, 80335.0)	(25.0, 109515.0)	(26.0, 146755.0)	(27.0, 189261.0)	(28.0, 239223.0)	(29.0, 297681.0)	(30.0, 370013.0)	(31.0, 466289.0)	(32.0, 622505.0)	(33.0, 942901.0)	(34.0, 1997312.0)	(35.0, 3981153.0)
SRR20277632_1	(2.0, 391715.0)	(3.0, 0.0)	(4.0, 0.0)	(5.0, 0.0)	(6.0, 0.0)	(7.0, 0.0)	(8.0, 0.0)	(9.0, 0.0)	(10.0, 0.0)	(11.0, 0.0)	(12.0, 0.0)	(13.0, 0.0)	(14.0, 0.0)	(15.0, 3.0)	(16.0, 119.0)	(17.0, 844.0)	(18.0, 3736.0)	(19.0, 9097.0)	(20.0, 15814.0)	(21.0, 20384.0)	(22.0, 21618.0)	(23.0, 25649.0)	(24.0, 33750.0)	(25.0, 46230.0)	(26.0, 62230.0)	(27.0, 82105.0)	(28.0, 103970.0)	(29.0, 124514.0)	(30.0, 145227.0)	(31.0, 179653.0)	(32.0, 239099.0)	(33.0, 358512.0)	(34.0, 725191.0)	(35.0, 1231431.0)
SRR20277632_2	(2.0, 380824.0)	(3.0, 216.0)	(4.0, 92.0)	(5.0, 17.0)	(6.0, 22.0)	(7.0, 39.0)	(8.0, 44.0)	(9.0, 60.0)	(10.0, 88.0)	(11.0, 126.0)	(12.0, 151.0)	(13.0, 308.0)	(14.0, 511.0)	(15.0, 2236.0)	(16.0, 6907.0)	(17.0, 14008.0)	(18.0, 21122.0)	(19.0, 26418.0)	(20.0, 31554.0)	(21.0, 35634.0)	(22.0, 37964.0)	(23.0, 39516.0)	(24.0, 42578.0)	(25.0, 49042.0)	(26.0, 59178.0)	(27.0, 71979.0)	(28.0, 86790.0)	(29.0, 106098.0)	(30.0, 130439.0)	(31.0, 163195.0)	(32.0, 217462.0)	(33.0, 329454.0)	(34.0, 680117.0)	(35.0, 1286702.0)
SRR20277633_1	(2.0, 360215.0)	(3.0, 0.0)	(4.0, 0.0)	(5.0, 0.0)	(6.0, 0.0)	(7.0, 0.0)	(8.0, 0.0)	(9.0, 0.0)	(10.0, 0.0)	(11.0, 0.0)	(12.0, 0.0)	(13.0, 0.0)	(14.0, 0.0)	(15.0, 2.0)	(16.0, 100.0)	(17.0, 764.0)	(18.0, 3213.0)	(19.0, 8105.0)	(20.0, 14114.0)	(21.0, 18444.0)	(22.0, 20578.0)	(23.0, 23875.0)	(24.0, 31583.0)	(25.0, 43095.0)	(26.0, 58156.0)	(27.0, 77923.0)	(28.0, 99549.0)	(29.0, 120286.0)	(30.0, 142064.0)	(31.0, 174069.0)	(32.0, 230689.0)	(33.0, 346084.0)	(34.0, 700835.0)	(35.0, 1227677.0)
SRR20277633_2	(2.0, 346073.0)	(3.0, 137.0)	(4.0, 19.0)	(5.0, 21.0)	(6.0, 25.0)	(7.0, 26.0)	(8.0, 41.0)	(9.0, 57.0)	(10.0, 85.0)	(11.0, 131.0)	(12.0, 165.0)	(13.0, 255.0)	(14.0, 472.0)	(15.0, 1871.0)	(16.0, 5993.0)	(17.0, 12633.0)	(18.0, 19472.0)	(19.0, 25750.0)	(20.0, 30393.0)	(21.0, 33792.0)	(22.0, 35906.0)	(23.0, 38099.0)	(24.0, 41413.0)	(25.0, 47785.0)	(26.0, 57461.0)	(27.0, 69849.0)	(28.0, 85587.0)	(29.0, 103556.0)	(30.0, 127018.0)	(31.0, 158582.0)	(32.0, 211637.0)	(33.0, 319870.0)	(34.0, 657497.0)	(35.0, 1269749.0)
SRR20277634_1	(2.0, 369346.0)	(3.0, 0.0)	(4.0, 0.0)	(5.0, 0.0)	(6.0, 0.0)	(7.0, 0.0)	(8.0, 0.0)	(9.0, 0.0)	(10.0, 0.0)	(11.0, 0.0)	(12.0, 0.0)	(13.0, 0.0)	(14.0, 0.0)	(15.0, 2.0)	(16.0, 84.0)	(17.0, 784.0)	(18.0, 3424.0)	(19.0, 8538.0)	(20.0, 14772.0)	(21.0, 19064.0)	(22.0, 21196.0)	(23.0, 25699.0)	(24.0, 34055.0)	(25.0, 47447.0)	(26.0, 63472.0)	(27.0, 84718.0)	(28.0, 106912.0)	(29.0, 126125.0)	(30.0, 150033.0)	(31.0, 185051.0)	(32.0, 242564.0)	(33.0, 364139.0)	(34.0, 728709.0)	(35.0, 1192545.0)
SRR20277634_2	(2.0, 356655.0)	(3.0, 119.0)	(4.0, 52.0)	(5.0, 14.0)	(6.0, 24.0)	(7.0, 17.0)	(8.0, 22.0)	(9.0, 30.0)	(10.0, 52.0)	(11.0, 85.0)	(12.0, 108.0)	(13.0, 172.0)	(14.0, 383.0)	(15.0, 1831.0)	(16.0, 6025.0)	(17.0, 12476.0)	(18.0, 19823.0)	(19.0, 25163.0)	(20.0, 30717.0)	(21.0, 34497.0)	(22.0, 37664.0)	(23.0, 39290.0)	(24.0, 42923.0)	(25.0, 49984.0)	(26.0, 60243.0)	(27.0, 73866.0)	(28.0, 89841.0)	(29.0, 109377.0)	(30.0, 134406.0)	(31.0, 167890.0)	(32.0, 221805.0)	(33.0, 335555.0)	(34.0, 686944.0)	(35.0, 1250626.0)
SRR20277635_1	(2.0, 355724.0)	(3.0, 0.0)	(4.0, 0.0)	(5.0, 0.0)	(6.0, 0.0)	(7.0, 0.0)	(8.0, 0.0)	(9.0, 0.0)	(10.0, 0.0)	(11.0, 0.0)	(12.0, 0.0)	(13.0, 0.0)	(14.0, 0.0)	(15.0, 2.0)	(16.0, 83.0)	(17.0, 650.0)	(18.0, 2986.0)	(19.0, 7585.0)	(20.0, 13436.0)	(21.0, 18069.0)	(22.0, 20761.0)	(23.0, 24275.0)	(24.0, 32207.0)	(25.0, 44523.0)	(26.0, 60988.0)	(27.0, 81214.0)	(28.0, 103101.0)	(29.0, 124202.0)	(30.0, 146620.0)	(31.0, 179600.0)	(32.0, 238059.0)	(33.0, 356159.0)	(34.0, 714047.0)	(35.0, 1204927.0)
SRR20277635_2	(2.0, 341970.0)	(3.0, 32.0)	(4.0, 9.0)	(5.0, 9.0)	(6.0, 20.0)	(7.0, 35.0)	(8.0, 50.0)	(9.0, 48.0)	(10.0, 65.0)	(11.0, 97.0)	(12.0, 107.0)	(13.0, 158.0)	(14.0, 297.0)	(15.0, 1481.0)	(16.0, 5086.0)	(17.0, 11029.0)	(18.0, 18349.0)	(19.0, 24885.0)	(20.0, 30187.0)	(21.0, 33970.0)	(22.0, 36260.0)	(23.0, 38340.0)	(24.0, 42069.0)	(25.0, 48961.0)	(26.0, 59006.0)	(27.0, 72628.0)	(28.0, 88542.0)	(29.0, 107949.0)	(30.0, 131126.0)	(31.0, 164622.0)	(32.0, 218420.0)	(33.0, 327885.0)	(34.0, 672444.0)	(35.0, 1253082.0)
SRR20277636_1	(2.0, 326420.0)	(3.0, 0.0)	(4.0, 0.0)	(5.0, 0.0)	(6.0, 0.0)	(7.0, 0.0)	(8.0, 0.0)	(9.0, 0.0)	(10.0, 0.0)	(11.0, 0.0)	(12.0, 0.0)	(13.0, 0.0)	(14.0, 0.0)	(15.0, 1.0)	(16.0, 18.0)	(17.0, 167.0)	(18.0, 1101.0)	(19.0, 4515.0)	(20.0, 12789.0)	(21.0, 24483.0)	(22.0, 36025.0)	(23.0, 49629.0)	(24.0, 69099.0)	(25.0, 96066.0)	(26.0, 130467.0)	(27.0, 173153.0)	(28.0, 215618.0)	(29.0, 256178.0)	(30.0, 314808.0)	(31.0, 388794.0)	(32.0, 508525.0)	(33.0, 753883.0)	(34.0, 1520843.0)	(35.0, 2821066.0)
SRR20277636_2	(2.0, 317208.0)	(3.0, 444.0)	(4.0, 208.0)	(5.0, 51.0)	(6.0, 55.0)	(7.0, 60.0)	(8.0, 62.0)	(9.0, 88.0)	(10.0, 125.0)	(11.0, 212.0)	(12.0, 312.0)	(13.0, 460.0)	(14.0, 907.0)	(15.0, 2377.0)	(16.0, 5119.0)	(17.0, 9037.0)	(18.0, 14337.0)	(19.0, 22469.0)	(20.0, 32388.0)	(21.0, 42193.0)	(22.0, 52678.0)	(23.0, 63971.0)	(24.0, 80367.0)	(25.0, 101897.0)	(26.0, 128443.0)	(27.0, 161095.0)	(28.0, 197347.0)	(29.0, 239027.0)	(30.0, 294087.0)	(31.0, 364997.0)	(32.0, 481699.0)	(33.0, 717957.0)	(34.0, 1480709.0)	(35.0, 2891262.0)
SRR20277637_1	(2.0, 302325.0)	(3.0, 0.0)	(4.0, 0.0)	(5.0, 0.0)	(6.0, 0.0)	(7.0, 0.0)	(8.0, 0.0)	(9.0, 0.0)	(10.0, 0.0)	(11.0, 0.0)	(12.0, 0.0)	(13.0, 0.0)	(14.0, 0.0)	(15.0, 0.0)	(16.0, 14.0)	(17.0, 176.0)	(18.0, 1002.0)	(19.0, 4152.0)	(20.0, 11961.0)	(21.0, 23061.0)	(22.0, 34395.0)	(23.0, 47172.0)	(24.0, 65427.0)	(25.0, 91946.0)	(26.0, 125514.0)	(27.0, 166537.0)	(28.0, 209537.0)	(29.0, 251284.0)	(30.0, 306106.0)	(31.0, 379653.0)	(32.0, 495605.0)	(33.0, 734101.0)	(34.0, 1481107.0)	(35.0, 2838055.0)
SRR20277637_2	(2.0, 289756.0)	(3.0, 261.0)	(4.0, 43.0)	(5.0, 32.0)	(6.0, 56.0)	(7.0, 58.0)	(8.0, 76.0)	(9.0, 114.0)	(10.0, 147.0)	(11.0, 236.0)	(12.0, 308.0)	(13.0, 436.0)	(14.0, 822.0)	(15.0, 2129.0)	(16.0, 4599.0)	(17.0, 8489.0)	(18.0, 13540.0)	(19.0, 21727.0)	(20.0, 31228.0)	(21.0, 41470.0)	(22.0, 51110.0)	(23.0, 62302.0)	(24.0, 78429.0)	(25.0, 100708.0)	(26.0, 126953.0)	(27.0, 157663.0)	(28.0, 194243.0)	(29.0, 236365.0)	(30.0, 288700.0)	(31.0, 358064.0)	(32.0, 471741.0)	(33.0, 700893.0)	(34.0, 1440665.0)	(35.0, 2885767.0)
SRR20277638_1	(2.0, 308391.0)	(3.0, 0.0)	(4.0, 0.0)	(5.0, 0.0)	(6.0, 0.0)	(7.0, 0.0)	(8.0, 0.0)	(9.0, 0.0)	(10.0, 0.0)	(11.0, 0.0)	(12.0, 0.0)	(13.0, 0.0)	(14.0, 0.0)	(15.0, 0.0)	(16.0, 15.0)	(17.0, 138.0)	(18.0, 1017.0)	(19.0, 4417.0)	(20.0, 12699.0)	(21.0, 24488.0)	(22.0, 36727.0)	(23.0, 50915.0)	(24.0, 71053.0)	(25.0, 99898.0)	(26.0, 136308.0)	(27.0, 180145.0)	(28.0, 223862.0)	(29.0, 267574.0)	(30.0, 325293.0)	(31.0, 400263.0)	(32.0, 524545.0)	(33.0, 773617.0)	(34.0, 1542152.0)	(35.0, 2764291.0)
SRR20277638_2	(2.0, 297599.0)	(3.0, 240.0)	(4.0, 107.0)	(5.0, 22.0)	(6.0, 37.0)	(7.0, 31.0)	(8.0, 44.0)	(9.0, 54.0)	(10.0, 71.0)	(11.0, 128.0)	(12.0, 207.0)	(13.0, 280.0)	(14.0, 605.0)	(15.0, 1917.0)	(16.0, 4267.0)	(17.0, 7937.0)	(18.0, 13816.0)	(19.0, 21736.0)	(20.0, 32068.0)	(21.0, 42320.0)	(22.0, 52527.0)	(23.0, 64990.0)	(24.0, 82560.0)	(25.0, 105469.0)	(26.0, 133760.0)	(27.0, 167779.0)	(28.0, 204475.0)	(29.0, 249790.0)	(30.0, 303945.0)	(31.0, 378959.0)	(32.0, 496794.0)	(33.0, 738136.0)	(34.0, 1508103.0)	(35.0, 2837035.0)
SRR20277639_1	(2.0, 298391.0)	(3.0, 0.0)	(4.0, 0.0)	(5.0, 0.0)	(6.0, 0.0)	(7.0, 0.0)	(8.0, 0.0)	(9.0, 0.0)	(10.0, 0.0)	(11.0, 0.0)	(12.0, 0.0)	(13.0, 0.0)	(14.0, 0.0)	(15.0, 0.0)	(16.0, 17.0)	(17.0, 138.0)	(18.0, 943.0)	(19.0, 4013.0)	(20.0, 11773.0)	(21.0, 23068.0)	(22.0, 34563.0)	(23.0, 47474.0)	(24.0, 67067.0)	(25.0, 95106.0)	(26.0, 130924.0)	(27.0, 173324.0)	(28.0, 219180.0)	(29.0, 262185.0)	(30.0, 319598.0)	(31.0, 394518.0)	(32.0, 514064.0)	(33.0, 758046.0)	(34.0, 1517358.0)	(35.0, 2790633.0)
SRR20277639_2	(2.0, 286181.0)	(3.0, 78.0)	(4.0, 19.0)	(5.0, 26.0)	(6.0, 39.0)	(7.0, 56.0)	(8.0, 67.0)	(9.0, 105.0)	(10.0, 128.0)	(11.0, 179.0)	(12.0, 205.0)	(13.0, 236.0)	(14.0, 487.0)	(15.0, 1588.0)	(16.0, 3748.0)	(17.0, 7319.0)	(18.0, 13029.0)	(19.0, 20943.0)	(20.0, 30824.0)	(21.0, 40662.0)	(22.0, 50869.0)	(23.0, 63312.0)	(24.0, 79434.0)	(25.0, 102068.0)	(26.0, 130084.0)	(27.0, 163547.0)	(28.0, 201236.0)	(29.0, 245462.0)	(30.0, 299780.0)	(31.0, 371713.0)	(32.0, 488246.0)	(33.0, 724532.0)	(34.0, 1476388.0)	(35.0, 2859793.0)
SRR20277640_1	(2.0, 12869.0)	(3.0, 0.0)	(4.0, 0.0)	(5.0, 0.0)	(6.0, 0.0)	(7.0, 0.0)	(8.0, 0.0)	(9.0, 0.0)	(10.0, 0.0)	(11.0, 0.0)	(12.0, 0.0)	(13.0, 0.0)	(14.0, 0.0)	(15.0, 7.0)	(16.0, 39.0)	(17.0, 293.0)	(18.0, 1619.0)	(19.0, 5462.0)	(20.0, 11761.0)	(21.0, 18220.0)	(22.0, 24418.0)	(23.0, 34000.0)	(24.0, 52167.0)	(25.0, 80162.0)	(26.0, 117495.0)	(27.0, 165657.0)	(28.0, 220244.0)	(29.0, 283398.0)	(30.0, 358702.0)	(31.0, 457991.0)	(32.0, 616572.0)	(33.0, 941431.0)	(34.0, 1983430.0)	(35.0, 4215458.0)
SRR20277640_2	(2.0, 13880.0)	(3.0, 606.0)	(4.0, 310.0)	(5.0, 78.0)	(6.0, 83.0)	(7.0, 91.0)	(8.0, 91.0)	(9.0, 103.0)	(10.0, 160.0)	(11.0, 234.0)	(12.0, 391.0)	(13.0, 519.0)	(14.0, 1049.0)	(15.0, 2580.0)	(16.0, 6068.0)	(17.0, 11562.0)	(18.0, 15720.0)	(19.0, 20547.0)	(20.0, 25770.0)	(21.0, 34558.0)	(22.0, 44248.0)	(23.0, 58543.0)	(24.0, 79630.0)	(25.0, 107509.0)	(26.0, 142817.0)	(27.0, 183846.0)	(28.0, 231728.0)	(29.0, 286924.0)	(30.0, 355315.0)	(31.0, 449501.0)	(32.0, 600077.0)	(33.0, 913771.0)	(34.0, 1952231.0)	(35.0, 4060855.0)
SRR20277641_1	(2.0, 11960.0)	(3.0, 0.0)	(4.0, 0.0)	(5.0, 0.0)	(6.0, 0.0)	(7.0, 0.0)	(8.0, 0.0)	(9.0, 0.0)	(10.0, 0.0)	(11.0, 0.0)	(12.0, 0.0)	(13.0, 0.0)	(14.0, 0.0)	(15.0, 2.0)	(16.0, 31.0)	(17.0, 286.0)	(18.0, 1551.0)	(19.0, 4954.0)	(20.0, 10654.0)	(21.0, 17329.0)	(22.0, 23320.0)	(23.0, 32656.0)	(24.0, 50099.0)	(25.0, 76615.0)	(26.0, 113756.0)	(27.0, 161346.0)	(28.0, 214544.0)	(29.0, 276167.0)	(30.0, 351872.0)	(31.0, 448814.0)	(32.0, 602531.0)	(33.0, 917859.0)	(34.0, 1934112.0)	(35.0, 4235064.0)
SRR20277641_2	(2.0, 12651.0)	(3.0, 338.0)	(4.0, 56.0)	(5.0, 48.0)	(6.0, 77.0)	(7.0, 70.0)	(8.0, 84.0)	(9.0, 143.0)	(10.0, 190.0)	(11.0, 296.0)	(12.0, 372.0)	(13.0, 571.0)	(14.0, 1003.0)	(15.0, 2330.0)	(16.0, 5242.0)	(17.0, 10246.0)	(18.0, 14945.0)	(19.0, 19893.0)	(20.0, 25488.0)	(21.0, 33564.0)	(22.0, 43471.0)	(23.0, 57842.0)	(24.0, 78497.0)	(25.0, 105834.0)	(26.0, 140990.0)	(27.0, 181283.0)	(28.0, 227244.0)	(29.0, 283296.0)	(30.0, 350644.0)	(31.0, 442062.0)	(32.0, 588953.0)	(33.0, 894961.0)	(34.0, 1902243.0)	(35.0, 4060595.0)
SRR20277642_1	(2.0, 11856.0)	(3.0, 0.0)	(4.0, 0.0)	(5.0, 0.0)	(6.0, 0.0)	(7.0, 0.0)	(8.0, 0.0)	(9.0, 0.0)	(10.0, 0.0)	(11.0, 0.0)	(12.0, 0.0)	(13.0, 0.0)	(14.0, 0.0)	(15.0, 0.0)	(16.0, 34.0)	(17.0, 301.0)	(18.0, 1583.0)	(19.0, 5139.0)	(20.0, 11241.0)	(21.0, 17818.0)	(22.0, 24328.0)	(23.0, 35130.0)	(24.0, 54100.0)	(25.0, 83744.0)	(26.0, 124154.0)	(27.0, 172513.0)	(28.0, 230371.0)	(29.0, 295206.0)	(30.0, 373355.0)	(31.0, 476472.0)	(32.0, 639064.0)	(33.0, 973322.0)	(34.0, 2033414.0)	(35.0, 4157330.0)
SRR20277642_2	(2.0, 12573.0)	(3.0, 374.0)	(4.0, 140.0)	(5.0, 40.0)	(6.0, 53.0)	(7.0, 49.0)	(8.0, 36.0)	(9.0, 66.0)	(10.0, 84.0)	(11.0, 171.0)	(12.0, 226.0)	(13.0, 297.0)	(14.0, 680.0)	(15.0, 1900.0)	(16.0, 4926.0)	(17.0, 9406.0)	(18.0, 14986.0)	(19.0, 19242.0)	(20.0, 25531.0)	(21.0, 33814.0)	(22.0, 44529.0)	(23.0, 59767.0)	(24.0, 82109.0)	(25.0, 111730.0)	(26.0, 148174.0)	(27.0, 192300.0)	(28.0, 241122.0)	(29.0, 298552.0)	(30.0, 370443.0)	(31.0, 466778.0)	(32.0, 622730.0)	(33.0, 945718.0)	(34.0, 2002262.0)	(35.0, 4009667.0)
SRR20277643_1	(2.0, 11832.0)	(3.0, 0.0)	(4.0, 0.0)	(5.0, 0.0)	(6.0, 0.0)	(7.0, 0.0)	(8.0, 0.0)	(9.0, 0.0)	(10.0, 0.0)	(11.0, 0.0)	(12.0, 0.0)	(13.0, 0.0)	(14.0, 0.0)	(15.0, 2.0)	(16.0, 45.0)	(17.0, 288.0)	(18.0, 1470.0)	(19.0, 4633.0)	(20.0, 10407.0)	(21.0, 16890.0)	(22.0, 23470.0)	(23.0, 33420.0)	(24.0, 51431.0)	(25.0, 80010.0)	(26.0, 119411.0)	(27.0, 167924.0)	(28.0, 224740.0)	(29.0, 290617.0)	(30.0, 367172.0)	(31.0, 469428.0)	(32.0, 627729.0)	(33.0, 950941.0)	(34.0, 1987678.0)	(35.0, 4188254.0)
SRR20277643_2	(2.0, 12366.0)	(3.0, 134.0)	(4.0, 31.0)	(5.0, 51.0)	(6.0, 63.0)	(7.0, 64.0)	(8.0, 88.0)	(9.0, 113.0)	(10.0, 171.0)	(11.0, 191.0)	(12.0, 245.0)	(13.0, 323.0)	(14.0, 569.0)	(15.0, 1593.0)	(16.0, 4080.0)	(17.0, 8731.0)	(18.0, 13879.0)	(19.0, 18902.0)	(20.0, 24778.0)	(21.0, 33044.0)	(22.0, 43144.0)	(23.0, 57718.0)	(24.0, 80030.0)	(25.0, 109002.0)	(26.0, 145289.0)	(27.0, 188285.0)	(28.0, 237768.0)	(29.0, 294494.0)	(30.0, 363865.0)	(31.0, 459699.0)	(32.0, 611357.0)	(33.0, 923750.0)	(34.0, 1957974.0)	(35.0, 4036001.0)
SRR20277644_1	(2.0, 7436.0)	(3.0, 0.0)	(4.0, 0.0)	(5.0, 0.0)	(6.0, 0.0)	(7.0, 0.0)	(8.0, 0.0)	(9.0, 0.0)	(10.0, 0.0)	(11.0, 0.0)	(12.0, 0.0)	(13.0, 0.0)	(14.0, 0.0)	(15.0, 1.0)	(16.0, 5.0)	(17.0, 35.0)	(18.0, 275.0)	(19.0, 1413.0)	(20.0, 4683.0)	(21.0, 10495.0)	(22.0, 18720.0)	(23.0, 30681.0)	(24.0, 50281.0)	(25.0, 78030.0)	(26.0, 115733.0)	(27.0, 160740.0)	(28.0, 213981.0)	(29.0, 273762.0)	(30.0, 346593.0)	(31.0, 442824.0)	(32.0, 598979.0)	(33.0, 920528.0)	(34.0, 1952042.0)	(35.0, 4120981.0)
SRR20277644_2	(2.0, 8880.0)	(3.0, 568.0)	(4.0, 333.0)	(5.0, 67.0)	(6.0, 79.0)	(7.0, 78.0)	(8.0, 97.0)	(9.0, 84.0)	(10.0, 157.0)	(11.0, 219.0)	(12.0, 364.0)	(13.0, 572.0)	(14.0, 1036.0)	(15.0, 2116.0)	(16.0, 3473.0)	(17.0, 5105.0)	(18.0, 6749.0)	(19.0, 10793.0)	(20.0, 17328.0)	(21.0, 25715.0)	(22.0, 36539.0)	(23.0, 50647.0)	(24.0, 71969.0)	(25.0, 99047.0)	(26.0, 132214.0)	(27.0, 171937.0)	(28.0, 215100.0)	(29.0, 267130.0)	(30.0, 335246.0)	(31.0, 424628.0)	(32.0, 571776.0)	(33.0, 879725.0)	(34.0, 1907483.0)	(35.0, 4100964.0)
SRR20277645_1	(2.0, 6716.0)	(3.0, 0.0)	(4.0, 0.0)	(5.0, 0.0)	(6.0, 0.0)	(7.0, 0.0)	(8.0, 0.0)	(9.0, 0.0)	(10.0, 0.0)	(11.0, 0.0)	(12.0, 0.0)	(13.0, 0.0)	(14.0, 0.0)	(15.0, 0.0)	(16.0, 6.0)	(17.0, 41.0)	(18.0, 259.0)	(19.0, 1419.0)	(20.0, 4440.0)	(21.0, 9894.0)	(22.0, 17778.0)	(23.0, 29022.0)	(24.0, 47608.0)	(25.0, 74959.0)	(26.0, 111454.0)	(27.0, 155702.0)	(28.0, 207206.0)	(29.0, 266699.0)	(30.0, 337348.0)	(31.0, 430733.0)	(32.0, 581659.0)	(33.0, 889796.0)	(34.0, 1890609.0)	(35.0, 4111682.0)
SRR20277645_2	(2.0, 7830.0)	(3.0, 345.0)	(4.0, 49.0)	(5.0, 57.0)	(6.0, 61.0)	(7.0, 75.0)	(8.0, 78.0)	(9.0, 127.0)	(10.0, 218.0)	(11.0, 286.0)	(12.0, 365.0)	(13.0, 495.0)	(14.0, 919.0)	(15.0, 1787.0)	(16.0, 3158.0)	(17.0, 4723.0)	(18.0, 6392.0)	(19.0, 10529.0)	(20.0, 16820.0)	(21.0, 25030.0)	(22.0, 35668.0)	(23.0, 50768.0)	(24.0, 71562.0)	(25.0, 98078.0)	(26.0, 130247.0)	(27.0, 168846.0)	(28.0, 212325.0)	(29.0, 263984.0)	(30.0, 329333.0)	(31.0, 416554.0)	(32.0, 560401.0)	(33.0, 856627.0)	(34.0, 1847939.0)	(35.0, 4053354.0)
SRR20277646_1	(2.0, 6919.0)	(3.0, 0.0)	(4.0, 0.0)	(5.0, 0.0)	(6.0, 0.0)	(7.0, 0.0)	(8.0, 0.0)	(9.0, 0.0)	(10.0, 0.0)	(11.0, 0.0)	(12.0, 0.0)	(13.0, 0.0)	(14.0, 0.0)	(15.0, 0.0)	(16.0, 4.0)	(17.0, 48.0)	(18.0, 294.0)	(19.0, 1467.0)	(20.0, 4693.0)	(21.0, 10624.0)	(22.0, 19258.0)	(23.0, 31507.0)	(24.0, 51871.0)	(25.0, 81626.0)	(26.0, 120606.0)	(27.0, 167686.0)	(28.0, 223809.0)	(29.0, 285972.0)	(30.0, 360268.0)	(31.0, 459687.0)	(32.0, 618514.0)	(33.0, 949373.0)	(34.0, 2000941.0)	(35.0, 4050452.0)
SRR20277646_2	(2.0, 8094.0)	(3.0, 299.0)	(4.0, 89.0)	(5.0, 32.0)	(6.0, 58.0)	(7.0, 54.0)	(8.0, 55.0)	(9.0, 67.0)	(10.0, 96.0)	(11.0, 132.0)	(12.0, 270.0)	(13.0, 372.0)	(14.0, 646.0)	(15.0, 1544.0)	(16.0, 2640.0)	(17.0, 3660.0)	(18.0, 6148.0)	(19.0, 10291.0)	(20.0, 16971.0)	(21.0, 25741.0)	(22.0, 36563.0)	(23.0, 52688.0)	(24.0, 74021.0)	(25.0, 102807.0)	(26.0, 137306.0)	(27.0, 178505.0)	(28.0, 225429.0)	(29.0, 279567.0)	(30.0, 348458.0)	(31.0, 442468.0)	(32.0, 592622.0)	(33.0, 909576.0)	(34.0, 1960726.0)	(35.0, 4027624.0)
SRR20277647_1	(2.0, 6688.0)	(3.0, 0.0)	(4.0, 0.0)	(5.0, 0.0)	(6.0, 0.0)	(7.0, 0.0)	(8.0, 0.0)	(9.0, 0.0)	(10.0, 0.0)	(11.0, 0.0)	(12.0, 0.0)	(13.0, 0.0)	(14.0, 0.0)	(15.0, 0.0)	(16.0, 7.0)	(17.0, 34.0)	(18.0, 272.0)	(19.0, 1290.0)	(20.0, 4225.0)	(21.0, 10099.0)	(22.0, 17947.0)	(23.0, 29310.0)	(24.0, 48783.0)	(25.0, 78402.0)	(26.0, 116620.0)	(27.0, 163582.0)	(28.0, 217620.0)	(29.0, 280173.0)	(30.0, 352528.0)	(31.0, 449563.0)	(32.0, 605015.0)	(33.0, 921343.0)	(34.0, 1942234.0)	(35.0, 4059567.0)
SRR20277647_2	(2.0, 7577.0)	(3.0, 131.0)	(4.0, 25.0)	(5.0, 31.0)	(6.0, 48.0)	(7.0, 62.0)	(8.0, 88.0)	(9.0, 114.0)	(10.0, 168.0)	(11.0, 175.0)	(12.0, 247.0)	(13.0, 342.0)	(14.0, 617.0)	(15.0, 1341.0)	(16.0, 2293.0)	(17.0, 3580.0)	(18.0, 5635.0)	(19.0, 9867.0)	(20.0, 16274.0)	(21.0, 24593.0)	(22.0, 35633.0)	(23.0, 51104.0)	(24.0, 72724.0)	(25.0, 100733.0)	(26.0, 135143.0)	(27.0, 175410.0)	(28.0, 222533.0)	(29.0, 276217.0)	(30.0, 342376.0)	(31.0, 434146.0)	(32.0, 580880.0)	(33.0, 886671.0)	(34.0, 1899655.0)	(35.0, 4018869.0)
SRR20277648_1	(2.0, 326654.0)	(3.0, 0.0)	(4.0, 0.0)	(5.0, 0.0)	(6.0, 0.0)	(7.0, 0.0)	(8.0, 0.0)	(9.0, 0.0)	(10.0, 0.0)	(11.0, 0.0)	(12.0, 0.0)	(13.0, 0.0)	(14.0, 0.0)	(15.0, 2.0)	(16.0, 70.0)	(17.0, 473.0)	(18.0, 1553.0)	(19.0, 3328.0)	(20.0, 4861.0)	(21.0, 5269.0)	(22.0, 5053.0)	(23.0, 5808.0)	(24.0, 7755.0)	(25.0, 10924.0)	(26.0, 15390.0)	(27.0, 21415.0)	(28.0, 28484.0)	(29.0, 36529.0)	(30.0, 45435.0)	(31.0, 55695.0)	(32.0, 70265.0)	(33.0, 99665.0)	(34.0, 192823.0)	(35.0, 350989.0)
SRR20277648_2	(2.0, 307405.0)	(3.0, 81.0)	(4.0, 23.0)	(5.0, 7.0)	(6.0, 7.0)	(7.0, 17.0)	(8.0, 12.0)	(9.0, 21.0)	(10.0, 34.0)	(11.0, 40.0)	(12.0, 71.0)	(13.0, 78.0)	(14.0, 249.0)	(15.0, 1106.0)	(16.0, 2698.0)	(17.0, 5244.0)	(18.0, 7943.0)	(19.0, 9499.0)	(20.0, 10917.0)	(21.0, 11663.0)	(22.0, 13736.0)	(23.0, 15815.0)	(24.0, 18459.0)	(25.0, 20901.0)	(26.0, 24804.0)	(27.0, 28851.0)	(28.0, 33296.0)	(29.0, 38210.0)	(30.0, 43817.0)	(31.0, 52070.0)	(32.0, 64709.0)	(33.0, 91249.0)	(34.0, 174439.0)	(35.0, 310969.0)
SRR20277649_1	(2.0, 290004.0)	(3.0, 0.0)	(4.0, 0.0)	(5.0, 0.0)	(6.0, 0.0)	(7.0, 0.0)	(8.0, 0.0)	(9.0, 0.0)	(10.0, 0.0)	(11.0, 0.0)	(12.0, 0.0)	(13.0, 0.0)	(14.0, 0.0)	(15.0, 2.0)	(16.0, 48.0)	(17.0, 385.0)	(18.0, 1352.0)	(19.0, 2817.0)	(20.0, 4165.0)	(21.0, 4636.0)	(22.0, 4592.0)	(23.0, 5171.0)	(24.0, 7086.0)	(25.0, 10196.0)	(26.0, 14576.0)	(27.0, 20099.0)	(28.0, 26817.0)	(29.0, 34116.0)	(30.0, 43032.0)	(31.0, 52727.0)	(32.0, 66829.0)	(33.0, 94579.0)	(34.0, 183403.0)	(35.0, 346926.0)
SRR20277649_2	(2.0, 266372.0)	(3.0, 31.0)	(4.0, 6.0)	(5.0, 3.0)	(6.0, 8.0)	(7.0, 5.0)	(8.0, 5.0)	(9.0, 21.0)	(10.0, 42.0)	(11.0, 58.0)	(12.0, 61.0)	(13.0, 78.0)	(14.0, 207.0)	(15.0, 939.0)	(16.0, 2268.0)	(17.0, 4388.0)	(18.0, 7167.0)	(19.0, 8922.0)	(20.0, 9798.0)	(21.0, 11071.0)	(22.0, 12817.0)	(23.0, 15330.0)	(24.0, 17538.0)	(25.0, 20248.0)	(26.0, 23965.0)	(27.0, 28092.0)	(28.0, 31996.0)	(29.0, 36474.0)	(30.0, 41889.0)	(31.0, 49752.0)	(32.0, 61885.0)	(33.0, 87620.0)	(34.0, 167015.0)	(35.0, 307487.0)
SRR20277650_1	(2.0, 284962.0)	(3.0, 0.0)	(4.0, 0.0)	(5.0, 0.0)	(6.0, 0.0)	(7.0, 0.0)	(8.0, 0.0)	(9.0, 0.0)	(10.0, 0.0)	(11.0, 0.0)	(12.0, 0.0)	(13.0, 0.0)	(14.0, 0.0)	(15.0, 7.0)	(16.0, 56.0)	(17.0, 405.0)	(18.0, 1283.0)	(19.0, 2828.0)	(20.0, 4144.0)	(21.0, 4556.0)	(22.0, 4680.0)	(23.0, 5720.0)	(24.0, 7813.0)	(25.0, 11402.0)	(26.0, 16282.0)	(27.0, 22328.0)	(28.0, 29377.0)	(29.0, 37641.0)	(30.0, 46268.0)	(31.0, 56651.0)	(32.0, 70839.0)	(33.0, 100373.0)	(34.0, 193063.0)	(35.0, 342210.0)
SRR20277650_2	(2.0, 261855.0)	(3.0, 33.0)	(4.0, 11.0)	(5.0, 5.0)	(6.0, 9.0)	(7.0, 3.0)	(8.0, 7.0)	(9.0, 10.0)	(10.0, 21.0)	(11.0, 27.0)	(12.0, 37.0)	(13.0, 61.0)	(14.0, 182.0)	(15.0, 911.0)	(16.0, 2246.0)	(17.0, 4376.0)	(18.0, 6807.0)	(19.0, 8575.0)	(20.0, 9837.0)	(21.0, 11326.0)	(22.0, 13832.0)	(23.0, 16049.0)	(24.0, 18953.0)	(25.0, 22156.0)	(26.0, 26285.0)	(27.0, 31030.0)	(28.0, 34841.0)	(29.0, 39094.0)	(30.0, 44977.0)	(31.0, 52584.0)	(32.0, 65634.0)	(33.0, 92322.0)	(34.0, 175749.0)	(35.0, 303043.0)
SRR20277651_1	(2.0, 280454.0)	(3.0, 0.0)	(4.0, 0.0)	(5.0, 0.0)	(6.0, 0.0)	(7.0, 0.0)	(8.0, 0.0)	(9.0, 0.0)	(10.0, 0.0)	(11.0, 0.0)	(12.0, 0.0)	(13.0, 0.0)	(14.0, 0.0)	(15.0, 0.0)	(16.0, 59.0)	(17.0, 374.0)	(18.0, 1252.0)	(19.0, 2618.0)	(20.0, 3953.0)	(21.0, 4408.0)	(22.0, 4430.0)	(23.0, 5209.0)	(24.0, 7003.0)	(25.0, 10242.0)	(26.0, 14900.0)	(27.0, 20866.0)	(28.0, 27550.0)	(29.0, 35009.0)	(30.0, 43862.0)	(31.0, 54063.0)	(32.0, 68413.0)	(33.0, 96789.0)	(34.0, 186342.0)	(35.0, 342020.0)
SRR20277651_2	(2.0, 258706.0)	(3.0, 10.0)	(4.0, 3.0)	(5.0, 3.0)	(6.0, 7.0)	(7.0, 6.0)	(8.0, 13.0)	(9.0, 24.0)	(10.0, 25.0)	(11.0, 25.0)	(12.0, 42.0)	(13.0, 42.0)	(14.0, 145.0)	(15.0, 748.0)	(16.0, 2021.0)	(17.0, 4021.0)	(18.0, 6651.0)	(19.0, 8499.0)	(20.0, 9495.0)	(21.0, 10538.0)	(22.0, 12706.0)	(23.0, 14654.0)	(24.0, 16948.0)	(25.0, 19783.0)	(26.0, 23549.0)	(27.0, 27974.0)	(28.0, 32338.0)	(29.0, 36497.0)	(30.0, 42845.0)	(31.0, 50702.0)	(32.0, 64224.0)	(33.0, 90844.0)	(34.0, 171431.0)	(35.0, 304297.0)
SRR20277652_1	(2.0, 23310.0)	(3.0, 0.0)	(4.0, 0.0)	(5.0, 0.0)	(6.0, 0.0)	(7.0, 0.0)	(8.0, 0.0)	(9.0, 0.0)	(10.0, 0.0)	(11.0, 0.0)	(12.0, 0.0)	(13.0, 0.0)	(14.0, 0.0)	(15.0, 1.0)	(16.0, 4.0)	(17.0, 44.0)	(18.0, 292.0)	(19.0, 1143.0)	(20.0, 3091.0)	(21.0, 6888.0)	(22.0, 12463.0)	(23.0, 21220.0)	(24.0, 35670.0)	(25.0, 57057.0)	(26.0, 86368.0)	(27.0, 122925.0)	(28.0, 166862.0)	(29.0, 218398.0)	(30.0, 282085.0)	(31.0, 365433.0)	(32.0, 502458.0)	(33.0, 785345.0)	(34.0, 1701062.0)	(35.0, 3398053.0)
SRR20277652_2	(2.0, 23589.0)	(3.0, 488.0)	(4.0, 279.0)	(5.0, 51.0)	(6.0, 60.0)	(7.0, 86.0)	(8.0, 91.0)	(9.0, 95.0)	(10.0, 126.0)	(11.0, 163.0)	(12.0, 291.0)	(13.0, 459.0)	(14.0, 882.0)	(15.0, 2039.0)	(16.0, 3155.0)	(17.0, 4371.0)	(18.0, 5735.0)	(19.0, 8720.0)	(20.0, 13487.0)	(21.0, 19887.0)	(22.0, 28500.0)	(23.0, 40765.0)	(24.0, 57687.0)	(25.0, 79730.0)	(26.0, 107305.0)	(27.0, 140464.0)	(28.0, 178447.0)	(29.0, 223331.0)	(30.0, 281438.0)	(31.0, 360787.0)	(32.0, 488438.0)	(33.0, 756766.0)	(34.0, 1656287.0)	(35.0, 3306173.0)
SRR20277653_1	(2.0, 21548.0)	(3.0, 0.0)	(4.0, 0.0)	(5.0, 0.0)	(6.0, 0.0)	(7.0, 0.0)	(8.0, 0.0)	(9.0, 0.0)	(10.0, 0.0)	(11.0, 0.0)	(12.0, 0.0)	(13.0, 0.0)	(14.0, 0.0)	(15.0, 0.0)	(16.0, 6.0)	(17.0, 46.0)	(18.0, 233.0)	(19.0, 1010.0)	(20.0, 2958.0)	(21.0, 6510.0)	(22.0, 11576.0)	(23.0, 20422.0)	(24.0, 33798.0)	(25.0, 54248.0)	(26.0, 82577.0)	(27.0, 117904.0)	(28.0, 162306.0)	(29.0, 211864.0)	(30.0, 273585.0)	(31.0, 357313.0)	(32.0, 486979.0)	(33.0, 761402.0)	(34.0, 1639655.0)	(35.0, 3369847.0)
SRR20277653_2	(2.0, 21529.0)	(3.0, 299.0)	(4.0, 41.0)	(5.0, 36.0)	(6.0, 66.0)	(7.0, 58.0)	(8.0, 64.0)	(9.0, 117.0)	(10.0, 172.0)	(11.0, 234.0)	(12.0, 298.0)	(13.0, 375.0)	(14.0, 758.0)	(15.0, 1786.0)	(16.0, 2787.0)	(17.0, 4054.0)	(18.0, 5242.0)	(19.0, 8463.0)	(20.0, 12937.0)	(21.0, 19219.0)	(22.0, 27468.0)	(23.0, 38987.0)	(24.0, 55650.0)	(25.0, 76773.0)	(26.0, 103005.0)	(27.0, 134342.0)	(28.0, 171676.0)	(29.0, 215854.0)	(30.0, 272896.0)	(31.0, 349117.0)	(32.0, 474295.0)	(33.0, 733596.0)	(34.0, 1598287.0)	(35.0, 3285306.0)
SRR20277654_1	(2.0, 21622.0)	(3.0, 0.0)	(4.0, 0.0)	(5.0, 0.0)	(6.0, 0.0)	(7.0, 0.0)	(8.0, 0.0)	(9.0, 0.0)	(10.0, 0.0)	(11.0, 0.0)	(12.0, 0.0)	(13.0, 0.0)	(14.0, 0.0)	(15.0, 0.0)	(16.0, 7.0)	(17.0, 54.0)	(18.0, 303.0)	(19.0, 1037.0)	(20.0, 3095.0)	(21.0, 6949.0)	(22.0, 12745.0)	(23.0, 21976.0)	(24.0, 36921.0)	(25.0, 59769.0)	(26.0, 90242.0)	(27.0, 129521.0)	(28.0, 174279.0)	(29.0, 228104.0)	(30.0, 292110.0)	(31.0, 378848.0)	(32.0, 519430.0)	(33.0, 810326.0)	(34.0, 1737646.0)	(35.0, 3320432.0)
SRR20277654_2	(2.0, 21580.0)	(3.0, 245.0)	(4.0, 107.0)	(5.0, 31.0)	(6.0, 50.0)	(7.0, 46.0)	(8.0, 36.0)	(9.0, 53.0)	(10.0, 84.0)	(11.0, 106.0)	(12.0, 182.0)	(13.0, 266.0)	(14.0, 580.0)	(15.0, 1503.0)	(16.0, 2445.0)	(17.0, 3204.0)	(18.0, 5100.0)	(19.0, 8156.0)	(20.0, 12827.0)	(21.0, 19470.0)	(22.0, 28811.0)	(23.0, 41149.0)	(24.0, 58999.0)	(25.0, 82413.0)	(26.0, 110445.0)	(27.0, 145335.0)	(28.0, 184759.0)	(29.0, 231769.0)	(30.0, 290885.0)	(31.0, 370202.0)	(32.0, 504519.0)	(33.0, 779439.0)	(34.0, 1695397.0)	(35.0, 3245223.0)
SRR20277655_1	(2.0, 20853.0)	(3.0, 0.0)	(4.0, 0.0)	(5.0, 0.0)	(6.0, 0.0)	(7.0, 0.0)	(8.0, 0.0)	(9.0, 0.0)	(10.0, 0.0)	(11.0, 0.0)	(12.0, 0.0)	(13.0, 0.0)	(14.0, 0.0)	(15.0, 0.0)	(16.0, 3.0)	(17.0, 49.0)	(18.0, 268.0)	(19.0, 950.0)	(20.0, 2884.0)	(21.0, 6457.0)	(22.0, 12010.0)	(23.0, 20507.0)	(24.0, 34779.0)	(25.0, 56849.0)	(26.0, 87194.0)	(27.0, 125503.0)	(28.0, 170321.0)	(29.0, 222898.0)	(30.0, 285623.0)	(31.0, 370395.0)	(32.0, 507064.0)	(33.0, 786335.0)	(34.0, 1685197.0)	(35.0, 3292947.0)
SRR20277655_2	(2.0, 20734.0)	(3.0, 104.0)	(4.0, 22.0)	(5.0, 31.0)	(6.0, 44.0)	(7.0, 52.0)	(8.0, 69.0)	(9.0, 74.0)	(10.0, 133.0)	(11.0, 158.0)	(12.0, 199.0)	(13.0, 267.0)	(14.0, 491.0)	(15.0, 1267.0)	(16.0, 2173.0)	(17.0, 3147.0)	(18.0, 4600.0)	(19.0, 7600.0)	(20.0, 12075.0)	(21.0, 18744.0)	(22.0, 26949.0)	(23.0, 38488.0)	(24.0, 55651.0)	(25.0, 77416.0)	(26.0, 105334.0)	(27.0, 137551.0)	(28.0, 177277.0)	(29.0, 222399.0)	(30.0, 281025.0)	(31.0, 359223.0)	(32.0, 487216.0)	(33.0, 753642.0)	(34.0, 1636644.0)	(35.0, 3258287.0)
SRR20277656_1	(2.0, 8944.0)	(3.0, 0.0)	(4.0, 0.0)	(5.0, 0.0)	(6.0, 0.0)	(7.0, 0.0)	(8.0, 0.0)	(9.0, 0.0)	(10.0, 0.0)	(11.0, 0.0)	(12.0, 0.0)	(13.0, 0.0)	(14.0, 0.0)	(15.0, 0.0)	(16.0, 1.0)	(17.0, 30.0)	(18.0, 240.0)	(19.0, 1058.0)	(20.0, 3359.0)	(21.0, 8013.0)	(22.0, 14702.0)	(23.0, 24632.0)	(24.0, 41003.0)	(25.0, 66353.0)	(26.0, 100452.0)	(27.0, 143768.0)	(28.0, 195761.0)	(29.0, 255566.0)	(30.0, 327503.0)	(31.0, 423905.0)	(32.0, 579012.0)	(33.0, 897641.0)	(34.0, 1926390.0)	(35.0, 4155879.0)
SRR20277656_2	(2.0, 10116.0)	(3.0, 619.0)	(4.0, 293.0)	(5.0, 61.0)	(6.0, 67.0)	(7.0, 93.0)	(8.0, 78.0)	(9.0, 122.0)	(10.0, 170.0)	(11.0, 215.0)	(12.0, 339.0)	(13.0, 565.0)	(14.0, 985.0)	(15.0, 2218.0)	(16.0, 3506.0)	(17.0, 4816.0)	(18.0, 6201.0)	(19.0, 9757.0)	(20.0, 15462.0)	(21.0, 23677.0)	(22.0, 34804.0)	(23.0, 50018.0)	(24.0, 70622.0)	(25.0, 99356.0)	(26.0, 133435.0)	(27.0, 173535.0)	(28.0, 218631.0)	(29.0, 272349.0)	(30.0, 339760.0)	(31.0, 431832.0)	(32.0, 583166.0)	(33.0, 894484.0)	(34.0, 1920033.0)	(35.0, 3872827.0)
SRR20277657_1	(2.0, 8313.0)	(3.0, 0.0)	(4.0, 0.0)	(5.0, 0.0)	(6.0, 0.0)	(7.0, 0.0)	(8.0, 0.0)	(9.0, 0.0)	(10.0, 0.0)	(11.0, 0.0)	(12.0, 0.0)	(13.0, 0.0)	(14.0, 0.0)	(15.0, 0.0)	(16.0, 3.0)	(17.0, 30.0)	(18.0, 218.0)	(19.0, 1013.0)	(20.0, 3196.0)	(21.0, 7184.0)	(22.0, 13500.0)	(23.0, 23598.0)	(24.0, 39401.0)	(25.0, 63459.0)	(26.0, 97554.0)	(27.0, 139381.0)	(28.0, 189231.0)	(29.0, 248720.0)	(30.0, 318197.0)	(31.0, 412679.0)	(32.0, 562842.0)	(33.0, 866974.0)	(34.0, 1861224.0)	(35.0, 4135966.0)
SRR20277657_2	(2.0, 9059.0)	(3.0, 399.0)	(4.0, 49.0)	(5.0, 32.0)	(6.0, 59.0)	(7.0, 69.0)	(8.0, 85.0)	(9.0, 124.0)	(10.0, 190.0)	(11.0, 255.0)	(12.0, 336.0)	(13.0, 536.0)	(14.0, 938.0)	(15.0, 1993.0)	(16.0, 3154.0)	(17.0, 4624.0)	(18.0, 5776.0)	(19.0, 9772.0)	(20.0, 15308.0)	(21.0, 23043.0)	(22.0, 33475.0)	(23.0, 48129.0)	(24.0, 69744.0)	(25.0, 97095.0)	(26.0, 130234.0)	(27.0, 170064.0)	(28.0, 214704.0)	(29.0, 266678.0)	(30.0, 332021.0)	(31.0, 421610.0)	(32.0, 566844.0)	(33.0, 866778.0)	(34.0, 1856919.0)	(35.0, 3842587.0)
SRR20277658_1	(2.0, 8372.0)	(3.0, 0.0)	(4.0, 0.0)	(5.0, 0.0)	(6.0, 0.0)	(7.0, 0.0)	(8.0, 0.0)	(9.0, 0.0)	(10.0, 0.0)	(11.0, 0.0)	(12.0, 0.0)	(13.0, 0.0)	(14.0, 0.0)	(15.0, 0.0)	(16.0, 2.0)	(17.0, 32.0)	(18.0, 258.0)	(19.0, 1069.0)	(20.0, 3352.0)	(21.0, 7828.0)	(22.0, 14853.0)	(23.0, 25186.0)	(24.0, 43303.0)	(25.0, 69695.0)	(26.0, 106449.0)	(27.0, 151262.0)	(28.0, 205963.0)	(29.0, 267333.0)	(30.0, 341263.0)	(31.0, 442011.0)	(32.0, 599806.0)	(33.0, 927682.0)	(34.0, 1977343.0)	(35.0, 4091238.0)
SRR20277658_2	(2.0, 9234.0)	(3.0, 328.0)	(4.0, 109.0)	(5.0, 46.0)	(6.0, 52.0)	(7.0, 37.0)	(8.0, 66.0)	(9.0, 63.0)	(10.0, 101.0)	(11.0, 126.0)	(12.0, 232.0)	(13.0, 376.0)	(14.0, 692.0)	(15.0, 1655.0)	(16.0, 2526.0)	(17.0, 3670.0)	(18.0, 5694.0)	(19.0, 9304.0)	(20.0, 15150.0)	(21.0, 23484.0)	(22.0, 34754.0)	(23.0, 51411.0)	(24.0, 73612.0)	(25.0, 102916.0)	(26.0, 139521.0)	(27.0, 181222.0)	(28.0, 229792.0)	(29.0, 284596.0)	(30.0, 354302.0)	(31.0, 450839.0)	(32.0, 604350.0)	(33.0, 925682.0)	(34.0, 1974818.0)	(35.0, 3803540.0)
SRR20277659_1	(2.0, 8322.0)	(3.0, 0.0)	(4.0, 0.0)	(5.0, 0.0)	(6.0, 0.0)	(7.0, 0.0)	(8.0, 0.0)	(9.0, 0.0)	(10.0, 0.0)	(11.0, 0.0)	(12.0, 0.0)	(13.0, 0.0)	(14.0, 0.0)	(15.0, 0.0)	(16.0, 4.0)	(17.0, 36.0)	(18.0, 209.0)	(19.0, 945.0)	(20.0, 3068.0)	(21.0, 7284.0)	(22.0, 13822.0)	(23.0, 23897.0)	(24.0, 40886.0)	(25.0, 66590.0)	(26.0, 103039.0)	(27.0, 147510.0)	(28.0, 200922.0)	(29.0, 262686.0)	(30.0, 337830.0)	(31.0, 432643.0)	(32.0, 586603.0)	(33.0, 902764.0)	(34.0, 1922258.0)	(35.0, 4091814.0)
SRR20277659_2	(2.0, 8954.0)	(3.0, 141.0)	(4.0, 31.0)	(5.0, 42.0)	(6.0, 55.0)	(7.0, 64.0)	(8.0, 102.0)	(9.0, 127.0)	(10.0, 169.0)	(11.0, 173.0)	(12.0, 277.0)	(13.0, 329.0)	(14.0, 503.0)	(15.0, 1360.0)	(16.0, 2380.0)	(17.0, 3440.0)	(18.0, 5157.0)	(19.0, 8624.0)	(20.0, 14294.0)	(21.0, 22610.0)	(22.0, 33436.0)	(23.0, 49129.0)	(24.0, 71904.0)	(25.0, 100604.0)	(26.0, 135802.0)	(27.0, 177899.0)	(28.0, 224233.0)	(29.0, 279881.0)	(30.0, 348672.0)	(31.0, 442935.0)	(32.0, 590500.0)	(33.0, 899867.0)	(34.0, 1913349.0)	(35.0, 3816089.0)
SRR20277660_1	(2.0, 5561.0)	(3.0, 0.0)	(4.0, 0.0)	(5.0, 0.0)	(6.0, 0.0)	(7.0, 0.0)	(8.0, 0.0)	(9.0, 0.0)	(10.0, 0.0)	(11.0, 0.0)	(12.0, 0.0)	(13.0, 0.0)	(14.0, 0.0)	(15.0, 1.0)	(16.0, 11.0)	(17.0, 90.0)	(18.0, 457.0)	(19.0, 1543.0)	(20.0, 3888.0)	(21.0, 7765.0)	(22.0, 14327.0)	(23.0, 24990.0)	(24.0, 43350.0)	(25.0, 71648.0)	(26.0, 109239.0)	(27.0, 154958.0)	(28.0, 208354.0)	(29.0, 268505.0)	(30.0, 338964.0)	(31.0, 437316.0)	(32.0, 589308.0)	(33.0, 903535.0)	(34.0, 1879631.0)	(35.0, 3461845.0)
SRR20277660_2	(2.0, 6637.0)	(3.0, 540.0)	(4.0, 281.0)	(5.0, 56.0)	(6.0, 84.0)	(7.0, 91.0)	(8.0, 95.0)	(9.0, 82.0)	(10.0, 163.0)	(11.0, 195.0)	(12.0, 303.0)	(13.0, 526.0)	(14.0, 891.0)	(15.0, 2019.0)	(16.0, 3587.0)	(17.0, 5069.0)	(18.0, 6856.0)	(19.0, 9849.0)	(20.0, 14749.0)	(21.0, 21087.0)	(22.0, 28788.0)	(23.0, 40250.0)	(24.0, 57651.0)	(25.0, 81322.0)	(26.0, 111549.0)	(27.0, 148260.0)	(28.0, 190463.0)	(29.0, 240640.0)	(30.0, 305137.0)	(31.0, 392405.0)	(32.0, 531851.0)	(33.0, 822973.0)	(34.0, 1791845.0)	(35.0, 3708992.0)
SRR20277661_1	(2.0, 5127.0)	(3.0, 0.0)	(4.0, 0.0)	(5.0, 0.0)	(6.0, 0.0)	(7.0, 0.0)	(8.0, 0.0)	(9.0, 0.0)	(10.0, 0.0)	(11.0, 0.0)	(12.0, 0.0)	(13.0, 0.0)	(14.0, 0.0)	(15.0, 0.0)	(16.0, 4.0)	(17.0, 70.0)	(18.0, 392.0)	(19.0, 1343.0)	(20.0, 3442.0)	(21.0, 7368.0)	(22.0, 13101.0)	(23.0, 23382.0)	(24.0, 40973.0)	(25.0, 68104.0)	(26.0, 104879.0)	(27.0, 150217.0)	(28.0, 201813.0)	(29.0, 260129.0)	(30.0, 331250.0)	(31.0, 423923.0)	(32.0, 568950.0)	(33.0, 870377.0)	(34.0, 1807785.0)	(35.0, 3422286.0)
SRR20277661_2	(2.0, 5922.0)	(3.0, 346.0)	(4.0, 37.0)	(5.0, 38.0)	(6.0, 74.0)	(7.0, 63.0)	(8.0, 80.0)	(9.0, 114.0)	(10.0, 195.0)	(11.0, 255.0)	(12.0, 345.0)	(13.0, 463.0)	(14.0, 800.0)	(15.0, 1719.0)	(16.0, 2967.0)	(17.0, 4602.0)	(18.0, 6339.0)	(19.0, 9517.0)	(20.0, 14119.0)	(21.0, 20295.0)	(22.0, 27949.0)	(23.0, 39483.0)	(24.0, 55770.0)	(25.0, 79291.0)	(26.0, 109188.0)	(27.0, 144131.0)	(28.0, 186004.0)	(29.0, 234269.0)	(30.0, 296645.0)	(31.0, 382186.0)	(32.0, 515756.0)	(33.0, 792019.0)	(34.0, 1720955.0)	(35.0, 3652979.0)
SRR20277662_1	(2.0, 5206.0)	(3.0, 0.0)	(4.0, 0.0)	(5.0, 0.0)	(6.0, 0.0)	(7.0, 0.0)	(8.0, 0.0)	(9.0, 0.0)	(10.0, 0.0)	(11.0, 0.0)	(12.0, 0.0)	(13.0, 0.0)	(14.0, 0.0)	(15.0, 0.0)	(16.0, 7.0)	(17.0, 62.0)	(18.0, 432.0)	(19.0, 1439.0)	(20.0, 3771.0)	(21.0, 7752.0)	(22.0, 14116.0)	(23.0, 25811.0)	(24.0, 45580.0)	(25.0, 75072.0)	(26.0, 115274.0)	(27.0, 163411.0)	(28.0, 218412.0)	(29.0, 280095.0)	(30.0, 353597.0)	(31.0, 449657.0)	(32.0, 606432.0)	(33.0, 927311.0)	(34.0, 1907731.0)	(35.0, 3363079.0)
SRR20277662_2	(2.0, 6137.0)	(3.0, 309.0)	(4.0, 112.0)	(5.0, 27.0)	(6.0, 59.0)	(7.0, 29.0)	(8.0, 59.0)	(9.0, 57.0)	(10.0, 93.0)	(11.0, 148.0)	(12.0, 204.0)	(13.0, 305.0)	(14.0, 608.0)	(15.0, 1509.0)	(16.0, 2589.0)	(17.0, 3848.0)	(18.0, 6119.0)	(19.0, 9187.0)	(20.0, 14239.0)	(21.0, 20695.0)	(22.0, 29007.0)	(23.0, 41128.0)	(24.0, 59700.0)	(25.0, 83853.0)	(26.0, 115683.0)	(27.0, 153827.0)	(28.0, 198182.0)	(29.0, 250067.0)	(30.0, 316161.0)	(31.0, 405277.0)	(32.0, 548045.0)	(33.0, 843834.0)	(34.0, 1833110.0)	(35.0, 3620040.0)
SRR20277663_1	(2.0, 4999.0)	(3.0, 0.0)	(4.0, 0.0)	(5.0, 0.0)	(6.0, 0.0)	(7.0, 0.0)	(8.0, 0.0)	(9.0, 0.0)	(10.0, 0.0)	(11.0, 0.0)	(12.0, 0.0)	(13.0, 0.0)	(14.0, 0.0)	(15.0, 0.0)	(16.0, 9.0)	(17.0, 75.0)	(18.0, 381.0)	(19.0, 1308.0)	(20.0, 3431.0)	(21.0, 7159.0)	(22.0, 13359.0)	(23.0, 23789.0)	(24.0, 42461.0)	(25.0, 71271.0)	(26.0, 110542.0)	(27.0, 157749.0)	(28.0, 211729.0)	(29.0, 272941.0)	(30.0, 343925.0)	(31.0, 439154.0)	(32.0, 588586.0)	(33.0, 895576.0)	(34.0, 1844304.0)	(35.0, 3351065.0)
SRR20277663_2	(2.0, 5704.0)	(3.0, 117.0)	(4.0, 29.0)	(5.0, 41.0)	(6.0, 52.0)	(7.0, 65.0)	(8.0, 78.0)	(9.0, 108.0)	(10.0, 142.0)	(11.0, 195.0)	(12.0, 200.0)	(13.0, 277.0)	(14.0, 455.0)	(15.0, 1174.0)	(16.0, 2191.0)	(17.0, 3551.0)	(18.0, 5474.0)	(19.0, 8766.0)	(20.0, 13442.0)	(21.0, 19598.0)	(22.0, 27417.0)	(23.0, 39452.0)	(24.0, 56940.0)	(25.0, 81016.0)	(26.0, 113087.0)	(27.0, 150492.0)	(28.0, 192776.0)	(29.0, 245666.0)	(30.0, 309677.0)	(31.0, 395426.0)	(32.0, 532700.0)	(33.0, 817471.0)	(34.0, 1760086.0)	(35.0, 3599948.0)
SRR20277664_1	(2.0, 4214.0)	(3.0, 0.0)	(4.0, 0.0)	(5.0, 0.0)	(6.0, 0.0)	(7.0, 0.0)	(8.0, 0.0)	(9.0, 0.0)	(10.0, 0.0)	(11.0, 0.0)	(12.0, 0.0)	(13.0, 0.0)	(14.0, 0.0)	(15.0, 1.0)	(16.0, 8.0)	(17.0, 94.0)	(18.0, 548.0)	(19.0, 2062.0)	(20.0, 5508.0)	(21.0, 10767.0)	(22.0, 17697.0)	(23.0, 29035.0)	(24.0, 47027.0)	(25.0, 73866.0)	(26.0, 110620.0)	(27.0, 153596.0)	(28.0, 204298.0)	(29.0, 264325.0)	(30.0, 334232.0)	(31.0, 428739.0)	(32.0, 579970.0)	(33.0, 892691.0)	(34.0, 1881083.0)	(35.0, 3616046.0)
SRR20277664_2	(2.0, 5431.0)	(3.0, 566.0)	(4.0, 289.0)	(5.0, 66.0)	(6.0, 79.0)	(7.0, 81.0)	(8.0, 89.0)	(9.0, 103.0)	(10.0, 137.0)	(11.0, 208.0)	(12.0, 354.0)	(13.0, 525.0)	(14.0, 998.0)	(15.0, 2123.0)	(16.0, 3639.0)	(17.0, 5737.0)	(18.0, 8620.0)	(19.0, 13780.0)	(20.0, 22297.0)	(21.0, 32229.0)	(22.0, 42815.0)	(23.0, 55880.0)	(24.0, 75019.0)	(25.0, 99992.0)	(26.0, 132013.0)	(27.0, 169376.0)	(28.0, 212478.0)	(29.0, 262756.0)	(30.0, 326565.0)	(31.0, 414509.0)	(32.0, 556346.0)	(33.0, 851180.0)	(34.0, 1820549.0)	(35.0, 3539598.0)
SRR20277665_1	(2.0, 3913.0)	(3.0, 0.0)	(4.0, 0.0)	(5.0, 0.0)	(6.0, 0.0)	(7.0, 0.0)	(8.0, 0.0)	(9.0, 0.0)	(10.0, 0.0)	(11.0, 0.0)	(12.0, 0.0)	(13.0, 0.0)	(14.0, 0.0)	(15.0, 1.0)	(16.0, 12.0)	(17.0, 97.0)	(18.0, 512.0)	(19.0, 1872.0)	(20.0, 5038.0)	(21.0, 10084.0)	(22.0, 17091.0)	(23.0, 27292.0)	(24.0, 44556.0)	(25.0, 70473.0)	(26.0, 105143.0)	(27.0, 147975.0)	(28.0, 197660.0)	(29.0, 255585.0)	(30.0, 323690.0)	(31.0, 415344.0)	(32.0, 559900.0)	(33.0, 857377.0)	(34.0, 1810378.0)	(35.0, 3592648.0)
SRR20277665_2	(2.0, 4850.0)	(3.0, 363.0)	(4.0, 47.0)	(5.0, 50.0)	(6.0, 83.0)	(7.0, 73.0)	(8.0, 97.0)	(9.0, 119.0)	(10.0, 167.0)	(11.0, 248.0)	(12.0, 333.0)	(13.0, 475.0)	(14.0, 897.0)	(15.0, 1848.0)	(16.0, 3332.0)	(17.0, 5171.0)	(18.0, 7739.0)	(19.0, 13499.0)	(20.0, 21203.0)	(21.0, 30845.0)	(22.0, 40868.0)	(23.0, 53264.0)	(24.0, 71255.0)	(25.0, 96166.0)	(26.0, 126298.0)	(27.0, 163011.0)	(28.0, 204096.0)	(29.0, 253631.0)	(30.0, 315886.0)	(31.0, 401459.0)	(32.0, 537610.0)	(33.0, 819627.0)	(34.0, 1754610.0)	(35.0, 3517421.0)
SRR20277666_1	(2.0, 3867.0)	(3.0, 0.0)	(4.0, 0.0)	(5.0, 0.0)	(6.0, 0.0)	(7.0, 0.0)	(8.0, 0.0)	(9.0, 0.0)	(10.0, 0.0)	(11.0, 0.0)	(12.0, 0.0)	(13.0, 0.0)	(14.0, 0.0)	(15.0, 0.0)	(16.0, 10.0)	(17.0, 74.0)	(18.0, 509.0)	(19.0, 1996.0)	(20.0, 5489.0)	(21.0, 10790.0)	(22.0, 18014.0)	(23.0, 30303.0)	(24.0, 48753.0)	(25.0, 77672.0)	(26.0, 114817.0)	(27.0, 160355.0)	(28.0, 214521.0)	(29.0, 274196.0)	(30.0, 346612.0)	(31.0, 441281.0)	(32.0, 598405.0)	(33.0, 916249.0)	(34.0, 1920793.0)	(35.0, 3543450.0)
SRR20277666_2	(2.0, 4825.0)	(3.0, 292.0)	(4.0, 119.0)	(5.0, 37.0)	(6.0, 48.0)	(7.0, 38.0)	(8.0, 46.0)	(9.0, 67.0)	(10.0, 90.0)	(11.0, 170.0)	(12.0, 214.0)	(13.0, 336.0)	(14.0, 700.0)	(15.0, 1618.0)	(16.0, 2815.0)	(17.0, 4461.0)	(18.0, 7689.0)	(19.0, 13491.0)	(20.0, 21973.0)	(21.0, 32067.0)	(22.0, 42824.0)	(23.0, 56770.0)	(24.0, 76487.0)	(25.0, 103201.0)	(26.0, 136715.0)	(27.0, 174927.0)	(28.0, 220162.0)	(29.0, 272652.0)	(30.0, 337684.0)	(31.0, 429204.0)	(32.0, 574106.0)	(33.0, 874123.0)	(34.0, 1866560.0)	(35.0, 3471645.0)
SRR20277667_1	(2.0, 3683.0)	(3.0, 0.0)	(4.0, 0.0)	(5.0, 0.0)	(6.0, 0.0)	(7.0, 0.0)	(8.0, 0.0)	(9.0, 0.0)	(10.0, 0.0)	(11.0, 0.0)	(12.0, 0.0)	(13.0, 0.0)	(14.0, 0.0)	(15.0, 0.0)	(16.0, 8.0)	(17.0, 87.0)	(18.0, 449.0)	(19.0, 1734.0)	(20.0, 4918.0)	(21.0, 10023.0)	(22.0, 16806.0)	(23.0, 27742.0)	(24.0, 46381.0)	(25.0, 73259.0)	(26.0, 110077.0)	(27.0, 155570.0)	(28.0, 207423.0)	(29.0, 267735.0)	(30.0, 338862.0)	(31.0, 432937.0)	(32.0, 581113.0)	(33.0, 885321.0)	(34.0, 1860666.0)	(35.0, 3529677.0)
SRR20277667_2	(2.0, 4486.0)	(3.0, 141.0)	(4.0, 16.0)	(5.0, 46.0)	(6.0, 44.0)	(7.0, 84.0)	(8.0, 99.0)	(9.0, 107.0)	(10.0, 142.0)	(11.0, 186.0)	(12.0, 235.0)	(13.0, 308.0)	(14.0, 517.0)	(15.0, 1270.0)	(16.0, 2409.0)	(17.0, 4187.0)	(18.0, 7025.0)	(19.0, 12273.0)	(20.0, 20342.0)	(21.0, 29766.0)	(22.0, 40461.0)	(23.0, 53863.0)	(24.0, 72673.0)	(25.0, 98252.0)	(26.0, 130487.0)	(27.0, 168322.0)	(28.0, 212416.0)	(29.0, 264052.0)	(30.0, 329073.0)	(31.0, 417204.0)	(32.0, 556932.0)	(33.0, 846138.0)	(34.0, 1804152.0)	(35.0, 3476763.0)
SRR20277668_1	(2.0, 18856.0)	(3.0, 0.0)	(4.0, 0.0)	(5.0, 0.0)	(6.0, 0.0)	(7.0, 0.0)	(8.0, 0.0)	(9.0, 0.0)	(10.0, 0.0)	(11.0, 0.0)	(12.0, 0.0)	(13.0, 0.0)	(14.0, 0.0)	(15.0, 1.0)	(16.0, 15.0)	(17.0, 129.0)	(18.0, 792.0)	(19.0, 2830.0)	(20.0, 7496.0)	(21.0, 14701.0)	(22.0, 23003.0)	(23.0, 35387.0)	(24.0, 54294.0)	(25.0, 82029.0)	(26.0, 119021.0)	(27.0, 163536.0)	(28.0, 214809.0)	(29.0, 274210.0)	(30.0, 343629.0)	(31.0, 437481.0)	(32.0, 588694.0)	(33.0, 898344.0)	(34.0, 1873773.0)	(35.0, 3829354.0)
SRR20277668_2	(2.0, 19408.0)	(3.0, 579.0)	(4.0, 274.0)	(5.0, 54.0)	(6.0, 79.0)	(7.0, 84.0)	(8.0, 82.0)	(9.0, 108.0)	(10.0, 151.0)	(11.0, 207.0)	(12.0, 334.0)	(13.0, 553.0)	(14.0, 971.0)	(15.0, 2122.0)	(16.0, 4116.0)	(17.0, 7217.0)	(18.0, 11488.0)	(19.0, 18283.0)	(20.0, 27727.0)	(21.0, 38597.0)	(22.0, 50921.0)	(23.0, 65659.0)	(24.0, 87015.0)	(25.0, 114931.0)	(26.0, 148979.0)	(27.0, 187761.0)	(28.0, 231465.0)	(29.0, 282712.0)	(30.0, 347242.0)	(31.0, 433669.0)	(32.0, 576022.0)	(33.0, 868306.0)	(34.0, 1830383.0)	(35.0, 3624885.0)
SRR20277669_1	(2.0, 17165.0)	(3.0, 0.0)	(4.0, 0.0)	(5.0, 0.0)	(6.0, 0.0)	(7.0, 0.0)	(8.0, 0.0)	(9.0, 0.0)	(10.0, 0.0)	(11.0, 0.0)	(12.0, 0.0)	(13.0, 0.0)	(14.0, 0.0)	(15.0, 1.0)	(16.0, 11.0)	(17.0, 129.0)	(18.0, 669.0)	(19.0, 2554.0)	(20.0, 7035.0)	(21.0, 14118.0)	(22.0, 21899.0)	(23.0, 33607.0)	(24.0, 51269.0)	(25.0, 78598.0)	(26.0, 113746.0)	(27.0, 157600.0)	(28.0, 208283.0)	(29.0, 267150.0)	(30.0, 335379.0)	(31.0, 426974.0)	(32.0, 572032.0)	(33.0, 870562.0)	(34.0, 1817506.0)	(35.0, 3832248.0)
SRR20277669_2	(2.0, 17229.0)	(3.0, 289.0)	(4.0, 37.0)	(5.0, 45.0)	(6.0, 79.0)	(7.0, 88.0)	(8.0, 80.0)	(9.0, 117.0)	(10.0, 199.0)	(11.0, 271.0)	(12.0, 395.0)	(13.0, 539.0)	(14.0, 876.0)	(15.0, 1895.0)	(16.0, 3607.0)	(17.0, 6649.0)	(18.0, 10802.0)	(19.0, 17565.0)	(20.0, 26494.0)	(21.0, 36682.0)	(22.0, 48394.0)	(23.0, 63673.0)	(24.0, 84627.0)	(25.0, 110743.0)	(26.0, 143819.0)	(27.0, 182385.0)	(28.0, 225270.0)	(29.0, 275905.0)	(30.0, 338686.0)	(31.0, 425673.0)	(32.0, 560908.0)	(33.0, 846651.0)	(34.0, 1776840.0)	(35.0, 3621023.0)
SRR20277670_1	(2.0, 17071.0)	(3.0, 0.0)	(4.0, 0.0)	(5.0, 0.0)	(6.0, 0.0)	(7.0, 0.0)	(8.0, 0.0)	(9.0, 0.0)	(10.0, 0.0)	(11.0, 0.0)	(12.0, 0.0)	(13.0, 0.0)	(14.0, 0.0)	(15.0, 2.0)	(16.0, 15.0)	(17.0, 133.0)	(18.0, 728.0)	(19.0, 2804.0)	(20.0, 7447.0)	(21.0, 14691.0)	(22.0, 23327.0)	(23.0, 36210.0)	(24.0, 56158.0)	(25.0, 85586.0)	(26.0, 125098.0)	(27.0, 172151.0)	(28.0, 225575.0)	(29.0, 286154.0)	(30.0, 358501.0)	(31.0, 455072.0)	(32.0, 608143.0)	(33.0, 925882.0)	(34.0, 1920171.0)	(35.0, 3783698.0)
SRR20277670_2	(2.0, 17346.0)	(3.0, 296.0)	(4.0, 124.0)	(5.0, 41.0)	(6.0, 47.0)	(7.0, 52.0)	(8.0, 45.0)	(9.0, 73.0)	(10.0, 105.0)	(11.0, 156.0)	(12.0, 222.0)	(13.0, 375.0)	(14.0, 666.0)	(15.0, 1633.0)	(16.0, 3242.0)	(17.0, 5892.0)	(18.0, 10762.0)	(19.0, 17909.0)	(20.0, 27601.0)	(21.0, 38218.0)	(22.0, 50810.0)	(23.0, 67186.0)	(24.0, 90013.0)	(25.0, 119612.0)	(26.0, 154809.0)	(27.0, 196106.0)	(28.0, 241552.0)	(29.0, 295462.0)	(30.0, 361793.0)	(31.0, 451793.0)	(32.0, 598077.0)	(33.0, 896120.0)	(34.0, 1877901.0)	(35.0, 3578578.0)
SRR20277671_1	(2.0, 16514.0)	(3.0, 0.0)	(4.0, 0.0)	(5.0, 0.0)	(6.0, 0.0)	(7.0, 0.0)	(8.0, 0.0)	(9.0, 0.0)	(10.0, 0.0)	(11.0, 0.0)	(12.0, 0.0)	(13.0, 0.0)	(14.0, 0.0)	(15.0, 2.0)	(16.0, 15.0)	(17.0, 97.0)	(18.0, 689.0)	(19.0, 2527.0)	(20.0, 6762.0)	(21.0, 13872.0)	(22.0, 22160.0)	(23.0, 33857.0)	(24.0, 53477.0)	(25.0, 80993.0)	(26.0, 118727.0)	(27.0, 165160.0)	(28.0, 218837.0)	(29.0, 280202.0)	(30.0, 350580.0)	(31.0, 443931.0)	(32.0, 594147.0)	(33.0, 901163.0)	(34.0, 1866516.0)	(35.0, 3774816.0)
SRR20277671_2	(2.0, 16428.0)	(3.0, 125.0)	(4.0, 31.0)	(5.0, 37.0)	(6.0, 44.0)	(7.0, 71.0)	(8.0, 83.0)	(9.0, 108.0)	(10.0, 163.0)	(11.0, 179.0)	(12.0, 225.0)	(13.0, 303.0)	(14.0, 562.0)	(15.0, 1349.0)	(16.0, 2929.0)	(17.0, 5561.0)	(18.0, 10010.0)	(19.0, 17136.0)	(20.0, 25801.0)	(21.0, 36505.0)	(22.0, 48184.0)	(23.0, 63394.0)	(24.0, 85879.0)	(25.0, 113728.0)	(26.0, 148452.0)	(27.0, 187722.0)	(28.0, 233572.0)	(29.0, 286465.0)	(30.0, 352764.0)	(31.0, 441140.0)	(32.0, 581700.0)	(33.0, 874094.0)	(34.0, 1822286.0)	(35.0, 3588014.0)
SRR20277672_1	(2.0, 7348.0)	(3.0, 0.0)	(4.0, 0.0)	(5.0, 0.0)	(6.0, 0.0)	(7.0, 0.0)	(8.0, 0.0)	(9.0, 0.0)	(10.0, 0.0)	(11.0, 0.0)	(12.0, 0.0)	(13.0, 0.0)	(14.0, 0.0)	(15.0, 0.0)	(16.0, 7.0)	(17.0, 52.0)	(18.0, 334.0)	(19.0, 1524.0)	(20.0, 4523.0)	(21.0, 10418.0)	(22.0, 17945.0)	(23.0, 28163.0)	(24.0, 45162.0)	(25.0, 70053.0)	(26.0, 104227.0)	(27.0, 146556.0)	(28.0, 196370.0)	(29.0, 254598.0)	(30.0, 326661.0)	(31.0, 421908.0)	(32.0, 577110.0)	(33.0, 900368.0)	(34.0, 1896020.0)	(35.0, 3377560.0)
SRR20277672_2	(2.0, 8250.0)	(3.0, 495.0)	(4.0, 264.0)	(5.0, 56.0)	(6.0, 64.0)	(7.0, 80.0)	(8.0, 87.0)	(9.0, 98.0)	(10.0, 134.0)	(11.0, 170.0)	(12.0, 264.0)	(13.0, 481.0)	(14.0, 851.0)	(15.0, 1877.0)	(16.0, 3177.0)	(17.0, 4557.0)	(18.0, 6023.0)	(19.0, 9337.0)	(20.0, 14467.0)	(21.0, 21414.0)	(22.0, 29654.0)	(23.0, 40926.0)	(24.0, 57544.0)	(25.0, 80108.0)	(26.0, 109288.0)	(27.0, 144590.0)	(28.0, 186778.0)	(29.0, 236365.0)	(30.0, 301792.0)	(31.0, 387175.0)	(32.0, 527304.0)	(33.0, 821733.0)	(34.0, 1801948.0)	(35.0, 3589556.0)
SRR20277673_1	(2.0, 6452.0)	(3.0, 0.0)	(4.0, 0.0)	(5.0, 0.0)	(6.0, 0.0)	(7.0, 0.0)	(8.0, 0.0)	(9.0, 0.0)	(10.0, 0.0)	(11.0, 0.0)	(12.0, 0.0)	(13.0, 0.0)	(14.0, 0.0)	(15.0, 0.0)	(16.0, 7.0)	(17.0, 47.0)	(18.0, 336.0)	(19.0, 1332.0)	(20.0, 4331.0)	(21.0, 9477.0)	(22.0, 16101.0)	(23.0, 26075.0)	(24.0, 42135.0)	(25.0, 66089.0)	(26.0, 98424.0)	(27.0, 139863.0)	(28.0, 188718.0)	(29.0, 244865.0)	(30.0, 313610.0)	(31.0, 404791.0)	(32.0, 554103.0)	(33.0, 859495.0)	(34.0, 1813003.0)	(35.0, 3296332.0)
SRR20277673_2	(2.0, 7195.0)	(3.0, 275.0)	(4.0, 42.0)	(5.0, 32.0)	(6.0, 51.0)	(7.0, 55.0)	(8.0, 83.0)	(9.0, 107.0)	(10.0, 147.0)	(11.0, 235.0)	(12.0, 313.0)	(13.0, 429.0)	(14.0, 742.0)	(15.0, 1574.0)	(16.0, 2715.0)	(17.0, 3880.0)	(18.0, 5253.0)	(19.0, 8764.0)	(20.0, 13339.0)	(21.0, 19605.0)	(22.0, 26993.0)	(23.0, 37590.0)	(24.0, 52625.0)	(25.0, 73495.0)	(26.0, 100837.0)	(27.0, 133414.0)	(28.0, 173836.0)	(29.0, 222429.0)	(30.0, 283633.0)	(31.0, 368008.0)	(32.0, 501957.0)	(33.0, 779733.0)	(34.0, 1714698.0)	(35.0, 3551502.0)
SRR20277674_1	(2.0, 6585.0)	(3.0, 0.0)	(4.0, 0.0)	(5.0, 0.0)	(6.0, 0.0)	(7.0, 0.0)	(8.0, 0.0)	(9.0, 0.0)	(10.0, 0.0)	(11.0, 0.0)	(12.0, 0.0)	(13.0, 0.0)	(14.0, 0.0)	(15.0, 0.0)	(16.0, 3.0)	(17.0, 47.0)	(18.0, 300.0)	(19.0, 1502.0)	(20.0, 4487.0)	(21.0, 10103.0)	(22.0, 17825.0)	(23.0, 28785.0)	(24.0, 46318.0)	(25.0, 72064.0)	(26.0, 107477.0)	(27.0, 151500.0)	(28.0, 202728.0)	(29.0, 262980.0)	(30.0, 334986.0)	(31.0, 432167.0)	(32.0, 590770.0)	(33.0, 918389.0)	(34.0, 1919994.0)	(35.0, 3258538.0)
SRR20277674_2	(2.0, 7253.0)	(3.0, 278.0)	(4.0, 106.0)	(5.0, 25.0)	(6.0, 38.0)	(7.0, 37.0)	(8.0, 29.0)	(9.0, 52.0)	(10.0, 97.0)	(11.0, 129.0)	(12.0, 180.0)	(13.0, 302.0)	(14.0, 535.0)	(15.0, 1322.0)	(16.0, 2262.0)	(17.0, 3107.0)	(18.0, 5313.0)	(19.0, 8666.0)	(20.0, 13908.0)	(21.0, 20476.0)	(22.0, 28833.0)	(23.0, 40461.0)	(24.0, 57530.0)	(25.0, 80807.0)	(26.0, 110298.0)	(27.0, 146797.0)	(28.0, 189403.0)	(29.0, 241322.0)	(30.0, 306101.0)	(31.0, 395743.0)	(32.0, 538442.0)	(33.0, 834626.0)	(34.0, 1827666.0)	(35.0, 3505404.0)
SRR20277675_1	(2.0, 6023.0)	(3.0, 0.0)	(4.0, 0.0)	(5.0, 0.0)	(6.0, 0.0)	(7.0, 0.0)	(8.0, 0.0)	(9.0, 0.0)	(10.0, 0.0)	(11.0, 0.0)	(12.0, 0.0)	(13.0, 0.0)	(14.0, 0.0)	(15.0, 0.0)	(16.0, 3.0)	(17.0, 38.0)	(18.0, 273.0)	(19.0, 1269.0)	(20.0, 4138.0)	(21.0, 9377.0)	(22.0, 16160.0)	(23.0, 26458.0)	(24.0, 42652.0)	(25.0, 67528.0)	(26.0, 101430.0)	(27.0, 144174.0)	(28.0, 195570.0)	(29.0, 253502.0)	(30.0, 324586.0)	(31.0, 417704.0)	(32.0, 567596.0)	(33.0, 880346.0)	(34.0, 1842915.0)	(35.0, 3165571.0)
SRR20277675_2	(2.0, 6660.0)	(3.0, 112.0)	(4.0, 26.0)	(5.0, 21.0)	(6.0, 49.0)	(7.0, 55.0)	(8.0, 77.0)	(9.0, 108.0)	(10.0, 135.0)	(11.0, 164.0)	(12.0, 217.0)	(13.0, 273.0)	(14.0, 395.0)	(15.0, 1053.0)	(16.0, 1921.0)	(17.0, 2929.0)	(18.0, 4702.0)	(19.0, 7833.0)	(20.0, 12338.0)	(21.0, 18475.0)	(22.0, 25752.0)	(23.0, 36228.0)	(24.0, 51497.0)	(25.0, 71946.0)	(26.0, 99290.0)	(27.0, 133098.0)	(28.0, 174015.0)	(29.0, 224257.0)	(30.0, 287201.0)	(31.0, 372045.0)	(32.0, 509086.0)	(33.0, 791650.0)	(34.0, 1739420.0)	(35.0, 3494285.0)
SRR20277676_1	(2.0, 7932.0)	(3.0, 0.0)	(4.0, 0.0)	(5.0, 0.0)	(6.0, 0.0)	(7.0, 0.0)	(8.0, 0.0)	(9.0, 0.0)	(10.0, 0.0)	(11.0, 0.0)	(12.0, 0.0)	(13.0, 0.0)	(14.0, 0.0)	(15.0, 0.0)	(16.0, 0.0)	(17.0, 21.0)	(18.0, 164.0)	(19.0, 808.0)	(20.0, 2624.0)	(21.0, 6268.0)	(22.0, 12072.0)	(23.0, 20724.0)	(24.0, 34703.0)	(25.0, 55512.0)	(26.0, 84302.0)	(27.0, 119405.0)	(28.0, 162013.0)	(29.0, 210399.0)	(30.0, 270185.0)	(31.0, 352427.0)	(32.0, 484156.0)	(33.0, 755218.0)	(34.0, 1614058.0)	(35.0, 3149704.0)
SRR20277676_2	(2.0, 8726.0)	(3.0, 482.0)	(4.0, 260.0)	(5.0, 46.0)	(6.0, 56.0)	(7.0, 74.0)	(8.0, 71.0)	(9.0, 78.0)	(10.0, 112.0)	(11.0, 160.0)	(12.0, 264.0)	(13.0, 429.0)	(14.0, 782.0)	(15.0, 1680.0)	(16.0, 2688.0)	(17.0, 3577.0)	(18.0, 4779.0)	(19.0, 7394.0)	(20.0, 11711.0)	(21.0, 17975.0)	(22.0, 25914.0)	(23.0, 37383.0)	(24.0, 53436.0)	(25.0, 75172.0)	(26.0, 101832.0)	(27.0, 133219.0)	(28.0, 169279.0)	(29.0, 211272.0)	(30.0, 264512.0)	(31.0, 337950.0)	(32.0, 456973.0)	(33.0, 704726.0)	(34.0, 1530166.0)	(35.0, 3179517.0)
SRR20277677_1	(2.0, 6276.0)	(3.0, 0.0)	(4.0, 0.0)	(5.0, 0.0)	(6.0, 0.0)	(7.0, 0.0)	(8.0, 0.0)	(9.0, 0.0)	(10.0, 0.0)	(11.0, 0.0)	(12.0, 0.0)	(13.0, 0.0)	(14.0, 0.0)	(15.0, 0.0)	(16.0, 3.0)	(17.0, 14.0)	(18.0, 127.0)	(19.0, 690.0)	(20.0, 2597.0)	(21.0, 5891.0)	(22.0, 11419.0)	(23.0, 19207.0)	(24.0, 32972.0)	(25.0, 53497.0)	(26.0, 81427.0)	(27.0, 116278.0)	(28.0, 157143.0)	(29.0, 206490.0)	(30.0, 265499.0)	(31.0, 343569.0)	(32.0, 467365.0)	(33.0, 728799.0)	(34.0, 1558785.0)	(35.0, 3141499.0)
SRR20277677_2	(2.0, 6698.0)	(3.0, 294.0)	(4.0, 42.0)	(5.0, 32.0)	(6.0, 55.0)	(7.0, 48.0)	(8.0, 68.0)	(9.0, 89.0)	(10.0, 131.0)	(11.0, 220.0)	(12.0, 303.0)	(13.0, 390.0)	(14.0, 674.0)	(15.0, 1400.0)	(16.0, 2422.0)	(17.0, 3427.0)	(18.0, 4315.0)	(19.0, 7148.0)	(20.0, 11225.0)	(21.0, 17134.0)	(22.0, 25030.0)	(23.0, 36194.0)	(24.0, 52474.0)	(25.0, 73361.0)	(26.0, 99634.0)	(27.0, 129692.0)	(28.0, 164652.0)	(29.0, 206569.0)	(30.0, 259658.0)	(31.0, 331524.0)	(32.0, 444964.0)	(33.0, 683965.0)	(34.0, 1477122.0)	(35.0, 3158593.0)
SRR20277678_1	(2.0, 5432.0)	(3.0, 0.0)	(4.0, 0.0)	(5.0, 0.0)	(6.0, 0.0)	(7.0, 0.0)	(8.0, 0.0)	(9.0, 0.0)	(10.0, 0.0)	(11.0, 0.0)	(12.0, 0.0)	(13.0, 0.0)	(14.0, 0.0)	(15.0, 0.0)	(16.0, 2.0)	(17.0, 29.0)	(18.0, 142.0)	(19.0, 742.0)	(20.0, 2584.0)	(21.0, 6395.0)	(22.0, 12301.0)	(23.0, 21149.0)	(24.0, 35564.0)	(25.0, 58017.0)	(26.0, 87918.0)	(27.0, 125128.0)	(28.0, 169106.0)	(29.0, 219561.0)	(30.0, 282348.0)	(31.0, 364663.0)	(32.0, 498963.0)	(33.0, 774905.0)	(34.0, 1648375.0)	(35.0, 3093730.0)
SRR20277678_2	(2.0, 5832.0)	(3.0, 267.0)	(4.0, 98.0)	(5.0, 27.0)	(6.0, 47.0)	(7.0, 38.0)	(8.0, 39.0)	(9.0, 44.0)	(10.0, 72.0)	(11.0, 108.0)	(12.0, 171.0)	(13.0, 257.0)	(14.0, 491.0)	(15.0, 1285.0)	(16.0, 1935.0)	(17.0, 2657.0)	(18.0, 4226.0)	(19.0, 6757.0)	(20.0, 11291.0)	(21.0, 17616.0)	(22.0, 26150.0)	(23.0, 37513.0)	(24.0, 55100.0)	(25.0, 77019.0)	(26.0, 105364.0)	(27.0, 137907.0)	(28.0, 176433.0)	(29.0, 219209.0)	(30.0, 274883.0)	(31.0, 350929.0)	(32.0, 470977.0)	(33.0, 725279.0)	(34.0, 1565226.0)	(35.0, 3131807.0)
SRR20277679_1	(2.0, 5957.0)	(3.0, 0.0)	(4.0, 0.0)	(5.0, 0.0)	(6.0, 0.0)	(7.0, 0.0)	(8.0, 0.0)	(9.0, 0.0)	(10.0, 0.0)	(11.0, 0.0)	(12.0, 0.0)	(13.0, 0.0)	(14.0, 0.0)	(15.0, 0.0)	(16.0, 3.0)	(17.0, 22.0)	(18.0, 139.0)	(19.0, 690.0)	(20.0, 2472.0)	(21.0, 5936.0)	(22.0, 11229.0)	(23.0, 19935.0)	(24.0, 34420.0)	(25.0, 55696.0)	(26.0, 85207.0)	(27.0, 121930.0)	(28.0, 165189.0)	(29.0, 216504.0)	(30.0, 277033.0)	(31.0, 356751.0)	(32.0, 485260.0)	(33.0, 753283.0)	(34.0, 1596350.0)	(35.0, 3081520.0)
SRR20277679_2	(2.0, 6249.0)	(3.0, 103.0)	(4.0, 25.0)	(5.0, 28.0)	(6.0, 51.0)	(7.0, 60.0)	(8.0, 75.0)	(9.0, 90.0)	(10.0, 131.0)	(11.0, 161.0)	(12.0, 196.0)	(13.0, 228.0)	(14.0, 426.0)	(15.0, 994.0)	(16.0, 1729.0)	(17.0, 2481.0)	(18.0, 3765.0)	(19.0, 6500.0)	(20.0, 10869.0)	(21.0, 16823.0)	(22.0, 24958.0)	(23.0, 36822.0)	(24.0, 53511.0)	(25.0, 75207.0)	(26.0, 103149.0)	(27.0, 135039.0)	(28.0, 171993.0)	(29.0, 215507.0)	(30.0, 269146.0)	(31.0, 343146.0)	(32.0, 461349.0)	(33.0, 703899.0)	(34.0, 1513105.0)	(35.0, 3117711.0)
SRR20277680_1	(2.0, 3006.0)	(3.0, 0.0)	(4.0, 0.0)	(5.0, 0.0)	(6.0, 0.0)	(7.0, 0.0)	(8.0, 0.0)	(9.0, 0.0)	(10.0, 0.0)	(11.0, 0.0)	(12.0, 0.0)	(13.0, 0.0)	(14.0, 0.0)	(15.0, 2.0)	(16.0, 6.0)	(17.0, 59.0)	(18.0, 376.0)	(19.0, 1692.0)	(20.0, 5192.0)	(21.0, 10804.0)	(22.0, 18355.0)	(23.0, 29552.0)	(24.0, 47390.0)	(25.0, 74059.0)	(26.0, 109840.0)	(27.0, 155016.0)	(28.0, 207758.0)	(29.0, 268248.0)	(30.0, 342070.0)	(31.0, 440468.0)	(32.0, 598982.0)	(33.0, 927063.0)	(34.0, 1976285.0)	(35.0, 3876216.0)
SRR20277680_2	(2.0, 4314.0)	(3.0, 592.0)	(4.0, 285.0)	(5.0, 61.0)	(6.0, 72.0)	(7.0, 81.0)	(8.0, 91.0)	(9.0, 99.0)	(10.0, 133.0)	(11.0, 212.0)	(12.0, 335.0)	(13.0, 489.0)	(14.0, 949.0)	(15.0, 2170.0)	(16.0, 3584.0)	(17.0, 5223.0)	(18.0, 7260.0)	(19.0, 11202.0)	(20.0, 16990.0)	(21.0, 25834.0)	(22.0, 36583.0)	(23.0, 50817.0)	(24.0, 71393.0)	(25.0, 97740.0)	(26.0, 130632.0)	(27.0, 169791.0)	(28.0, 214719.0)	(29.0, 267416.0)	(30.0, 332557.0)	(31.0, 424242.0)	(32.0, 568627.0)	(33.0, 874047.0)	(34.0, 1898178.0)	(35.0, 3875721.0)
SRR20277681_1	(2.0, 2571.0)	(3.0, 0.0)	(4.0, 0.0)	(5.0, 0.0)	(6.0, 0.0)	(7.0, 0.0)	(8.0, 0.0)	(9.0, 0.0)	(10.0, 0.0)	(11.0, 0.0)	(12.0, 0.0)	(13.0, 0.0)	(14.0, 0.0)	(15.0, 0.0)	(16.0, 9.0)	(17.0, 52.0)	(18.0, 349.0)	(19.0, 1514.0)	(20.0, 4610.0)	(21.0, 10205.0)	(22.0, 17400.0)	(23.0, 27632.0)	(24.0, 44593.0)	(25.0, 70480.0)	(26.0, 105393.0)	(27.0, 149741.0)	(28.0, 200528.0)	(29.0, 261143.0)	(30.0, 332314.0)	(31.0, 428171.0)	(32.0, 580286.0)	(33.0, 894792.0)	(34.0, 1908101.0)	(35.0, 3833668.0)
SRR20277681_2	(2.0, 3677.0)	(3.0, 356.0)	(4.0, 33.0)	(5.0, 50.0)	(6.0, 63.0)	(7.0, 76.0)	(8.0, 95.0)	(9.0, 127.0)	(10.0, 182.0)	(11.0, 244.0)	(12.0, 353.0)	(13.0, 525.0)	(14.0, 882.0)	(15.0, 1874.0)	(16.0, 3146.0)	(17.0, 4755.0)	(18.0, 6503.0)	(19.0, 10736.0)	(20.0, 16644.0)	(21.0, 25223.0)	(22.0, 35576.0)	(23.0, 49278.0)	(24.0, 69545.0)	(25.0, 94717.0)	(26.0, 126811.0)	(27.0, 164507.0)	(28.0, 207407.0)	(29.0, 259350.0)	(30.0, 324189.0)	(31.0, 411273.0)	(32.0, 552077.0)	(33.0, 846046.0)	(34.0, 1827573.0)	(35.0, 3829659.0)
SRR20277682_1	(2.0, 2512.0)	(3.0, 0.0)	(4.0, 0.0)	(5.0, 0.0)	(6.0, 0.0)	(7.0, 0.0)	(8.0, 0.0)	(9.0, 0.0)	(10.0, 0.0)	(11.0, 0.0)	(12.0, 0.0)	(13.0, 0.0)	(14.0, 0.0)	(15.0, 1.0)	(16.0, 7.0)	(17.0, 50.0)	(18.0, 361.0)	(19.0, 1605.0)	(20.0, 4976.0)	(21.0, 10868.0)	(22.0, 18677.0)	(23.0, 30394.0)	(24.0, 48940.0)	(25.0, 76801.0)	(26.0, 114434.0)	(27.0, 161167.0)	(28.0, 216287.0)	(29.0, 278571.0)	(30.0, 355027.0)	(31.0, 455730.0)	(32.0, 616693.0)	(33.0, 952571.0)	(34.0, 2018632.0)	(35.0, 3786463.0)
SRR20277682_2	(2.0, 3601.0)	(3.0, 346.0)	(4.0, 111.0)	(5.0, 40.0)	(6.0, 40.0)	(7.0, 47.0)	(8.0, 51.0)	(9.0, 56.0)	(10.0, 78.0)	(11.0, 138.0)	(12.0, 209.0)	(13.0, 337.0)	(14.0, 631.0)	(15.0, 1581.0)	(16.0, 2652.0)	(17.0, 3904.0)	(18.0, 6404.0)	(19.0, 10403.0)	(20.0, 16639.0)	(21.0, 25395.0)	(22.0, 36230.0)	(23.0, 51163.0)	(24.0, 72001.0)	(25.0, 99544.0)	(26.0, 133965.0)	(27.0, 173998.0)	(28.0, 220134.0)	(29.0, 274471.0)	(30.0, 342893.0)	(31.0, 436060.0)	(32.0, 584877.0)	(33.0, 896518.0)	(34.0, 1940776.0)	(35.0, 3815474.0)
SRR20277683_1	(2.0, 2387.0)	(3.0, 0.0)	(4.0, 0.0)	(5.0, 0.0)	(6.0, 0.0)	(7.0, 0.0)	(8.0, 0.0)	(9.0, 0.0)	(10.0, 0.0)	(11.0, 0.0)	(12.0, 0.0)	(13.0, 0.0)	(14.0, 0.0)	(15.0, 0.0)	(16.0, 4.0)	(17.0, 53.0)	(18.0, 310.0)	(19.0, 1444.0)	(20.0, 4460.0)	(21.0, 10124.0)	(22.0, 17523.0)	(23.0, 28629.0)	(24.0, 46049.0)	(25.0, 73261.0)	(26.0, 109995.0)	(27.0, 155842.0)	(28.0, 210369.0)	(29.0, 273083.0)	(30.0, 347041.0)	(31.0, 443290.0)	(32.0, 601811.0)	(33.0, 924161.0)	(34.0, 1954550.0)	(35.0, 3727207.0)
SRR20277683_2	(2.0, 3300.0)	(3.0, 127.0)	(4.0, 26.0)	(5.0, 32.0)	(6.0, 56.0)	(7.0, 66.0)	(8.0, 88.0)	(9.0, 122.0)	(10.0, 157.0)	(11.0, 181.0)	(12.0, 239.0)	(13.0, 290.0)	(14.0, 531.0)	(15.0, 1352.0)	(16.0, 2311.0)	(17.0, 3663.0)	(18.0, 5822.0)	(19.0, 9981.0)	(20.0, 15827.0)	(21.0, 24459.0)	(22.0, 34103.0)	(23.0, 48208.0)	(24.0, 68448.0)	(25.0, 95221.0)	(26.0, 127224.0)	(27.0, 166927.0)	(28.0, 210567.0)	(29.0, 264158.0)	(30.0, 330802.0)	(31.0, 421780.0)	(32.0, 566881.0)	(33.0, 864357.0)	(34.0, 1864968.0)	(35.0, 3799319.0)
SRR20277684_1	(2.0, 5830.0)	(3.0, 0.0)	(4.0, 0.0)	(5.0, 0.0)	(6.0, 0.0)	(7.0, 0.0)	(8.0, 0.0)	(9.0, 0.0)	(10.0, 0.0)	(11.0, 0.0)	(12.0, 0.0)	(13.0, 0.0)	(14.0, 0.0)	(15.0, 0.0)	(16.0, 5.0)	(17.0, 45.0)	(18.0, 320.0)	(19.0, 1461.0)	(20.0, 4641.0)	(21.0, 10565.0)	(22.0, 18781.0)	(23.0, 30456.0)	(24.0, 49208.0)	(25.0, 77325.0)	(26.0, 115210.0)	(27.0, 161903.0)	(28.0, 217766.0)	(29.0, 283584.0)	(30.0, 362340.0)	(31.0, 468229.0)	(32.0, 637293.0)	(33.0, 988113.0)	(34.0, 2107311.0)	(35.0, 4226549.0)
SRR20277684_2	(2.0, 7262.0)	(3.0, 608.0)	(4.0, 329.0)	(5.0, 59.0)	(6.0, 70.0)	(7.0, 103.0)	(8.0, 110.0)	(9.0, 114.0)	(10.0, 159.0)	(11.0, 219.0)	(12.0, 371.0)	(13.0, 605.0)	(14.0, 1067.0)	(15.0, 2226.0)	(16.0, 3780.0)	(17.0, 5513.0)	(18.0, 8103.0)	(19.0, 12975.0)	(20.0, 20221.0)	(21.0, 29371.0)	(22.0, 40767.0)	(23.0, 57161.0)	(24.0, 79900.0)	(25.0, 108775.0)	(26.0, 144209.0)	(27.0, 186508.0)	(28.0, 234867.0)	(29.0, 291566.0)	(30.0, 361199.0)	(31.0, 458962.0)	(32.0, 617677.0)	(33.0, 949893.0)	(34.0, 2049123.0)	(35.0, 4093063.0)
SRR20277685_1	(2.0, 5109.0)	(3.0, 0.0)	(4.0, 0.0)	(5.0, 0.0)	(6.0, 0.0)	(7.0, 0.0)	(8.0, 0.0)	(9.0, 0.0)	(10.0, 0.0)	(11.0, 0.0)	(12.0, 0.0)	(13.0, 0.0)	(14.0, 0.0)	(15.0, 0.0)	(16.0, 2.0)	(17.0, 40.0)	(18.0, 299.0)	(19.0, 1379.0)	(20.0, 4381.0)	(21.0, 10026.0)	(22.0, 17803.0)	(23.0, 28951.0)	(24.0, 47162.0)	(25.0, 74468.0)	(26.0, 111220.0)	(27.0, 158212.0)	(28.0, 212262.0)	(29.0, 275721.0)	(30.0, 351558.0)	(31.0, 456390.0)	(32.0, 617674.0)	(33.0, 956953.0)	(34.0, 2038727.0)	(35.0, 4260328.0)
SRR20277685_2	(2.0, 6246.0)	(3.0, 392.0)	(4.0, 45.0)	(5.0, 42.0)	(6.0, 66.0)	(7.0, 74.0)	(8.0, 96.0)	(9.0, 141.0)	(10.0, 211.0)	(11.0, 270.0)	(12.0, 396.0)	(13.0, 537.0)	(14.0, 943.0)	(15.0, 1990.0)	(16.0, 3441.0)	(17.0, 5160.0)	(18.0, 7612.0)	(19.0, 12734.0)	(20.0, 19602.0)	(21.0, 29192.0)	(22.0, 40557.0)	(23.0, 56678.0)	(24.0, 78917.0)	(25.0, 108011.0)	(26.0, 143903.0)	(27.0, 184515.0)	(28.0, 231404.0)	(29.0, 286710.0)	(30.0, 356555.0)	(31.0, 451274.0)	(32.0, 604488.0)	(33.0, 924581.0)	(34.0, 1990218.0)	(35.0, 4081664.0)
SRR20277686_1	(2.0, 5183.0)	(3.0, 0.0)	(4.0, 0.0)	(5.0, 0.0)	(6.0, 0.0)	(7.0, 0.0)	(8.0, 0.0)	(9.0, 0.0)	(10.0, 0.0)	(11.0, 0.0)	(12.0, 0.0)	(13.0, 0.0)	(14.0, 0.0)	(15.0, 2.0)	(16.0, 3.0)	(17.0, 42.0)	(18.0, 318.0)	(19.0, 1367.0)	(20.0, 4529.0)	(21.0, 10570.0)	(22.0, 18940.0)	(23.0, 31242.0)	(24.0, 50962.0)	(25.0, 80812.0)	(26.0, 120982.0)	(27.0, 170354.0)	(28.0, 228258.0)	(29.0, 295863.0)	(30.0, 376479.0)	(31.0, 484273.0)	(32.0, 657631.0)	(33.0, 1016761.0)	(34.0, 2156655.0)	(35.0, 4167803.0)
SRR20277686_2	(2.0, 6342.0)	(3.0, 298.0)	(4.0, 135.0)	(5.0, 33.0)	(6.0, 49.0)	(7.0, 52.0)	(8.0, 49.0)	(9.0, 73.0)	(10.0, 108.0)	(11.0, 163.0)	(12.0, 246.0)	(13.0, 357.0)	(14.0, 703.0)	(15.0, 1696.0)	(16.0, 2825.0)	(17.0, 4181.0)	(18.0, 7177.0)	(19.0, 12327.0)	(20.0, 19853.0)	(21.0, 29102.0)	(22.0, 41448.0)	(23.0, 58656.0)	(24.0, 81958.0)	(25.0, 112520.0)	(26.0, 150221.0)	(27.0, 193862.0)	(28.0, 243983.0)	(29.0, 302735.0)	(30.0, 377010.0)	(31.0, 476174.0)	(32.0, 637252.0)	(33.0, 979525.0)	(34.0, 2101497.0)	(35.0, 4036419.0)
SRR20277687_1	(2.0, 5201.0)	(3.0, 0.0)	(4.0, 0.0)	(5.0, 0.0)	(6.0, 0.0)	(7.0, 0.0)	(8.0, 0.0)	(9.0, 0.0)	(10.0, 0.0)	(11.0, 0.0)	(12.0, 0.0)	(13.0, 0.0)	(14.0, 0.0)	(15.0, 1.0)	(16.0, 5.0)	(17.0, 33.0)	(18.0, 279.0)	(19.0, 1327.0)	(20.0, 4438.0)	(21.0, 9740.0)	(22.0, 17890.0)	(23.0, 29290.0)	(24.0, 48704.0)	(25.0, 77593.0)	(26.0, 116381.0)	(27.0, 166183.0)	(28.0, 223788.0)	(29.0, 291021.0)	(30.0, 370387.0)	(31.0, 474759.0)	(32.0, 641314.0)	(33.0, 989721.0)	(34.0, 2096685.0)	(35.0, 4207885.0)
SRR20277687_2	(2.0, 6069.0)	(3.0, 122.0)	(4.0, 30.0)	(5.0, 33.0)	(6.0, 53.0)	(7.0, 71.0)	(8.0, 93.0)	(9.0, 128.0)	(10.0, 197.0)	(11.0, 198.0)	(12.0, 274.0)	(13.0, 350.0)	(14.0, 565.0)	(15.0, 1346.0)	(16.0, 2538.0)	(17.0, 4115.0)	(18.0, 7039.0)	(19.0, 11937.0)	(20.0, 19063.0)	(21.0, 28585.0)	(22.0, 40336.0)	(23.0, 57359.0)	(24.0, 80725.0)	(25.0, 111377.0)	(26.0, 149284.0)	(27.0, 191685.0)	(28.0, 242107.0)	(29.0, 300345.0)	(30.0, 372221.0)	(31.0, 470091.0)	(32.0, 626778.0)	(33.0, 959949.0)	(34.0, 2041502.0)	(35.0, 4046060.0)
SRR22894976_1	(2.0, 2020362.0)	(3.0, 0.0)	(4.0, 0.0)	(5.0, 0.0)	(6.0, 0.0)	(7.0, 0.0)	(8.0, 0.0)	(9.0, 0.0)	(10.0, 0.0)	(11.0, 0.0)	(12.0, 0.0)	(13.0, 0.0)	(14.0, 0.0)	(15.0, 0.0)	(16.0, 1.0)	(17.0, 13.0)	(18.0, 87.0)	(19.0, 350.0)	(20.0, 987.0)	(21.0, 2097.0)	(22.0, 3274.0)	(23.0, 4945.0)	(24.0, 6908.0)	(25.0, 10870.0)	(26.0, 18437.0)	(27.0, 31565.0)	(28.0, 51423.0)	(29.0, 80426.0)	(30.0, 123927.0)	(31.0, 195728.0)	(32.0, 340127.0)	(33.0, 715849.0)	(34.0, 1634614.0)	(35.0, 961052.0)
SRR22894976_2	(2.0, 2012185.0)	(3.0, 229.0)	(4.0, 59.0)	(5.0, 47.0)	(6.0, 72.0)	(7.0, 97.0)	(8.0, 141.0)	(9.0, 190.0)	(10.0, 237.0)	(11.0, 322.0)	(12.0, 511.0)	(13.0, 917.0)	(14.0, 656.0)	(15.0, 241.0)	(16.0, 553.0)	(17.0, 1648.0)	(18.0, 5277.0)	(19.0, 10834.0)	(20.0, 14099.0)	(21.0, 15680.0)	(22.0, 18303.0)	(23.0, 23235.0)	(24.0, 30026.0)	(25.0, 38826.0)	(26.0, 53081.0)	(27.0, 72076.0)	(28.0, 97402.0)	(29.0, 131214.0)	(30.0, 180128.0)	(31.0, 260518.0)	(32.0, 430340.0)	(33.0, 860019.0)	(34.0, 1512865.0)	(35.0, 431014.0)
SRR22894977_1	(2.0, 1930180.0)	(3.0, 0.0)	(4.0, 0.0)	(5.0, 0.0)	(6.0, 0.0)	(7.0, 0.0)	(8.0, 0.0)	(9.0, 0.0)	(10.0, 0.0)	(11.0, 0.0)	(12.0, 0.0)	(13.0, 0.0)	(14.0, 0.0)	(15.0, 0.0)	(16.0, 1.0)	(17.0, 15.0)	(18.0, 85.0)	(19.0, 362.0)	(20.0, 959.0)	(21.0, 2118.0)	(22.0, 3310.0)	(23.0, 4841.0)	(24.0, 6680.0)	(25.0, 10519.0)	(26.0, 17511.0)	(27.0, 29663.0)	(28.0, 48027.0)	(29.0, 74717.0)	(30.0, 114532.0)	(31.0, 177318.0)	(32.0, 296630.0)	(33.0, 611138.0)	(34.0, 1611066.0)	(35.0, 1368163.0)
SRR22894977_2	(2.0, 1925388.0)	(3.0, 112.0)	(4.0, 24.0)	(5.0, 41.0)	(6.0, 85.0)	(7.0, 99.0)	(8.0, 120.0)	(9.0, 160.0)	(10.0, 229.0)	(11.0, 345.0)	(12.0, 587.0)	(13.0, 921.0)	(14.0, 431.0)	(15.0, 239.0)	(16.0, 549.0)	(17.0, 1541.0)	(18.0, 4684.0)	(19.0, 10269.0)	(20.0, 15223.0)	(21.0, 17217.0)	(22.0, 18842.0)	(23.0, 23727.0)	(24.0, 29836.0)	(25.0, 38137.0)	(26.0, 51197.0)	(27.0, 69105.0)	(28.0, 92268.0)	(29.0, 122493.0)	(30.0, 166808.0)	(31.0, 237494.0)	(32.0, 383033.0)	(33.0, 762973.0)	(34.0, 1626743.0)	(35.0, 706915.0)
SRR22894978_1	(2.0, 1664684.0)	(3.0, 0.0)	(4.0, 0.0)	(5.0, 0.0)	(6.0, 0.0)	(7.0, 0.0)	(8.0, 0.0)	(9.0, 0.0)	(10.0, 0.0)	(11.0, 0.0)	(12.0, 0.0)	(13.0, 0.0)	(14.0, 0.0)	(15.0, 0.0)	(16.0, 2.0)	(17.0, 9.0)	(18.0, 92.0)	(19.0, 347.0)	(20.0, 1026.0)	(21.0, 2147.0)	(22.0, 3484.0)	(23.0, 4895.0)	(24.0, 6883.0)	(25.0, 10873.0)	(26.0, 18135.0)	(27.0, 29905.0)	(28.0, 49870.0)	(29.0, 79786.0)	(30.0, 126978.0)	(31.0, 205735.0)	(32.0, 349884.0)	(33.0, 727693.0)	(34.0, 1720231.0)	(35.0, 1126825.0)
SRR22894978_2	(2.0, 1656668.0)	(3.0, 73.0)	(4.0, 16.0)	(5.0, 36.0)	(6.0, 60.0)	(7.0, 74.0)	(8.0, 87.0)	(9.0, 119.0)	(10.0, 153.0)	(11.0, 186.0)	(12.0, 268.0)	(13.0, 415.0)	(14.0, 368.0)	(15.0, 202.0)	(16.0, 474.0)	(17.0, 1513.0)	(18.0, 4803.0)	(19.0, 10104.0)	(20.0, 14046.0)	(21.0, 15413.0)	(22.0, 17452.0)	(23.0, 21012.0)	(24.0, 26381.0)	(25.0, 33304.0)	(26.0, 45338.0)	(27.0, 63069.0)	(28.0, 87169.0)	(29.0, 120872.0)	(30.0, 170185.0)	(31.0, 251179.0)	(32.0, 415255.0)	(33.0, 828995.0)	(34.0, 1641922.0)	(35.0, 702273.0)
SRR22894979_1	(2.0, 1654095.0)	(3.0, 0.0)	(4.0, 0.0)	(5.0, 0.0)	(6.0, 0.0)	(7.0, 0.0)	(8.0, 0.0)	(9.0, 0.0)	(10.0, 0.0)	(11.0, 0.0)	(12.0, 0.0)	(13.0, 0.0)	(14.0, 0.0)	(15.0, 0.0)	(16.0, 1.0)	(17.0, 14.0)	(18.0, 111.0)	(19.0, 431.0)	(20.0, 1097.0)	(21.0, 2262.0)	(22.0, 3631.0)	(23.0, 5005.0)	(24.0, 6761.0)	(25.0, 10404.0)	(26.0, 17465.0)	(27.0, 28667.0)	(28.0, 47229.0)	(29.0, 74410.0)	(30.0, 116429.0)	(31.0, 186627.0)	(32.0, 320820.0)	(33.0, 670443.0)	(34.0, 1715055.0)	(35.0, 1387108.0)
SRR22894979_2	(2.0, 1646293.0)	(3.0, 17.0)	(4.0, 23.0)	(5.0, 46.0)	(6.0, 68.0)	(7.0, 73.0)	(8.0, 75.0)	(9.0, 123.0)	(10.0, 151.0)	(11.0, 165.0)	(12.0, 255.0)	(13.0, 337.0)	(14.0, 184.0)	(15.0, 163.0)	(16.0, 471.0)	(17.0, 1506.0)	(18.0, 4656.0)	(19.0, 10138.0)	(20.0, 14928.0)	(21.0, 16241.0)	(22.0, 17979.0)	(23.0, 22088.0)	(24.0, 27293.0)	(25.0, 34699.0)	(26.0, 46082.0)	(27.0, 63342.0)	(28.0, 86936.0)	(29.0, 119063.0)	(30.0, 165529.0)	(31.0, 241477.0)	(32.0, 393343.0)	(33.0, 780168.0)	(34.0, 1694445.0)	(35.0, 859708.0)
SRR22894980_1	(2.0, 3966549.0)	(3.0, 0.0)	(4.0, 0.0)	(5.0, 0.0)	(6.0, 0.0)	(7.0, 0.0)	(8.0, 0.0)	(9.0, 0.0)	(10.0, 0.0)	(11.0, 0.0)	(12.0, 0.0)	(13.0, 0.0)	(14.0, 0.0)	(15.0, 0.0)	(16.0, 11.0)	(17.0, 62.0)	(18.0, 359.0)	(19.0, 985.0)	(20.0, 1793.0)	(21.0, 2816.0)	(22.0, 4064.0)	(23.0, 4766.0)	(24.0, 4744.0)	(25.0, 4510.0)	(26.0, 4952.0)	(27.0, 6729.0)	(28.0, 9206.0)	(29.0, 12340.0)	(30.0, 16988.0)	(31.0, 23871.0)	(32.0, 35756.0)	(33.0, 64375.0)	(34.0, 130396.0)	(35.0, 82936.0)
SRR22894980_2	(2.0, 3934519.0)	(3.0, 27.0)	(4.0, 5.0)	(5.0, 5.0)	(6.0, 8.0)	(7.0, 19.0)	(8.0, 20.0)	(9.0, 34.0)	(10.0, 40.0)	(11.0, 42.0)	(12.0, 45.0)	(13.0, 88.0)	(14.0, 64.0)	(15.0, 120.0)	(16.0, 556.0)	(17.0, 2283.0)	(18.0, 6808.0)	(19.0, 13933.0)	(20.0, 18185.0)	(21.0, 17534.0)	(22.0, 15230.0)	(23.0, 13770.0)	(24.0, 12007.0)	(25.0, 10702.0)	(26.0, 10491.0)	(27.0, 10784.0)	(28.0, 12679.0)	(29.0, 15294.0)	(30.0, 19058.0)	(31.0, 24490.0)	(32.0, 35840.0)	(33.0, 63910.0)	(34.0, 109460.0)	(35.0, 30158.0)
SRR22894981_1	(2.0, 3574386.0)	(3.0, 0.0)	(4.0, 0.0)	(5.0, 0.0)	(6.0, 0.0)	(7.0, 0.0)	(8.0, 0.0)	(9.0, 0.0)	(10.0, 0.0)	(11.0, 0.0)	(12.0, 0.0)	(13.0, 0.0)	(14.0, 0.0)	(15.0, 0.0)	(16.0, 12.0)	(17.0, 69.0)	(18.0, 278.0)	(19.0, 733.0)	(20.0, 1394.0)	(21.0, 2248.0)	(22.0, 3315.0)	(23.0, 4018.0)	(24.0, 4246.0)	(25.0, 4462.0)	(26.0, 4912.0)	(27.0, 6198.0)	(28.0, 8277.0)	(29.0, 11347.0)	(30.0, 15857.0)	(31.0, 21628.0)	(32.0, 32067.0)	(33.0, 57001.0)	(34.0, 127857.0)	(35.0, 103550.0)
SRR22894981_2	(2.0, 3546094.0)	(3.0, 7.0)	(4.0, 6.0)	(5.0, 5.0)	(6.0, 6.0)	(7.0, 9.0)	(8.0, 15.0)	(9.0, 20.0)	(10.0, 40.0)	(11.0, 44.0)	(12.0, 46.0)	(13.0, 73.0)	(14.0, 51.0)	(15.0, 107.0)	(16.0, 474.0)	(17.0, 1851.0)	(18.0, 5506.0)	(19.0, 11780.0)	(20.0, 18045.0)	(21.0, 19517.0)	(22.0, 16889.0)	(23.0, 14176.0)	(24.0, 12018.0)	(25.0, 9940.0)	(26.0, 9220.0)	(27.0, 9917.0)	(28.0, 11657.0)	(29.0, 13993.0)	(30.0, 17368.0)	(31.0, 21923.0)	(32.0, 31299.0)	(33.0, 54995.0)	(34.0, 109559.0)	(35.0, 47205.0)
SRR22894982_1	(2.0, 3170902.0)	(3.0, 0.0)	(4.0, 0.0)	(5.0, 0.0)	(6.0, 0.0)	(7.0, 0.0)	(8.0, 0.0)	(9.0, 0.0)	(10.0, 0.0)	(11.0, 0.0)	(12.0, 0.0)	(13.0, 0.0)	(14.0, 0.0)	(15.0, 3.0)	(16.0, 2.0)	(17.0, 64.0)	(18.0, 349.0)	(19.0, 964.0)	(20.0, 1618.0)	(21.0, 2706.0)	(22.0, 3708.0)	(23.0, 4466.0)	(24.0, 4726.0)	(25.0, 4662.0)	(26.0, 5172.0)	(27.0, 6554.0)	(28.0, 8952.0)	(29.0, 12097.0)	(30.0, 17143.0)	(31.0, 24262.0)	(32.0, 36590.0)	(33.0, 65342.0)	(34.0, 132519.0)	(35.0, 84044.0)
SRR22894982_2	(2.0, 3142224.0)	(3.0, 5.0)	(4.0, 2.0)	(5.0, 4.0)	(6.0, 13.0)	(7.0, 12.0)	(8.0, 12.0)	(9.0, 12.0)	(10.0, 19.0)	(11.0, 22.0)	(12.0, 32.0)	(13.0, 52.0)	(14.0, 50.0)	(15.0, 84.0)	(16.0, 508.0)	(17.0, 1979.0)	(18.0, 6030.0)	(19.0, 12363.0)	(20.0, 17168.0)	(21.0, 17177.0)	(22.0, 15375.0)	(23.0, 13843.0)	(24.0, 12226.0)	(25.0, 10339.0)	(26.0, 9464.0)	(27.0, 9904.0)	(28.0, 11597.0)	(29.0, 14386.0)	(30.0, 17849.0)	(31.0, 23651.0)	(32.0, 34172.0)	(33.0, 60505.0)	(34.0, 110906.0)	(35.0, 44860.0)
SRR22894983_1	(2.0, 2977210.0)	(3.0, 0.0)	(4.0, 0.0)	(5.0, 0.0)	(6.0, 0.0)	(7.0, 0.0)	(8.0, 0.0)	(9.0, 0.0)	(10.0, 0.0)	(11.0, 0.0)	(12.0, 0.0)	(13.0, 0.0)	(14.0, 0.0)	(15.0, 2.0)	(16.0, 16.0)	(17.0, 91.0)	(18.0, 439.0)	(19.0, 1008.0)	(20.0, 1751.0)	(21.0, 2765.0)	(22.0, 3798.0)	(23.0, 4430.0)	(24.0, 4545.0)	(25.0, 4648.0)	(26.0, 4859.0)	(27.0, 6122.0)	(28.0, 8078.0)	(29.0, 11486.0)	(30.0, 15967.0)	(31.0, 22317.0)	(32.0, 34026.0)	(33.0, 60810.0)	(34.0, 131389.0)	(35.0, 96889.0)
SRR22894983_2	(2.0, 2949369.0)	(3.0, 2.0)	(4.0, 2.0)	(5.0, 6.0)	(6.0, 10.0)	(7.0, 17.0)	(8.0, 21.0)	(9.0, 16.0)	(10.0, 12.0)	(11.0, 16.0)	(12.0, 28.0)	(13.0, 23.0)	(14.0, 19.0)	(15.0, 77.0)	(16.0, 445.0)	(17.0, 1883.0)	(18.0, 5387.0)	(19.0, 11727.0)	(20.0, 17682.0)	(21.0, 18765.0)	(22.0, 16099.0)	(23.0, 14162.0)	(24.0, 11878.0)	(25.0, 10070.0)	(26.0, 9097.0)	(27.0, 9539.0)	(28.0, 11142.0)	(29.0, 13382.0)	(30.0, 17255.0)	(31.0, 22331.0)	(32.0, 32075.0)	(33.0, 55365.0)	(34.0, 109245.0)	(35.0, 55499.0)
SRR22894984_1	(2.0, 1471012.0)	(3.0, 0.0)	(4.0, 0.0)	(5.0, 0.0)	(6.0, 0.0)	(7.0, 0.0)	(8.0, 0.0)	(9.0, 0.0)	(10.0, 0.0)	(11.0, 0.0)	(12.0, 0.0)	(13.0, 0.0)	(14.0, 0.0)	(15.0, 1.0)	(16.0, 16.0)	(17.0, 102.0)	(18.0, 453.0)	(19.0, 1134.0)	(20.0, 2060.0)	(21.0, 3222.0)	(22.0, 4514.0)	(23.0, 5715.0)	(24.0, 5924.0)	(25.0, 6128.0)	(26.0, 7078.0)	(27.0, 9615.0)	(28.0, 13709.0)	(29.0, 19903.0)	(30.0, 28929.0)	(31.0, 41968.0)	(32.0, 64463.0)	(33.0, 122016.0)	(34.0, 265154.0)	(35.0, 171592.0)
SRR22894984_2	(2.0, 1459158.0)	(3.0, 49.0)	(4.0, 14.0)	(5.0, 9.0)	(6.0, 18.0)	(7.0, 23.0)	(8.0, 24.0)	(9.0, 45.0)	(10.0, 51.0)	(11.0, 65.0)	(12.0, 101.0)	(13.0, 183.0)	(14.0, 130.0)	(15.0, 113.0)	(16.0, 532.0)	(17.0, 1849.0)	(18.0, 5410.0)	(19.0, 11287.0)	(20.0, 15214.0)	(21.0, 15422.0)	(22.0, 14902.0)	(23.0, 14000.0)	(24.0, 13151.0)	(25.0, 12780.0)	(26.0, 14383.0)	(27.0, 16935.0)	(28.0, 20910.0)	(29.0, 26152.0)	(30.0, 33960.0)	(31.0, 46575.0)	(32.0, 72989.0)	(33.0, 137244.0)	(34.0, 238814.0)	(35.0, 72216.0)
SRR22894985_1	(2.0, 1343328.0)	(3.0, 0.0)	(4.0, 0.0)	(5.0, 0.0)	(6.0, 0.0)	(7.0, 0.0)	(8.0, 0.0)	(9.0, 0.0)	(10.0, 0.0)	(11.0, 0.0)	(12.0, 0.0)	(13.0, 0.0)	(14.0, 0.0)	(15.0, 3.0)	(16.0, 18.0)	(17.0, 73.0)	(18.0, 395.0)	(19.0, 976.0)	(20.0, 1604.0)	(21.0, 2694.0)	(22.0, 3790.0)	(23.0, 4877.0)	(24.0, 5447.0)	(25.0, 5932.0)	(26.0, 7023.0)	(27.0, 9288.0)	(28.0, 12967.0)	(29.0, 18569.0)	(30.0, 26545.0)	(31.0, 38387.0)	(32.0, 58012.0)	(33.0, 106171.0)	(34.0, 260164.0)	(35.0, 228499.0)
SRR22894985_2	(2.0, 1333398.0)	(3.0, 12.0)	(4.0, 3.0)	(5.0, 13.0)	(6.0, 15.0)	(7.0, 21.0)	(8.0, 29.0)	(9.0, 36.0)	(10.0, 48.0)	(11.0, 70.0)	(12.0, 107.0)	(13.0, 163.0)	(14.0, 89.0)	(15.0, 102.0)	(16.0, 431.0)	(17.0, 1566.0)	(18.0, 4478.0)	(19.0, 9345.0)	(20.0, 14681.0)	(21.0, 15717.0)	(22.0, 15136.0)	(23.0, 14260.0)	(24.0, 13255.0)	(25.0, 12696.0)	(26.0, 13707.0)	(27.0, 16083.0)	(28.0, 19698.0)	(29.0, 24665.0)	(30.0, 31883.0)	(31.0, 43049.0)	(32.0, 64423.0)	(33.0, 120118.0)	(34.0, 250091.0)	(35.0, 115374.0)
SRR22894986_1	(2.0, 1213826.0)	(3.0, 0.0)	(4.0, 0.0)	(5.0, 0.0)	(6.0, 0.0)	(7.0, 0.0)	(8.0, 0.0)	(9.0, 0.0)	(10.0, 0.0)	(11.0, 0.0)	(12.0, 0.0)	(13.0, 0.0)	(14.0, 0.0)	(15.0, 0.0)	(16.0, 16.0)	(17.0, 108.0)	(18.0, 480.0)	(19.0, 1149.0)	(20.0, 1964.0)	(21.0, 3142.0)	(22.0, 4442.0)	(23.0, 5556.0)	(24.0, 5826.0)	(25.0, 5968.0)	(26.0, 6925.0)	(27.0, 9554.0)	(28.0, 13266.0)	(29.0, 19636.0)	(30.0, 29124.0)	(31.0, 42975.0)	(32.0, 66182.0)	(33.0, 123514.0)	(34.0, 278062.0)	(35.0, 191366.0)
SRR22894986_2	(2.0, 1202824.0)	(3.0, 12.0)	(4.0, 1.0)	(5.0, 11.0)	(6.0, 14.0)	(7.0, 20.0)	(8.0, 25.0)	(9.0, 24.0)	(10.0, 24.0)	(11.0, 35.0)	(12.0, 54.0)	(13.0, 75.0)	(14.0, 80.0)	(15.0, 106.0)	(16.0, 452.0)	(17.0, 1628.0)	(18.0, 4603.0)	(19.0, 9887.0)	(20.0, 14364.0)	(21.0, 15505.0)	(22.0, 14942.0)	(23.0, 14180.0)	(24.0, 13233.0)	(25.0, 12271.0)	(26.0, 13138.0)	(27.0, 15490.0)	(28.0, 19185.0)	(29.0, 24773.0)	(30.0, 32265.0)	(31.0, 44806.0)	(32.0, 69362.0)	(33.0, 130277.0)	(34.0, 253752.0)	(35.0, 115663.0)
SRR22894987_1	(2.0, 1134653.0)	(3.0, 0.0)	(4.0, 0.0)	(5.0, 0.0)	(6.0, 0.0)	(7.0, 0.0)	(8.0, 0.0)	(9.0, 0.0)	(10.0, 0.0)	(11.0, 0.0)	(12.0, 0.0)	(13.0, 0.0)	(14.0, 0.0)	(15.0, 1.0)	(16.0, 34.0)	(17.0, 174.0)	(18.0, 541.0)	(19.0, 1244.0)	(20.0, 2057.0)	(21.0, 3296.0)	(22.0, 4647.0)	(23.0, 5541.0)	(24.0, 5729.0)	(25.0, 6038.0)	(26.0, 6772.0)	(27.0, 8832.0)	(28.0, 12628.0)	(29.0, 18219.0)	(30.0, 27007.0)	(31.0, 39449.0)	(32.0, 61218.0)	(33.0, 114195.0)	(34.0, 275990.0)	(35.0, 226945.0)
SRR22894987_2	(2.0, 1124312.0)	(3.0, 6.0)	(4.0, 2.0)	(5.0, 5.0)	(6.0, 9.0)	(7.0, 13.0)	(8.0, 19.0)	(9.0, 22.0)	(10.0, 21.0)	(11.0, 34.0)	(12.0, 51.0)	(13.0, 66.0)	(14.0, 35.0)	(15.0, 99.0)	(16.0, 388.0)	(17.0, 1559.0)	(18.0, 4429.0)	(19.0, 9318.0)	(20.0, 14529.0)	(21.0, 15780.0)	(22.0, 15165.0)	(23.0, 14419.0)	(24.0, 13355.0)	(25.0, 12354.0)	(26.0, 12973.0)	(27.0, 14959.0)	(28.0, 19027.0)	(29.0, 23749.0)	(30.0, 31321.0)	(31.0, 42886.0)	(32.0, 65646.0)	(33.0, 120986.0)	(34.0, 257727.0)	(35.0, 139946.0)
SRR22894988_1	(2.0, 1468187.0)	(3.0, 0.0)	(4.0, 0.0)	(5.0, 0.0)	(6.0, 0.0)	(7.0, 0.0)	(8.0, 0.0)	(9.0, 0.0)	(10.0, 0.0)	(11.0, 0.0)	(12.0, 0.0)	(13.0, 0.0)	(14.0, 0.0)	(15.0, 0.0)	(16.0, 1.0)	(17.0, 18.0)	(18.0, 88.0)	(19.0, 316.0)	(20.0, 775.0)	(21.0, 1700.0)	(22.0, 2978.0)	(23.0, 4432.0)	(24.0, 6878.0)	(25.0, 10396.0)	(26.0, 17174.0)	(27.0, 27847.0)	(28.0, 44379.0)	(29.0, 67560.0)	(30.0, 101703.0)	(31.0, 155815.0)	(32.0, 263420.0)	(33.0, 536791.0)	(34.0, 1160752.0)	(35.0, 648163.0)
SRR22894988_2	(2.0, 1464702.0)	(3.0, 175.0)	(4.0, 45.0)	(5.0, 26.0)	(6.0, 64.0)	(7.0, 80.0)	(8.0, 97.0)	(9.0, 146.0)	(10.0, 184.0)	(11.0, 212.0)	(12.0, 364.0)	(13.0, 671.0)	(14.0, 496.0)	(15.0, 175.0)	(16.0, 386.0)	(17.0, 1297.0)	(18.0, 3620.0)	(19.0, 7428.0)	(20.0, 10500.0)	(21.0, 12551.0)	(22.0, 15940.0)	(23.0, 20979.0)	(24.0, 25912.0)	(25.0, 33026.0)	(26.0, 43817.0)	(27.0, 57871.0)	(28.0, 76012.0)	(29.0, 100028.0)	(30.0, 135223.0)	(31.0, 193319.0)	(32.0, 317190.0)	(33.0, 625774.0)	(34.0, 1068105.0)	(35.0, 302958.0)
SRR22894989_1	(2.0, 1121023.0)	(3.0, 0.0)	(4.0, 0.0)	(5.0, 0.0)	(6.0, 0.0)	(7.0, 0.0)	(8.0, 0.0)	(9.0, 0.0)	(10.0, 0.0)	(11.0, 0.0)	(12.0, 0.0)	(13.0, 0.0)	(14.0, 0.0)	(15.0, 1.0)	(16.0, 1.0)	(17.0, 10.0)	(18.0, 62.0)	(19.0, 249.0)	(20.0, 653.0)	(21.0, 1480.0)	(22.0, 2777.0)	(23.0, 4158.0)	(24.0, 6362.0)	(25.0, 9791.0)	(26.0, 16259.0)	(27.0, 26334.0)	(28.0, 41445.0)	(29.0, 62310.0)	(30.0, 92240.0)	(31.0, 138582.0)	(32.0, 228781.0)	(33.0, 457351.0)	(34.0, 1114696.0)	(35.0, 827856.0)
SRR22894989_2	(2.0, 1123764.0)	(3.0, 65.0)	(4.0, 18.0)	(5.0, 32.0)	(6.0, 54.0)	(7.0, 69.0)	(8.0, 69.0)	(9.0, 119.0)	(10.0, 141.0)	(11.0, 217.0)	(12.0, 414.0)	(13.0, 658.0)	(14.0, 278.0)	(15.0, 157.0)	(16.0, 348.0)	(17.0, 956.0)	(18.0, 2683.0)	(19.0, 5933.0)	(20.0, 9153.0)	(21.0, 11437.0)	(22.0, 14357.0)	(23.0, 18237.0)	(24.0, 21843.0)	(25.0, 27001.0)	(26.0, 35769.0)	(27.0, 46692.0)	(28.0, 63048.0)	(29.0, 84014.0)	(30.0, 113652.0)	(31.0, 163576.0)	(32.0, 267061.0)	(33.0, 540133.0)	(34.0, 1111629.0)	(35.0, 488844.0)
SRR22894990_1	(2.0, 1174574.0)	(3.0, 0.0)	(4.0, 0.0)	(5.0, 0.0)	(6.0, 0.0)	(7.0, 0.0)	(8.0, 0.0)	(9.0, 0.0)	(10.0, 0.0)	(11.0, 0.0)	(12.0, 0.0)	(13.0, 0.0)	(14.0, 0.0)	(15.0, 0.0)	(16.0, 1.0)	(17.0, 19.0)	(18.0, 91.0)	(19.0, 301.0)	(20.0, 800.0)	(21.0, 1793.0)	(22.0, 3136.0)	(23.0, 4636.0)	(24.0, 6731.0)	(25.0, 10474.0)	(26.0, 16489.0)	(27.0, 26915.0)	(28.0, 43224.0)	(29.0, 67228.0)	(30.0, 103497.0)	(31.0, 164595.0)	(32.0, 273432.0)	(33.0, 549356.0)	(34.0, 1234120.0)	(35.0, 766088.0)
SRR22894990_2	(2.0, 1170941.0)	(3.0, 53.0)	(4.0, 14.0)	(5.0, 34.0)	(6.0, 41.0)	(7.0, 58.0)	(8.0, 74.0)	(9.0, 96.0)	(10.0, 126.0)	(11.0, 134.0)	(12.0, 206.0)	(13.0, 310.0)	(14.0, 267.0)	(15.0, 152.0)	(16.0, 379.0)	(17.0, 1161.0)	(18.0, 3214.0)	(19.0, 6916.0)	(20.0, 10055.0)	(21.0, 12234.0)	(22.0, 14772.0)	(23.0, 18886.0)	(24.0, 23053.0)	(25.0, 29243.0)	(26.0, 38252.0)	(27.0, 52112.0)	(28.0, 70560.0)	(29.0, 94515.0)	(30.0, 130616.0)	(31.0, 190083.0)	(32.0, 310403.0)	(33.0, 611072.0)	(34.0, 1165191.0)	(35.0, 492277.0)
SRR22894991_1	(2.0, 894101.0)	(3.0, 0.0)	(4.0, 0.0)	(5.0, 0.0)	(6.0, 0.0)	(7.0, 0.0)	(8.0, 0.0)	(9.0, 0.0)	(10.0, 0.0)	(11.0, 0.0)	(12.0, 0.0)	(13.0, 0.0)	(14.0, 0.0)	(15.0, 0.0)	(16.0, 0.0)	(17.0, 10.0)	(18.0, 88.0)	(19.0, 272.0)	(20.0, 751.0)	(21.0, 1692.0)	(22.0, 2977.0)	(23.0, 4447.0)	(24.0, 6349.0)	(25.0, 9717.0)	(26.0, 15665.0)	(27.0, 25700.0)	(28.0, 40255.0)	(29.0, 61952.0)	(30.0, 95106.0)	(31.0, 148268.0)	(32.0, 249478.0)	(33.0, 503093.0)	(34.0, 1157994.0)	(35.0, 774001.0)
SRR22894991_2	(2.0, 894803.0)	(3.0, 19.0)	(4.0, 9.0)	(5.0, 20.0)	(6.0, 47.0)	(7.0, 53.0)	(8.0, 71.0)	(9.0, 91.0)	(10.0, 82.0)	(11.0, 120.0)	(12.0, 177.0)	(13.0, 243.0)	(14.0, 115.0)	(15.0, 106.0)	(16.0, 298.0)	(17.0, 870.0)	(18.0, 2450.0)	(19.0, 5420.0)	(20.0, 8772.0)	(21.0, 10735.0)	(22.0, 12983.0)	(23.0, 16256.0)	(24.0, 19056.0)	(25.0, 23543.0)	(26.0, 31012.0)	(27.0, 41518.0)	(28.0, 56817.0)	(29.0, 77496.0)	(30.0, 109232.0)	(31.0, 163162.0)	(32.0, 268257.0)	(33.0, 539199.0)	(34.0, 1126473.0)	(35.0, 582411.0)
SRR22894992_1	(2.0, 841887.0)	(3.0, 0.0)	(4.0, 0.0)	(5.0, 0.0)	(6.0, 0.0)	(7.0, 0.0)	(8.0, 0.0)	(9.0, 0.0)	(10.0, 0.0)	(11.0, 0.0)	(12.0, 0.0)	(13.0, 0.0)	(14.0, 0.0)	(15.0, 0.0)	(16.0, 0.0)	(17.0, 13.0)	(18.0, 69.0)	(19.0, 189.0)	(20.0, 399.0)	(21.0, 641.0)	(22.0, 990.0)	(23.0, 1296.0)	(24.0, 1359.0)	(25.0, 1330.0)	(26.0, 1593.0)	(27.0, 2053.0)	(28.0, 2924.0)	(29.0, 3819.0)	(30.0, 5717.0)	(31.0, 7950.0)	(32.0, 12245.0)	(33.0, 24463.0)	(34.0, 52815.0)	(35.0, 27401.0)
SRR22894992_2	(2.0, 834475.0)	(3.0, 4.0)	(4.0, 2.0)	(5.0, 2.0)	(6.0, 1.0)	(7.0, 1.0)	(8.0, 8.0)	(9.0, 5.0)	(10.0, 10.0)	(11.0, 10.0)	(12.0, 22.0)	(13.0, 29.0)	(14.0, 28.0)	(15.0, 33.0)	(16.0, 151.0)	(17.0, 685.0)	(18.0, 1915.0)	(19.0, 3497.0)	(20.0, 4142.0)	(21.0, 4126.0)	(22.0, 4097.0)	(23.0, 3897.0)	(24.0, 3378.0)	(25.0, 3210.0)	(26.0, 3322.0)	(27.0, 3553.0)	(28.0, 4219.0)	(29.0, 5388.0)	(30.0, 6912.0)	(31.0, 8970.0)	(32.0, 13551.0)	(33.0, 24481.0)	(34.0, 43112.0)	(35.0, 11917.0)
SRR22894993_1	(2.0, 770682.0)	(3.0, 0.0)	(4.0, 0.0)	(5.0, 0.0)	(6.0, 0.0)	(7.0, 0.0)	(8.0, 0.0)	(9.0, 0.0)	(10.0, 0.0)	(11.0, 0.0)	(12.0, 0.0)	(13.0, 0.0)	(14.0, 0.0)	(15.0, 0.0)	(16.0, 2.0)	(17.0, 10.0)	(18.0, 59.0)	(19.0, 154.0)	(20.0, 328.0)	(21.0, 650.0)	(22.0, 904.0)	(23.0, 1150.0)	(24.0, 1247.0)	(25.0, 1295.0)	(26.0, 1450.0)	(27.0, 1761.0)	(28.0, 2624.0)	(29.0, 3539.0)	(30.0, 5018.0)	(31.0, 7154.0)	(32.0, 11003.0)	(33.0, 21040.0)	(34.0, 52746.0)	(35.0, 37023.0)
SRR22894993_2	(2.0, 764415.0)	(3.0, 6.0)	(4.0, 0.0)	(5.0, 3.0)	(6.0, 4.0)	(7.0, 7.0)	(8.0, 9.0)	(9.0, 8.0)	(10.0, 5.0)	(11.0, 6.0)	(12.0, 14.0)	(13.0, 22.0)	(14.0, 16.0)	(15.0, 36.0)	(16.0, 154.0)	(17.0, 515.0)	(18.0, 1470.0)	(19.0, 3096.0)	(20.0, 4248.0)	(21.0, 4553.0)	(22.0, 4389.0)	(23.0, 3904.0)	(24.0, 3307.0)	(25.0, 2996.0)	(26.0, 2919.0)	(27.0, 3199.0)	(28.0, 3832.0)	(29.0, 4893.0)	(30.0, 6375.0)	(31.0, 8316.0)	(32.0, 11938.0)	(33.0, 21248.0)	(34.0, 44641.0)	(35.0, 19295.0)
SRR22894994_1	(2.0, 652115.0)	(3.0, 0.0)	(4.0, 0.0)	(5.0, 0.0)	(6.0, 0.0)	(7.0, 0.0)	(8.0, 0.0)	(9.0, 0.0)	(10.0, 0.0)	(11.0, 0.0)	(12.0, 0.0)	(13.0, 0.0)	(14.0, 0.0)	(15.0, 0.0)	(16.0, 0.0)	(17.0, 18.0)	(18.0, 60.0)	(19.0, 167.0)	(20.0, 362.0)	(21.0, 649.0)	(22.0, 917.0)	(23.0, 1248.0)	(24.0, 1264.0)	(25.0, 1294.0)	(26.0, 1574.0)	(27.0, 1976.0)	(28.0, 2644.0)	(29.0, 3936.0)	(30.0, 5661.0)	(31.0, 8149.0)	(32.0, 12996.0)	(33.0, 24643.0)	(34.0, 53472.0)	(35.0, 29743.0)
SRR22894994_2	(2.0, 645684.0)	(3.0, 4.0)	(4.0, 1.0)	(5.0, 3.0)	(6.0, 1.0)	(7.0, 1.0)	(8.0, 7.0)	(9.0, 6.0)	(10.0, 3.0)	(11.0, 3.0)	(12.0, 10.0)	(13.0, 17.0)	(14.0, 17.0)	(15.0, 27.0)	(16.0, 127.0)	(17.0, 531.0)	(18.0, 1491.0)	(19.0, 2952.0)	(20.0, 3905.0)	(21.0, 4021.0)	(22.0, 4147.0)	(23.0, 3873.0)	(24.0, 3391.0)	(25.0, 3070.0)	(26.0, 2954.0)	(27.0, 3142.0)	(28.0, 3878.0)	(29.0, 4762.0)	(30.0, 6607.0)	(31.0, 8755.0)	(32.0, 12757.0)	(33.0, 23410.0)	(34.0, 44989.0)	(35.0, 18342.0)
SRR22894995_1	(2.0, 640376.0)	(3.0, 0.0)	(4.0, 0.0)	(5.0, 0.0)	(6.0, 0.0)	(7.0, 0.0)	(8.0, 0.0)	(9.0, 0.0)	(10.0, 0.0)	(11.0, 0.0)	(12.0, 0.0)	(13.0, 0.0)	(14.0, 0.0)	(15.0, 2.0)	(16.0, 4.0)	(17.0, 22.0)	(18.0, 81.0)	(19.0, 201.0)	(20.0, 378.0)	(21.0, 703.0)	(22.0, 942.0)	(23.0, 1210.0)	(24.0, 1365.0)	(25.0, 1322.0)	(26.0, 1488.0)	(27.0, 1813.0)	(28.0, 2515.0)	(29.0, 3543.0)	(30.0, 4830.0)	(31.0, 7389.0)	(32.0, 11602.0)	(33.0, 22738.0)	(34.0, 53141.0)	(35.0, 35410.0)
SRR22894995_2	(2.0, 633896.0)	(3.0, 1.0)	(4.0, 0.0)	(5.0, 1.0)	(6.0, 3.0)	(7.0, 5.0)	(8.0, 3.0)	(9.0, 3.0)	(10.0, 6.0)	(11.0, 5.0)	(12.0, 11.0)	(13.0, 9.0)	(14.0, 7.0)	(15.0, 32.0)	(16.0, 172.0)	(17.0, 521.0)	(18.0, 1398.0)	(19.0, 2990.0)	(20.0, 4315.0)	(21.0, 4377.0)	(22.0, 4110.0)	(23.0, 3905.0)	(24.0, 3384.0)	(25.0, 2979.0)	(26.0, 2726.0)	(27.0, 2939.0)	(28.0, 3589.0)	(29.0, 4565.0)	(30.0, 6204.0)	(31.0, 8235.0)	(32.0, 12039.0)	(33.0, 21600.0)	(34.0, 44546.0)	(35.0, 22499.0)
