Sample	0	1	2	3	4	5	6	7	8	9	10	11	12	13	14	15	16	17	18	19	20	21	22	23	24	25	26	27	28	29	30	31	32	33
SRR20277628_1	(34, 4003.0)	(36, 184.0)	(38, 313.0)	(40, 419.0)	(42, 549.0)	(44, 717.0)	(46, 866.0)	(48, 1181.0)	(50, 1531.0)	(52, 1894.0)	(54, 2594.0)	(56, 3118.0)	(58, 3742.0)	(60, 4907.0)	(62, 5895.0)	(64, 6991.0)	(66, 7850.0)	(68, 9230.0)	(70, 10172.0)	(72, 12564.0)	(74, 14747.0)	(76, 16802.0)	(78, 19042.0)	(80, 22395.0)	(82, 25517.0)	(84, 27818.0)	(86, 31399.0)	(88, 34976.0)	(90, 37951.0)	(92, 41382.0)	(94, 49762.0)	(96, 101017.0)	(98, 846020.0)	(100, 8437058.0)
SRR20277628_2	(34, 5494.0)	(36, 308.0)	(38, 529.0)	(40, 953.0)	(42, 1206.0)	(44, 1436.0)	(46, 1906.0)	(48, 1964.0)	(50, 2426.0)	(52, 2717.0)	(54, 3100.0)	(56, 3820.0)	(58, 4342.0)	(60, 5626.0)	(62, 6556.0)	(64, 7582.0)	(66, 8307.0)	(68, 9571.0)	(70, 10497.0)	(72, 12787.0)	(74, 15321.0)	(76, 17577.0)	(78, 19644.0)	(80, 22980.0)	(82, 25793.0)	(84, 27751.0)	(86, 31485.0)	(88, 35512.0)	(90, 38465.0)	(92, 42620.0)	(94, 52556.0)	(96, 108090.0)	(98, 846897.0)	(100, 8408788.0)
SRR20277629_1	(34, 3752.0)	(36, 182.0)	(38, 273.0)	(40, 365.0)	(42, 498.0)	(44, 652.0)	(46, 829.0)	(48, 1057.0)	(50, 1439.0)	(52, 1892.0)	(54, 2435.0)	(56, 2996.0)	(58, 3738.0)	(60, 4698.0)	(62, 5747.0)	(64, 6948.0)	(66, 7788.0)	(68, 9022.0)	(70, 9953.0)	(72, 12255.0)	(74, 14067.0)	(76, 16434.0)	(78, 18640.0)	(80, 22053.0)	(82, 24722.0)	(84, 27387.0)	(86, 29972.0)	(88, 33548.0)	(90, 37307.0)	(92, 40303.0)	(94, 48737.0)	(96, 98135.0)	(98, 824280.0)	(100, 8223909.0)
SRR20277629_2	(34, 4907.0)	(36, 260.0)	(38, 446.0)	(40, 916.0)	(42, 1406.0)	(44, 1768.0)	(46, 1684.0)	(48, 1852.0)	(50, 2131.0)	(52, 2687.0)	(54, 2889.0)	(56, 3607.0)	(58, 4717.0)	(60, 5599.0)	(62, 6459.0)	(64, 7385.0)	(66, 8068.0)	(68, 9149.0)	(70, 10125.0)	(72, 12552.0)	(74, 14843.0)	(76, 16892.0)	(78, 18966.0)	(80, 22523.0)	(82, 25097.0)	(84, 27141.0)	(86, 30322.0)	(88, 34040.0)	(90, 37765.0)	(92, 41684.0)	(94, 51194.0)	(96, 105577.0)	(98, 826344.0)	(100, 8195018.0)
SRR20277630_1	(34, 3717.0)	(36, 193.0)	(38, 251.0)	(40, 373.0)	(42, 431.0)	(44, 664.0)	(46, 765.0)	(48, 1087.0)	(50, 1460.0)	(52, 1850.0)	(54, 2438.0)	(56, 2988.0)	(58, 3705.0)	(60, 4753.0)	(62, 5855.0)	(64, 6874.0)	(66, 7899.0)	(68, 9230.0)	(70, 10091.0)	(72, 12543.0)	(74, 14442.0)	(76, 16678.0)	(78, 19223.0)	(80, 22163.0)	(82, 25626.0)	(84, 27908.0)	(86, 30865.0)	(88, 34608.0)	(90, 38397.0)	(92, 41048.0)	(94, 50259.0)	(96, 101587.0)	(98, 849256.0)	(100, 8500255.0)
SRR20277630_2	(34, 4685.0)	(36, 320.0)	(38, 370.0)	(40, 708.0)	(42, 904.0)	(44, 1039.0)	(46, 1216.0)	(48, 1576.0)	(50, 2028.0)	(52, 2250.0)	(54, 2613.0)	(56, 3391.0)	(58, 4058.0)	(60, 5153.0)	(62, 6233.0)	(64, 7179.0)	(66, 8143.0)	(68, 9507.0)	(70, 10279.0)	(72, 12685.0)	(74, 14872.0)	(76, 17328.0)	(78, 19713.0)	(80, 22734.0)	(82, 25861.0)	(84, 27773.0)	(86, 31029.0)	(88, 35223.0)	(90, 38780.0)	(92, 41902.0)	(94, 52738.0)	(96, 108950.0)	(98, 853327.0)	(100, 8474915.0)
SRR20277631_1	(34, 3667.0)	(36, 203.0)	(38, 249.0)	(40, 400.0)	(42, 493.0)	(44, 602.0)	(46, 796.0)	(48, 1049.0)	(50, 1518.0)	(52, 1798.0)	(54, 2297.0)	(56, 2913.0)	(58, 3620.0)	(60, 4667.0)	(62, 5863.0)	(64, 6819.0)	(66, 7779.0)	(68, 8954.0)	(70, 10072.0)	(72, 12235.0)	(74, 14484.0)	(76, 16289.0)	(78, 18704.0)	(80, 22068.0)	(82, 25314.0)	(84, 27376.0)	(86, 30333.0)	(88, 33931.0)	(90, 37498.0)	(92, 40171.0)	(94, 49225.0)	(96, 99277.0)	(98, 835944.0)	(100, 8307079.0)
SRR20277631_2	(34, 4512.0)	(36, 273.0)	(38, 344.0)	(40, 739.0)	(42, 1078.0)	(44, 1180.0)	(46, 1460.0)	(48, 1694.0)	(50, 1905.0)	(52, 2120.0)	(54, 2399.0)	(56, 3247.0)	(58, 4262.0)	(60, 5261.0)	(62, 6302.0)	(64, 6978.0)	(66, 7851.0)	(68, 8934.0)	(70, 9953.0)	(72, 12344.0)	(74, 14966.0)	(76, 16566.0)	(78, 18906.0)	(80, 22537.0)	(82, 25648.0)	(84, 27195.0)	(86, 30665.0)	(88, 34497.0)	(90, 37942.0)	(92, 41457.0)	(94, 52027.0)	(96, 106856.0)	(98, 838896.0)	(100, 8282693.0)
SRR20277632_1	(34, 393866.0)	(36, 4152.0)	(38, 4524.0)	(40, 6519.0)	(42, 6283.0)	(44, 9005.0)	(46, 9169.0)	(48, 8384.0)	(50, 10534.0)	(52, 9348.0)	(54, 8012.0)	(56, 7885.0)	(58, 8100.0)	(60, 10128.0)	(62, 9830.0)	(64, 11120.0)	(66, 11006.0)	(68, 11289.0)	(70, 12250.0)	(72, 12594.0)	(74, 13225.0)	(76, 14986.0)	(78, 15855.0)	(80, 17092.0)	(82, 19753.0)	(84, 21158.0)	(86, 22213.0)	(88, 24142.0)	(90, 24761.0)	(92, 27856.0)	(94, 31383.0)	(96, 40815.0)	(98, 252518.0)	(100, 2731136.0)
SRR20277632_2	(34, 382005.0)	(36, 2506.0)	(38, 3474.0)	(40, 5105.0)	(42, 4413.0)	(44, 5577.0)	(46, 6452.0)	(48, 6702.0)	(50, 7825.0)	(52, 7006.0)	(54, 6833.0)	(56, 6977.0)	(58, 7183.0)	(60, 9040.0)	(62, 9351.0)	(64, 10602.0)	(66, 10434.0)	(68, 10354.0)	(70, 11295.0)	(72, 11733.0)	(74, 12609.0)	(76, 14400.0)	(78, 15149.0)	(80, 16525.0)	(82, 18712.0)	(84, 19804.0)	(86, 21136.0)	(88, 23149.0)	(90, 24047.0)	(92, 27639.0)	(94, 36274.0)	(96, 48697.0)	(98, 259563.0)	(100, 2758320.0)
SRR20277633_1	(34, 362271.0)	(36, 3575.0)	(38, 4186.0)	(40, 6092.0)	(42, 5850.0)	(44, 8485.0)	(46, 8826.0)	(48, 8192.0)	(50, 9948.0)	(52, 9208.0)	(54, 7718.0)	(56, 7785.0)	(58, 7918.0)	(60, 9778.0)	(62, 9571.0)	(64, 10715.0)	(66, 10736.0)	(68, 10726.0)	(70, 11966.0)	(72, 12144.0)	(74, 12965.0)	(76, 14811.0)	(78, 15688.0)	(80, 16671.0)	(82, 19056.0)	(84, 20743.0)	(86, 22046.0)	(88, 23400.0)	(90, 23893.0)	(92, 27173.0)	(94, 31105.0)	(96, 40372.0)	(98, 248540.0)	(100, 2659267.0)
SRR20277633_2	(34, 347309.0)	(36, 2342.0)	(38, 3324.0)	(40, 4799.0)	(42, 4206.0)	(44, 5566.0)	(46, 6075.0)	(48, 6681.0)	(50, 7456.0)	(52, 6806.0)	(54, 6609.0)	(56, 6706.0)	(58, 7049.0)	(60, 8648.0)	(62, 9095.0)	(64, 10270.0)	(66, 10134.0)	(68, 9749.0)	(70, 10983.0)	(72, 11508.0)	(74, 12416.0)	(76, 14097.0)	(78, 14957.0)	(80, 16058.0)	(82, 17954.0)	(84, 19372.0)	(86, 21071.0)	(88, 22465.0)	(90, 23247.0)	(92, 27149.0)	(94, 35849.0)	(96, 47784.0)	(98, 255122.0)	(100, 2688564.0)
SRR20277634_1	(34, 371126.0)	(36, 3776.0)	(38, 4112.0)	(40, 5904.0)	(42, 5853.0)	(44, 8395.0)	(46, 8540.0)	(48, 8075.0)	(50, 9895.0)	(52, 9126.0)	(54, 7543.0)	(56, 7590.0)	(58, 7693.0)	(60, 9920.0)	(62, 9555.0)	(64, 10761.0)	(66, 10422.0)	(68, 11139.0)	(70, 11882.0)	(72, 12191.0)	(74, 12853.0)	(76, 14761.0)	(78, 15588.0)	(80, 16651.0)	(82, 19309.0)	(84, 20848.0)	(86, 22102.0)	(88, 23450.0)	(90, 24381.0)	(92, 27287.0)	(94, 31129.0)	(96, 40649.0)	(98, 253331.0)	(100, 2732842.0)
SRR20277634_2	(34, 357560.0)	(36, 2276.0)	(38, 3141.0)	(40, 4539.0)	(42, 3920.0)	(44, 5086.0)	(46, 5667.0)	(48, 6334.0)	(50, 7284.0)	(52, 6514.0)	(54, 6379.0)	(56, 6545.0)	(58, 6719.0)	(60, 8724.0)	(62, 8933.0)	(64, 10267.0)	(66, 9750.0)	(68, 10267.0)	(70, 10962.0)	(72, 11399.0)	(74, 12190.0)	(76, 14074.0)	(78, 14898.0)	(80, 16099.0)	(82, 18312.0)	(84, 19538.0)	(86, 21154.0)	(88, 22446.0)	(90, 23726.0)	(92, 27121.0)	(94, 36094.0)	(96, 49124.0)	(98, 261883.0)	(100, 2759754.0)
SRR20277635_1	(34, 357825.0)	(36, 3427.0)	(38, 4179.0)	(40, 5982.0)	(42, 5648.0)	(44, 8325.0)	(46, 8474.0)	(48, 7953.0)	(50, 9736.0)	(52, 9055.0)	(54, 7603.0)	(56, 7611.0)	(58, 7914.0)	(60, 9666.0)	(62, 9738.0)	(64, 10860.0)	(66, 10430.0)	(68, 11023.0)	(70, 11883.0)	(72, 12306.0)	(74, 12990.0)	(76, 14521.0)	(78, 15611.0)	(80, 16880.0)	(82, 19244.0)	(84, 20667.0)	(86, 21816.0)	(88, 23358.0)	(90, 24070.0)	(92, 26967.0)	(94, 31050.0)	(96, 40779.0)	(98, 251297.0)	(100, 2690330.0)
SRR20277635_2	(34, 343182.0)	(36, 2227.0)	(38, 3239.0)	(40, 4674.0)	(42, 4022.0)	(44, 5242.0)	(46, 5885.0)	(48, 6288.0)	(50, 7227.0)	(52, 6645.0)	(54, 6399.0)	(56, 6461.0)	(58, 6842.0)	(60, 8655.0)	(62, 9080.0)	(64, 10272.0)	(66, 9742.0)	(68, 10087.0)	(70, 10936.0)	(72, 11433.0)	(74, 12441.0)	(76, 13790.0)	(78, 14980.0)	(80, 16342.0)	(82, 18263.0)	(84, 19416.0)	(86, 20949.0)	(88, 22521.0)	(90, 23397.0)	(92, 26935.0)	(94, 35851.0)	(96, 48587.0)	(98, 260082.0)	(100, 2717126.0)
SRR20277636_1	(34, 328773.0)	(36, 5033.0)	(38, 5966.0)	(40, 8008.0)	(42, 8390.0)	(44, 9984.0)	(46, 10311.0)	(48, 11572.0)	(50, 13496.0)	(52, 15066.0)	(54, 16867.0)	(56, 20493.0)	(58, 23860.0)	(60, 27075.0)	(62, 29091.0)	(64, 29495.0)	(66, 29251.0)	(68, 31892.0)	(70, 34516.0)	(72, 37782.0)	(74, 39371.0)	(76, 44248.0)	(78, 48190.0)	(80, 54293.0)	(82, 57475.0)	(84, 62786.0)	(86, 66216.0)	(88, 71024.0)	(90, 73659.0)	(92, 77885.0)	(94, 87006.0)	(96, 114478.0)	(98, 620470.0)	(100, 5589626.0)
SRR20277636_2	(34, 318890.0)	(36, 3946.0)	(38, 5202.0)	(40, 7231.0)	(42, 7155.0)	(44, 8365.0)	(46, 9075.0)	(48, 10304.0)	(50, 11979.0)	(52, 13930.0)	(54, 16172.0)	(56, 19897.0)	(58, 23314.0)	(60, 26435.0)	(62, 28652.0)	(64, 29233.0)	(66, 28651.0)	(68, 31506.0)	(70, 34122.0)	(72, 37502.0)	(74, 39363.0)	(76, 44124.0)	(78, 48121.0)	(80, 54116.0)	(82, 57173.0)	(84, 61982.0)	(86, 65301.0)	(88, 70803.0)	(90, 73454.0)	(92, 79198.0)	(94, 98811.0)	(96, 136918.0)	(98, 640825.0)	(100, 5561898.0)
SRR20277637_1	(34, 304598.0)	(36, 4614.0)	(38, 5726.0)	(40, 7674.0)	(42, 8141.0)	(44, 9393.0)	(46, 9970.0)	(48, 11215.0)	(50, 13138.0)	(52, 14426.0)	(54, 16599.0)	(56, 20423.0)	(58, 23566.0)	(60, 26806.0)	(62, 28809.0)	(64, 29612.0)	(66, 28699.0)	(68, 31137.0)	(70, 34201.0)	(72, 36989.0)	(74, 38813.0)	(76, 43738.0)	(78, 47392.0)	(80, 53600.0)	(82, 56562.0)	(84, 61202.0)	(86, 65174.0)	(88, 70147.0)	(90, 73160.0)	(92, 76743.0)	(94, 86304.0)	(96, 113004.0)	(98, 614524.0)	(100, 5503031.0)
SRR20277637_2	(34, 291481.0)	(36, 3717.0)	(38, 4943.0)	(40, 6925.0)	(42, 7128.0)	(44, 8173.0)	(46, 8637.0)	(48, 9993.0)	(50, 11610.0)	(52, 13345.0)	(54, 15768.0)	(56, 19616.0)	(58, 23245.0)	(60, 26207.0)	(62, 28377.0)	(64, 29114.0)	(66, 28004.0)	(68, 30474.0)	(70, 33392.0)	(72, 36700.0)	(74, 38821.0)	(76, 43570.0)	(78, 46948.0)	(80, 53386.0)	(82, 56192.0)	(84, 60235.0)	(86, 64578.0)	(88, 69664.0)	(90, 72749.0)	(92, 77960.0)	(94, 97703.0)	(96, 135489.0)	(98, 633782.0)	(100, 5481204.0)
SRR20277638_1	(34, 310596.0)	(36, 4589.0)	(38, 5517.0)	(40, 7314.0)	(42, 7976.0)	(44, 9100.0)	(46, 9501.0)	(48, 10710.0)	(50, 13007.0)	(52, 14377.0)	(54, 16421.0)	(56, 19993.0)	(58, 23161.0)	(60, 26480.0)	(62, 28486.0)	(64, 28759.0)	(66, 28457.0)	(68, 31219.0)	(70, 33997.0)	(72, 37031.0)	(74, 38835.0)	(76, 43814.0)	(78, 47813.0)	(80, 53969.0)	(82, 57263.0)	(84, 62382.0)	(86, 66002.0)	(88, 70660.0)	(90, 73950.0)	(92, 77668.0)	(94, 87789.0)	(96, 115553.0)	(98, 628139.0)	(100, 5657280.0)
SRR20277638_2	(34, 299125.0)	(36, 3614.0)	(38, 4664.0)	(40, 6431.0)	(42, 6582.0)	(44, 7381.0)	(46, 8010.0)	(48, 9156.0)	(50, 11422.0)	(52, 12912.0)	(54, 15491.0)	(56, 19208.0)	(58, 22358.0)	(60, 25658.0)	(62, 27786.0)	(64, 28244.0)	(66, 27843.0)	(68, 30792.0)	(70, 33462.0)	(72, 36710.0)	(74, 38845.0)	(76, 43811.0)	(78, 47685.0)	(80, 53806.0)	(82, 57096.0)	(84, 61595.0)	(86, 65223.0)	(88, 70288.0)	(90, 73668.0)	(92, 78769.0)	(94, 99531.0)	(96, 138445.0)	(98, 647447.0)	(100, 5634750.0)
SRR20277639_1	(34, 300676.0)	(36, 4518.0)	(38, 5672.0)	(40, 7525.0)	(42, 7900.0)	(44, 9505.0)	(46, 9693.0)	(48, 10922.0)	(50, 13148.0)	(52, 14454.0)	(54, 16633.0)	(56, 20358.0)	(58, 23659.0)	(60, 26472.0)	(62, 28415.0)	(64, 29162.0)	(66, 28670.0)	(68, 31466.0)	(70, 34055.0)	(72, 36931.0)	(74, 39063.0)	(76, 43938.0)	(78, 47812.0)	(80, 54172.0)	(82, 56458.0)	(84, 62129.0)	(86, 65808.0)	(88, 70416.0)	(90, 73711.0)	(92, 77626.0)	(94, 86267.0)	(96, 114272.0)	(98, 624389.0)	(100, 5586488.0)
SRR20277639_2	(34, 287825.0)	(36, 3587.0)	(38, 4811.0)	(40, 6617.0)	(42, 6717.0)	(44, 7908.0)	(46, 8308.0)	(48, 9562.0)	(50, 11440.0)	(52, 13101.0)	(54, 15488.0)	(56, 19405.0)	(58, 23057.0)	(60, 25732.0)	(62, 27815.0)	(64, 28441.0)	(66, 27786.0)	(68, 30781.0)	(70, 33164.0)	(72, 36555.0)	(74, 38815.0)	(76, 43392.0)	(78, 47403.0)	(80, 53972.0)	(82, 56174.0)	(84, 61413.0)	(86, 65159.0)	(88, 70118.0)	(90, 73374.0)	(92, 79008.0)	(94, 98041.0)	(96, 137296.0)	(98, 644225.0)	(100, 5565893.0)
SRR20277640_1	(34, 13423.0)	(36, 1264.0)	(38, 1687.0)	(40, 2303.0)	(42, 3165.0)	(44, 4831.0)	(46, 5945.0)	(48, 6516.0)	(50, 6836.0)	(52, 7563.0)	(54, 7058.0)	(56, 6898.0)	(58, 7047.0)	(60, 8212.0)	(62, 8651.0)	(64, 9411.0)	(66, 10143.0)	(68, 11007.0)	(70, 12162.0)	(72, 13838.0)	(74, 15213.0)	(76, 17813.0)	(78, 19226.0)	(80, 22173.0)	(82, 23240.0)	(84, 26066.0)	(86, 29608.0)	(88, 32731.0)	(90, 36216.0)	(92, 39649.0)	(94, 48284.0)	(96, 101504.0)	(98, 841583.0)	(100, 8200129.0)
SRR20277640_2	(34, 14299.0)	(36, 1198.0)	(38, 1580.0)	(40, 2595.0)	(42, 3303.0)	(44, 4947.0)	(46, 5798.0)	(48, 6208.0)	(50, 6539.0)	(52, 6217.0)	(54, 6042.0)	(56, 6367.0)	(58, 6880.0)	(60, 8086.0)	(62, 8603.0)	(64, 9304.0)	(66, 10000.0)	(68, 10917.0)	(70, 12031.0)	(72, 13850.0)	(74, 15664.0)	(76, 18384.0)	(78, 19528.0)	(80, 22629.0)	(82, 23383.0)	(84, 25970.0)	(86, 29686.0)	(88, 33353.0)	(90, 37081.0)	(92, 40981.0)	(94, 51288.0)	(96, 107232.0)	(98, 836490.0)	(100, 8194962.0)
SRR20277641_1	(34, 12487.0)	(36, 1236.0)	(38, 1689.0)	(40, 2218.0)	(42, 3158.0)	(44, 4674.0)	(46, 5815.0)	(48, 6413.0)	(50, 6735.0)	(52, 7420.0)	(54, 6906.0)	(56, 6798.0)	(58, 6996.0)	(60, 8020.0)	(62, 8541.0)	(64, 9553.0)	(66, 10068.0)	(68, 10867.0)	(70, 12078.0)	(72, 13712.0)	(74, 15120.0)	(76, 17370.0)	(78, 19014.0)	(80, 22332.0)	(82, 23298.0)	(84, 25575.0)	(86, 29344.0)	(88, 32497.0)	(90, 36301.0)	(92, 39008.0)	(94, 48221.0)	(96, 101150.0)	(98, 833459.0)	(100, 8097449.0)
SRR20277641_2	(34, 13051.0)	(36, 1076.0)	(38, 1518.0)	(40, 2432.0)	(42, 3525.0)	(44, 5144.0)	(46, 5559.0)	(48, 6122.0)	(50, 6418.0)	(52, 6235.0)	(54, 5788.0)	(56, 6219.0)	(58, 7174.0)	(60, 7962.0)	(62, 8476.0)	(64, 9286.0)	(66, 9872.0)	(68, 10524.0)	(70, 11737.0)	(72, 13820.0)	(74, 15713.0)	(76, 17887.0)	(78, 19298.0)	(80, 22843.0)	(82, 23710.0)	(84, 25477.0)	(86, 29758.0)	(88, 33140.0)	(90, 37021.0)	(92, 40339.0)	(94, 50912.0)	(96, 105548.0)	(98, 830119.0)	(100, 8091819.0)
SRR20277642_1	(34, 12331.0)	(36, 1119.0)	(38, 1588.0)	(40, 2153.0)	(42, 2951.0)	(44, 4456.0)	(46, 5531.0)	(48, 6217.0)	(50, 6485.0)	(52, 7190.0)	(54, 6812.0)	(56, 6690.0)	(58, 7103.0)	(60, 7864.0)	(62, 8648.0)	(64, 9345.0)	(66, 10298.0)	(68, 11116.0)	(70, 12224.0)	(72, 13738.0)	(74, 15083.0)	(76, 17602.0)	(78, 19564.0)	(80, 22488.0)	(82, 23637.0)	(84, 26029.0)	(86, 29901.0)	(88, 32529.0)	(90, 36829.0)	(92, 39489.0)	(94, 48721.0)	(96, 103760.0)	(98, 853720.0)	(100, 8307264.0)
SRR20277642_2	(34, 12723.0)	(36, 1057.0)	(38, 1416.0)	(40, 2185.0)	(42, 2851.0)	(44, 4178.0)	(46, 4841.0)	(48, 5621.0)	(50, 6021.0)	(52, 5529.0)	(54, 5427.0)	(56, 5890.0)	(58, 6592.0)	(60, 7534.0)	(62, 8283.0)	(64, 8944.0)	(66, 10026.0)	(68, 10740.0)	(70, 12073.0)	(72, 13675.0)	(74, 15384.0)	(76, 18001.0)	(78, 19915.0)	(80, 22879.0)	(82, 23738.0)	(84, 25855.0)	(86, 30009.0)	(88, 33019.0)	(90, 37540.0)	(92, 40487.0)	(94, 51737.0)	(96, 109313.0)	(98, 849314.0)	(100, 8307678.0)
SRR20277643_1	(34, 12322.0)	(36, 1078.0)	(38, 1655.0)	(40, 2181.0)	(42, 3058.0)	(44, 4504.0)	(46, 5671.0)	(48, 6267.0)	(50, 6579.0)	(52, 7276.0)	(54, 6987.0)	(56, 6727.0)	(58, 7008.0)	(60, 7942.0)	(62, 8746.0)	(64, 9388.0)	(66, 10356.0)	(68, 10920.0)	(70, 12040.0)	(72, 13583.0)	(74, 14917.0)	(76, 17654.0)	(78, 19473.0)	(80, 22194.0)	(82, 23605.0)	(84, 26294.0)	(86, 29294.0)	(88, 32359.0)	(90, 36400.0)	(92, 39319.0)	(94, 48649.0)	(96, 102300.0)	(98, 847647.0)	(100, 8223399.0)
SRR20277643_2	(34, 12646.0)	(36, 948.0)	(38, 1475.0)	(40, 2269.0)	(42, 3097.0)	(44, 4486.0)	(46, 5124.0)	(48, 5785.0)	(50, 5957.0)	(52, 5678.0)	(54, 5528.0)	(56, 5932.0)	(58, 6897.0)	(60, 7779.0)	(62, 8422.0)	(64, 8751.0)	(66, 9863.0)	(68, 10345.0)	(70, 11542.0)	(72, 13555.0)	(74, 15277.0)	(76, 17827.0)	(78, 19447.0)	(80, 22405.0)	(82, 23903.0)	(84, 26190.0)	(86, 29686.0)	(88, 32950.0)	(90, 37003.0)	(92, 40722.0)	(94, 51539.0)	(96, 106895.0)	(98, 845435.0)	(100, 8222434.0)
SRR20277644_1	(34, 7484.0)	(36, 146.0)	(38, 166.0)	(40, 198.0)	(42, 266.0)	(44, 343.0)	(46, 397.0)	(48, 557.0)	(50, 680.0)	(52, 919.0)	(54, 1180.0)	(56, 1503.0)	(58, 1727.0)	(60, 2301.0)	(62, 2916.0)	(64, 3478.0)	(66, 4335.0)	(68, 5113.0)	(70, 5954.0)	(72, 7567.0)	(74, 8918.0)	(76, 10802.0)	(78, 12609.0)	(80, 15004.0)	(82, 17809.0)	(84, 20644.0)	(86, 24585.0)	(88, 28579.0)	(90, 33033.0)	(92, 36690.0)	(94, 45882.0)	(96, 98285.0)	(98, 826844.0)	(100, 8121304.0)
SRR20277644_2	(34, 8887.0)	(36, 288.0)	(38, 385.0)	(40, 750.0)	(42, 1040.0)	(44, 1184.0)	(46, 1470.0)	(48, 1366.0)	(50, 1631.0)	(52, 1755.0)	(54, 1859.0)	(56, 2308.0)	(58, 2445.0)	(60, 3119.0)	(62, 3644.0)	(64, 4208.0)	(66, 4853.0)	(68, 5669.0)	(70, 6375.0)	(72, 7937.0)	(74, 9689.0)	(76, 11781.0)	(78, 13333.0)	(80, 15794.0)	(82, 18160.0)	(84, 20783.0)	(86, 24861.0)	(88, 29544.0)	(90, 33960.0)	(92, 38016.0)	(94, 48365.0)	(96, 103583.0)	(98, 816614.0)	(100, 8102562.0)
SRR20277645_1	(34, 6782.0)	(36, 113.0)	(38, 153.0)	(40, 211.0)	(42, 228.0)	(44, 374.0)	(46, 409.0)	(48, 532.0)	(50, 675.0)	(52, 968.0)	(54, 1156.0)	(56, 1459.0)	(58, 1654.0)	(60, 2283.0)	(62, 2886.0)	(64, 3563.0)	(66, 4053.0)	(68, 4945.0)	(70, 5945.0)	(72, 7527.0)	(74, 8685.0)	(76, 10641.0)	(78, 12435.0)	(80, 14883.0)	(82, 17516.0)	(84, 20256.0)	(86, 23998.0)	(88, 27923.0)	(90, 32507.0)	(92, 35774.0)	(94, 45012.0)	(96, 96843.0)	(98, 814451.0)	(100, 7968190.0)
SRR20277645_2	(34, 7879.0)	(36, 173.0)	(38, 339.0)	(40, 751.0)	(42, 1069.0)	(44, 1494.0)	(46, 1313.0)	(48, 1383.0)	(50, 1401.0)	(52, 1776.0)	(54, 1735.0)	(56, 2152.0)	(58, 2741.0)	(60, 3196.0)	(62, 3732.0)	(64, 4152.0)	(66, 4510.0)	(68, 5241.0)	(70, 6250.0)	(72, 8039.0)	(74, 9677.0)	(76, 11396.0)	(78, 13027.0)	(80, 15669.0)	(82, 18081.0)	(84, 20393.0)	(86, 24724.0)	(88, 28800.0)	(90, 33347.0)	(92, 37402.0)	(94, 47261.0)	(96, 101879.0)	(98, 802936.0)	(100, 7951112.0)
SRR20277646_1	(34, 6982.0)	(36, 138.0)	(38, 134.0)	(40, 196.0)	(42, 273.0)	(44, 345.0)	(46, 401.0)	(48, 516.0)	(50, 671.0)	(52, 952.0)	(54, 1101.0)	(56, 1349.0)	(58, 1694.0)	(60, 2328.0)	(62, 2918.0)	(64, 3599.0)	(66, 4089.0)	(68, 4914.0)	(70, 6028.0)	(72, 7534.0)	(74, 8841.0)	(76, 10768.0)	(78, 12440.0)	(80, 14929.0)	(82, 17946.0)	(84, 20762.0)	(86, 24446.0)	(88, 28974.0)	(90, 33147.0)	(92, 36979.0)	(94, 46133.0)	(96, 98776.0)	(98, 836470.0)	(100, 8208846.0)
SRR20277646_2	(34, 7949.0)	(36, 258.0)	(38, 249.0)	(40, 523.0)	(42, 734.0)	(44, 750.0)	(46, 920.0)	(48, 1046.0)	(50, 1278.0)	(52, 1320.0)	(54, 1449.0)	(56, 1859.0)	(58, 2130.0)	(60, 2855.0)	(62, 3371.0)	(64, 4050.0)	(66, 4489.0)	(68, 5276.0)	(70, 6298.0)	(72, 7889.0)	(74, 9525.0)	(76, 11620.0)	(78, 13191.0)	(80, 15604.0)	(82, 18340.0)	(84, 20852.0)	(86, 24798.0)	(88, 29799.0)	(90, 33854.0)	(92, 38048.0)	(94, 48322.0)	(96, 104163.0)	(98, 826736.0)	(100, 8196074.0)
SRR20277647_1	(34, 6760.0)	(36, 135.0)	(38, 166.0)	(40, 177.0)	(42, 269.0)	(44, 315.0)	(46, 387.0)	(48, 548.0)	(50, 652.0)	(52, 910.0)	(54, 1098.0)	(56, 1345.0)	(58, 1680.0)	(60, 2353.0)	(62, 2893.0)	(64, 3612.0)	(66, 4166.0)	(68, 5044.0)	(70, 6033.0)	(72, 7416.0)	(74, 8749.0)	(76, 10745.0)	(78, 12246.0)	(80, 14955.0)	(82, 17679.0)	(84, 20528.0)	(86, 24119.0)	(88, 28413.0)	(90, 33099.0)	(92, 36309.0)	(94, 45858.0)	(96, 97818.0)	(98, 826286.0)	(100, 8082539.0)
SRR20277647_2	(34, 7544.0)	(36, 194.0)	(38, 243.0)	(40, 546.0)	(42, 860.0)	(44, 948.0)	(46, 1063.0)	(48, 1221.0)	(50, 1076.0)	(52, 1424.0)	(54, 1367.0)	(56, 1781.0)	(58, 2442.0)	(60, 3025.0)	(62, 3420.0)	(64, 3940.0)	(66, 4439.0)	(68, 5152.0)	(70, 6114.0)	(72, 7716.0)	(74, 9434.0)	(76, 11317.0)	(78, 12706.0)	(80, 15559.0)	(82, 18256.0)	(84, 20663.0)	(86, 24686.0)	(88, 29257.0)	(90, 33779.0)	(92, 37937.0)	(94, 48168.0)	(96, 103549.0)	(98, 816442.0)	(100, 8069034.0)
SRR20277648_1	(34, 327768.0)	(36, 2461.0)	(38, 2530.0)	(40, 3519.0)	(42, 3352.0)	(44, 3246.0)	(46, 3539.0)	(48, 4133.0)	(50, 3726.0)	(52, 3771.0)	(54, 2369.0)	(56, 1913.0)	(58, 1470.0)	(60, 1648.0)	(62, 1251.0)	(64, 1249.0)	(66, 1057.0)	(68, 1093.0)	(70, 1141.0)	(72, 1134.0)	(74, 1125.0)	(76, 1244.0)	(78, 1240.0)	(80, 1521.0)	(82, 1462.0)	(84, 1683.0)	(86, 1934.0)	(88, 2206.0)	(90, 2463.0)	(92, 2623.0)	(94, 3118.0)	(96, 7077.0)	(98, 54031.0)	(100, 834343.0)
SRR20277648_2	(34, 308114.0)	(36, 1478.0)	(38, 1885.0)	(40, 2690.0)	(42, 2329.0)	(44, 1945.0)	(46, 2245.0)	(48, 2615.0)	(50, 2331.0)	(52, 2321.0)	(54, 1712.0)	(56, 1446.0)	(58, 1086.0)	(60, 1146.0)	(62, 992.0)	(64, 1057.0)	(66, 955.0)	(68, 867.0)	(70, 1006.0)	(72, 1019.0)	(74, 1086.0)	(76, 1191.0)	(78, 1243.0)	(80, 1523.0)	(82, 1386.0)	(84, 1607.0)	(86, 1848.0)	(88, 2212.0)	(90, 2604.0)	(92, 2611.0)	(94, 3197.0)	(96, 5842.0)	(98, 64084.0)	(100, 858767.0)
SRR20277649_1	(34, 291092.0)	(36, 2114.0)	(38, 2215.0)	(40, 3046.0)	(42, 2849.0)	(44, 2825.0)	(46, 3144.0)	(48, 3736.0)	(50, 3400.0)	(52, 3278.0)	(54, 2106.0)	(56, 1889.0)	(58, 1527.0)	(60, 1455.0)	(62, 1139.0)	(64, 1149.0)	(66, 1024.0)	(68, 1080.0)	(70, 1013.0)	(72, 1152.0)	(74, 1107.0)	(76, 1165.0)	(78, 1227.0)	(80, 1428.0)	(82, 1505.0)	(84, 1623.0)	(86, 1897.0)	(88, 2146.0)	(90, 2486.0)	(92, 2590.0)	(94, 3025.0)	(96, 6964.0)	(98, 52824.0)	(100, 802338.0)
SRR20277649_2	(34, 267093.0)	(36, 1351.0)	(38, 1663.0)	(40, 2332.0)	(42, 2012.0)	(44, 1746.0)	(46, 1980.0)	(48, 2478.0)	(50, 2118.0)	(52, 2099.0)	(54, 1564.0)	(56, 1444.0)	(58, 1148.0)	(60, 1017.0)	(62, 951.0)	(64, 970.0)	(66, 900.0)	(68, 839.0)	(70, 887.0)	(72, 1084.0)	(74, 1100.0)	(76, 1108.0)	(78, 1192.0)	(80, 1418.0)	(82, 1447.0)	(84, 1494.0)	(86, 1851.0)	(88, 2147.0)	(90, 2601.0)	(92, 2591.0)	(94, 3050.0)	(96, 5816.0)	(98, 62572.0)	(100, 829495.0)
SRR20277650_1	(34, 285824.0)	(36, 2017.0)	(38, 2182.0)	(40, 2853.0)	(42, 2808.0)	(44, 2702.0)	(46, 2909.0)	(48, 3416.0)	(50, 3209.0)	(52, 3054.0)	(54, 2094.0)	(56, 1759.0)	(58, 1391.0)	(60, 1461.0)	(62, 1076.0)	(64, 1152.0)	(66, 1057.0)	(68, 1073.0)	(70, 1109.0)	(72, 1222.0)	(74, 1155.0)	(76, 1189.0)	(78, 1190.0)	(80, 1484.0)	(82, 1433.0)	(84, 1755.0)	(86, 1924.0)	(88, 2224.0)	(90, 2470.0)	(92, 2679.0)	(94, 3271.0)	(96, 7168.0)	(98, 54351.0)	(100, 836227.0)
SRR20277650_2	(34, 262399.0)	(36, 1217.0)	(38, 1647.0)	(40, 2148.0)	(42, 1898.0)	(44, 1540.0)	(46, 1788.0)	(48, 2189.0)	(50, 1990.0)	(52, 1847.0)	(54, 1455.0)	(56, 1291.0)	(58, 964.0)	(60, 984.0)	(62, 878.0)	(64, 915.0)	(66, 873.0)	(68, 871.0)	(70, 917.0)	(72, 1073.0)	(74, 1075.0)	(76, 1133.0)	(78, 1163.0)	(80, 1497.0)	(82, 1355.0)	(84, 1658.0)	(86, 1847.0)	(88, 2219.0)	(90, 2605.0)	(92, 2624.0)	(94, 3333.0)	(96, 6165.0)	(98, 65063.0)	(100, 862267.0)
SRR20277651_1	(34, 281462.0)	(36, 1976.0)	(38, 2204.0)	(40, 2880.0)	(42, 2693.0)	(44, 2691.0)	(46, 2991.0)	(48, 3499.0)	(50, 3337.0)	(52, 3194.0)	(54, 2161.0)	(56, 1754.0)	(58, 1497.0)	(60, 1498.0)	(62, 1185.0)	(64, 1106.0)	(66, 988.0)	(68, 1050.0)	(70, 1055.0)	(72, 1073.0)	(74, 1136.0)	(76, 1109.0)	(78, 1195.0)	(80, 1455.0)	(82, 1467.0)	(84, 1668.0)	(86, 1885.0)	(88, 2175.0)	(90, 2418.0)	(92, 2710.0)	(94, 3139.0)	(96, 6870.0)	(98, 53728.0)	(100, 808567.0)
SRR20277651_2	(34, 259378.0)	(36, 1264.0)	(38, 1658.0)	(40, 2249.0)	(42, 1938.0)	(44, 1626.0)	(46, 1875.0)	(48, 2282.0)	(50, 2200.0)	(52, 2079.0)	(54, 1557.0)	(56, 1407.0)	(58, 1074.0)	(60, 1027.0)	(62, 917.0)	(64, 938.0)	(66, 809.0)	(68, 816.0)	(70, 866.0)	(72, 974.0)	(74, 1096.0)	(76, 1082.0)	(78, 1136.0)	(80, 1426.0)	(82, 1398.0)	(84, 1598.0)	(86, 1862.0)	(88, 2163.0)	(90, 2560.0)	(92, 2667.0)	(94, 3150.0)	(96, 5794.0)	(98, 63645.0)	(100, 833305.0)
SRR20277652_1	(34, 23468.0)	(36, 322.0)	(38, 387.0)	(40, 486.0)	(42, 528.0)	(44, 529.0)	(46, 631.0)	(48, 777.0)	(50, 807.0)	(52, 1072.0)	(54, 1134.0)	(56, 1156.0)	(58, 1432.0)	(60, 1897.0)	(62, 2307.0)	(64, 2690.0)	(66, 3023.0)	(68, 3375.0)	(70, 3878.0)	(72, 4623.0)	(74, 5224.0)	(76, 6054.0)	(78, 6738.0)	(80, 7851.0)	(82, 9237.0)	(84, 10282.0)	(86, 11785.0)	(88, 13100.0)	(90, 14889.0)	(92, 16509.0)	(94, 22872.0)	(96, 64923.0)	(98, 666367.0)	(100, 6879819.0)
SRR20277652_2	(34, 23656.0)	(36, 374.0)	(38, 479.0)	(40, 853.0)	(42, 1012.0)	(44, 1088.0)	(46, 1375.0)	(48, 1346.0)	(50, 1422.0)	(52, 1543.0)	(54, 1557.0)	(56, 1738.0)	(58, 1969.0)	(60, 2457.0)	(62, 2825.0)	(64, 3198.0)	(66, 3396.0)	(68, 3734.0)	(70, 4155.0)	(72, 4918.0)	(74, 5733.0)	(76, 6742.0)	(78, 7333.0)	(80, 8341.0)	(82, 9465.0)	(84, 10404.0)	(86, 12039.0)	(88, 13875.0)	(90, 15927.0)	(92, 17648.0)	(94, 24565.0)	(96, 70675.0)	(98, 693620.0)	(100, 6830710.0)
SRR20277653_1	(34, 21721.0)	(36, 296.0)	(38, 346.0)	(40, 491.0)	(42, 437.0)	(44, 503.0)	(46, 619.0)	(48, 698.0)	(50, 765.0)	(52, 1048.0)	(54, 1072.0)	(56, 1119.0)	(58, 1311.0)	(60, 1810.0)	(62, 2291.0)	(64, 2562.0)	(66, 2900.0)	(68, 3224.0)	(70, 3815.0)	(72, 4734.0)	(74, 5305.0)	(76, 5906.0)	(78, 6616.0)	(80, 7533.0)	(82, 8796.0)	(84, 10366.0)	(86, 11431.0)	(88, 12876.0)	(90, 14700.0)	(92, 16052.0)	(94, 21892.0)	(96, 63292.0)	(98, 653458.0)	(100, 6725802.0)
SRR20277653_2	(34, 21645.0)	(36, 302.0)	(38, 413.0)	(40, 846.0)	(42, 1065.0)	(44, 1363.0)	(46, 1212.0)	(48, 1253.0)	(50, 1280.0)	(52, 1580.0)	(54, 1437.0)	(56, 1627.0)	(58, 2127.0)	(60, 2514.0)	(62, 2846.0)	(64, 2957.0)	(66, 3180.0)	(68, 3416.0)	(70, 3956.0)	(72, 5157.0)	(74, 5968.0)	(76, 6522.0)	(78, 7049.0)	(80, 8066.0)	(82, 9279.0)	(84, 10410.0)	(86, 12080.0)	(88, 13659.0)	(90, 15595.0)	(92, 17300.0)	(94, 23592.0)	(96, 69962.0)	(98, 679118.0)	(100, 6677011.0)
SRR20277654_1	(34, 21760.0)	(36, 279.0)	(38, 340.0)	(40, 459.0)	(42, 493.0)	(44, 458.0)	(46, 596.0)	(48, 726.0)	(50, 799.0)	(52, 988.0)	(54, 1092.0)	(56, 1191.0)	(58, 1326.0)	(60, 1754.0)	(62, 2246.0)	(64, 2685.0)	(66, 2945.0)	(68, 3213.0)	(70, 3882.0)	(72, 4708.0)	(74, 5268.0)	(76, 5916.0)	(78, 6797.0)	(80, 7745.0)	(82, 8966.0)	(84, 10479.0)	(86, 11735.0)	(88, 13044.0)	(90, 14982.0)	(92, 16337.0)	(94, 22504.0)	(96, 65275.0)	(98, 670954.0)	(100, 6933474.0)
SRR20277654_2	(34, 21486.0)	(36, 290.0)	(38, 359.0)	(40, 642.0)	(42, 745.0)	(44, 724.0)	(46, 863.0)	(48, 1034.0)	(50, 1171.0)	(52, 1195.0)	(54, 1263.0)	(56, 1436.0)	(58, 1553.0)	(60, 2140.0)	(62, 2543.0)	(64, 3016.0)	(66, 3165.0)	(68, 3456.0)	(70, 4087.0)	(72, 4933.0)	(74, 5754.0)	(76, 6543.0)	(78, 7336.0)	(80, 8197.0)	(82, 9137.0)	(84, 10665.0)	(86, 12062.0)	(88, 13782.0)	(90, 15847.0)	(92, 17257.0)	(94, 24067.0)	(96, 71851.0)	(98, 700043.0)	(100, 6886774.0)
SRR20277655_1	(34, 21027.0)	(36, 293.0)	(38, 301.0)	(40, 448.0)	(42, 464.0)	(44, 442.0)	(46, 584.0)	(48, 717.0)	(50, 796.0)	(52, 1015.0)	(54, 1070.0)	(56, 1127.0)	(58, 1423.0)	(60, 1776.0)	(62, 2261.0)	(64, 2599.0)	(66, 2991.0)	(68, 3225.0)	(70, 3844.0)	(72, 4578.0)	(74, 5215.0)	(76, 5772.0)	(78, 6543.0)	(80, 7588.0)	(82, 8941.0)	(84, 10103.0)	(86, 11795.0)	(88, 13101.0)	(90, 14594.0)	(92, 16020.0)	(94, 22398.0)	(96, 64182.0)	(98, 660104.0)	(100, 6791749.0)
SRR20277655_2	(34, 20759.0)	(36, 266.0)	(38, 322.0)	(40, 714.0)	(42, 854.0)	(44, 900.0)	(46, 1004.0)	(48, 1128.0)	(50, 1038.0)	(52, 1226.0)	(54, 1180.0)	(56, 1376.0)	(58, 2005.0)	(60, 2278.0)	(62, 2590.0)	(64, 2765.0)	(66, 3095.0)	(68, 3270.0)	(70, 3849.0)	(72, 4830.0)	(74, 5701.0)	(76, 6097.0)	(78, 6854.0)	(80, 7983.0)	(82, 9276.0)	(84, 10185.0)	(86, 12350.0)	(88, 13712.0)	(90, 15347.0)	(92, 17125.0)	(94, 24042.0)	(96, 69913.0)	(98, 689010.0)	(100, 6746042.0)
SRR20277656_1	(34, 9065.0)	(36, 211.0)	(38, 234.0)	(40, 359.0)	(42, 382.0)	(44, 491.0)	(46, 571.0)	(48, 710.0)	(50, 924.0)	(52, 1170.0)	(54, 1438.0)	(56, 1784.0)	(58, 2044.0)	(60, 2690.0)	(62, 3556.0)	(64, 4212.0)	(66, 4890.0)	(68, 5412.0)	(70, 6600.0)	(72, 7966.0)	(74, 9814.0)	(76, 11172.0)	(78, 12828.0)	(80, 15094.0)	(82, 17938.0)	(84, 21243.0)	(86, 24765.0)	(88, 28086.0)	(90, 32477.0)	(92, 36108.0)	(94, 46367.0)	(96, 98629.0)	(98, 800951.0)	(100, 7964031.0)
SRR20277656_2	(34, 10138.0)	(36, 340.0)	(38, 431.0)	(40, 852.0)	(42, 977.0)	(44, 1212.0)	(46, 1528.0)	(48, 1493.0)	(50, 1768.0)	(52, 1821.0)	(54, 2003.0)	(56, 2447.0)	(58, 2744.0)	(60, 3332.0)	(62, 4146.0)	(64, 4822.0)	(66, 5316.0)	(68, 5855.0)	(70, 6959.0)	(72, 8338.0)	(74, 10464.0)	(76, 11900.0)	(78, 13470.0)	(80, 15711.0)	(82, 18189.0)	(84, 21267.0)	(86, 24991.0)	(88, 28818.0)	(90, 33289.0)	(92, 37090.0)	(94, 48234.0)	(96, 105597.0)	(98, 833929.0)	(100, 7904741.0)
SRR20277657_1	(34, 8427.0)	(36, 182.0)	(38, 218.0)	(40, 359.0)	(42, 404.0)	(44, 428.0)	(46, 551.0)	(48, 692.0)	(50, 836.0)	(52, 1176.0)	(54, 1410.0)	(56, 1751.0)	(58, 1927.0)	(60, 2663.0)	(62, 3453.0)	(64, 4214.0)	(66, 4670.0)	(68, 5248.0)	(70, 6511.0)	(72, 7944.0)	(74, 9485.0)	(76, 11034.0)	(78, 12735.0)	(80, 14790.0)	(82, 17780.0)	(84, 21101.0)	(86, 24636.0)	(88, 27417.0)	(90, 31482.0)	(92, 35462.0)	(94, 45465.0)	(96, 96126.0)	(98, 787635.0)	(100, 7804471.0)
SRR20277657_2	(34, 9137.0)	(36, 240.0)	(38, 373.0)	(40, 844.0)	(42, 1185.0)	(44, 1392.0)	(46, 1358.0)	(48, 1488.0)	(50, 1457.0)	(52, 1871.0)	(54, 1872.0)	(56, 2404.0)	(58, 2904.0)	(60, 3480.0)	(62, 4115.0)	(64, 4763.0)	(66, 5017.0)	(68, 5424.0)	(70, 6704.0)	(72, 8501.0)	(74, 10357.0)	(76, 11664.0)	(78, 13195.0)	(80, 15443.0)	(82, 18292.0)	(84, 21143.0)	(86, 25165.0)	(88, 28140.0)	(90, 32218.0)	(92, 36851.0)	(94, 47212.0)	(96, 104436.0)	(98, 819268.0)	(100, 7744770.0)
SRR20277658_1	(34, 8468.0)	(36, 187.0)	(38, 226.0)	(40, 344.0)	(42, 347.0)	(44, 434.0)	(46, 568.0)	(48, 668.0)	(50, 895.0)	(52, 1198.0)	(54, 1450.0)	(56, 1809.0)	(58, 2022.0)	(60, 2598.0)	(62, 3517.0)	(64, 4348.0)	(66, 4633.0)	(68, 5523.0)	(70, 6498.0)	(72, 8145.0)	(74, 9676.0)	(76, 11208.0)	(78, 12770.0)	(80, 15112.0)	(82, 17947.0)	(84, 21563.0)	(86, 24657.0)	(88, 28237.0)	(90, 32794.0)	(92, 36406.0)	(94, 46444.0)	(96, 99152.0)	(98, 808039.0)	(100, 8066417.0)
SRR20277658_2	(34, 9118.0)	(36, 278.0)	(38, 313.0)	(40, 642.0)	(42, 736.0)	(44, 759.0)	(46, 989.0)	(48, 1132.0)	(50, 1361.0)	(52, 1472.0)	(54, 1648.0)	(56, 2189.0)	(58, 2309.0)	(60, 2985.0)	(62, 3900.0)	(64, 4722.0)	(66, 4958.0)	(68, 5820.0)	(70, 6753.0)	(72, 8491.0)	(74, 10207.0)	(76, 11909.0)	(78, 13438.0)	(80, 15714.0)	(82, 18087.0)	(84, 21644.0)	(86, 24921.0)	(88, 29044.0)	(90, 33588.0)	(92, 37389.0)	(94, 48118.0)	(96, 106767.0)	(98, 846709.0)	(100, 8006190.0)
SRR20277659_1	(34, 8436.0)	(36, 211.0)	(38, 228.0)	(40, 351.0)	(42, 386.0)	(44, 439.0)	(46, 572.0)	(48, 687.0)	(50, 882.0)	(52, 1186.0)	(54, 1387.0)	(56, 1767.0)	(58, 1994.0)	(60, 2558.0)	(62, 3570.0)	(64, 4115.0)	(66, 4825.0)	(68, 5405.0)	(70, 6535.0)	(72, 7953.0)	(74, 9493.0)	(76, 10999.0)	(78, 12660.0)	(80, 15079.0)	(82, 17662.0)	(84, 21360.0)	(86, 24596.0)	(88, 27701.0)	(90, 32223.0)	(92, 36004.0)	(94, 45722.0)	(96, 98344.0)	(98, 801383.0)	(100, 7946419.0)
SRR20277659_2	(34, 8960.0)	(36, 223.0)	(38, 300.0)	(40, 694.0)	(42, 940.0)	(44, 1010.0)	(46, 1147.0)	(48, 1326.0)	(50, 1210.0)	(52, 1543.0)	(54, 1522.0)	(56, 2179.0)	(58, 2622.0)	(60, 3132.0)	(62, 3978.0)	(64, 4342.0)	(66, 4953.0)	(68, 5478.0)	(70, 6606.0)	(72, 8275.0)	(74, 10159.0)	(76, 11429.0)	(78, 13040.0)	(80, 15522.0)	(82, 18189.0)	(84, 21336.0)	(86, 25132.0)	(88, 28392.0)	(90, 32882.0)	(92, 37190.0)	(94, 47521.0)	(96, 105557.0)	(98, 836103.0)	(100, 7890240.0)
SRR20277660_1	(34, 5699.0)	(36, 226.0)	(38, 357.0)	(40, 487.0)	(42, 489.0)	(44, 593.0)	(46, 771.0)	(48, 932.0)	(50, 1262.0)	(52, 1422.0)	(54, 1680.0)	(56, 1963.0)	(58, 2305.0)	(60, 2852.0)	(62, 3444.0)	(64, 3939.0)	(66, 4645.0)	(68, 5421.0)	(70, 6661.0)	(72, 7961.0)	(74, 9407.0)	(76, 11320.0)	(78, 12450.0)	(80, 13747.0)	(82, 15354.0)	(84, 17155.0)	(86, 19815.0)	(88, 22968.0)	(90, 26763.0)	(92, 29818.0)	(94, 39079.0)	(96, 83101.0)	(98, 747735.0)	(100, 7423465.0)
SRR20277660_2	(34, 6700.0)	(36, 356.0)	(38, 545.0)	(40, 941.0)	(42, 1025.0)	(44, 1205.0)	(46, 1555.0)	(48, 1576.0)	(50, 1890.0)	(52, 2003.0)	(54, 2171.0)	(56, 2574.0)	(58, 2931.0)	(60, 3460.0)	(62, 3968.0)	(64, 4489.0)	(66, 5028.0)	(68, 5782.0)	(70, 6956.0)	(72, 8200.0)	(74, 9941.0)	(76, 12083.0)	(78, 13009.0)	(80, 14319.0)	(82, 15663.0)	(84, 17340.0)	(86, 20045.0)	(88, 23700.0)	(90, 27494.0)	(92, 31095.0)	(94, 37878.0)	(96, 76482.0)	(98, 639527.0)	(100, 7523355.0)
SRR20277661_1	(34, 5236.0)	(36, 226.0)	(38, 328.0)	(40, 454.0)	(42, 401.0)	(44, 601.0)	(46, 737.0)	(48, 897.0)	(50, 1096.0)	(52, 1372.0)	(54, 1682.0)	(56, 1920.0)	(58, 2294.0)	(60, 2841.0)	(62, 3427.0)	(64, 3916.0)	(66, 4457.0)	(68, 5355.0)	(70, 6372.0)	(72, 7788.0)	(74, 9063.0)	(76, 11188.0)	(78, 11963.0)	(80, 13436.0)	(82, 15272.0)	(84, 16739.0)	(86, 19052.0)	(88, 22491.0)	(90, 26020.0)	(92, 29304.0)	(94, 38424.0)	(96, 80838.0)	(98, 732100.0)	(100, 7227625.0)
SRR20277661_2	(34, 6014.0)	(36, 254.0)	(38, 432.0)	(40, 845.0)	(42, 1053.0)	(44, 1502.0)	(46, 1466.0)	(48, 1476.0)	(50, 1627.0)	(52, 1963.0)	(54, 2122.0)	(56, 2420.0)	(58, 3171.0)	(60, 3591.0)	(62, 4037.0)	(64, 4306.0)	(66, 4717.0)	(68, 5507.0)	(70, 6480.0)	(72, 8155.0)	(74, 9749.0)	(76, 11724.0)	(78, 12386.0)	(80, 13993.0)	(82, 15659.0)	(84, 16843.0)	(86, 19574.0)	(88, 23139.0)	(90, 26874.0)	(92, 30687.0)	(94, 37243.0)	(96, 74811.0)	(98, 624847.0)	(100, 7326248.0)
SRR20277662_1	(34, 5315.0)	(36, 210.0)	(38, 323.0)	(40, 482.0)	(42, 436.0)	(44, 576.0)	(46, 739.0)	(48, 884.0)	(50, 1146.0)	(52, 1397.0)	(54, 1643.0)	(56, 1907.0)	(58, 2262.0)	(60, 2945.0)	(62, 3380.0)	(64, 3800.0)	(66, 4572.0)	(68, 5259.0)	(70, 6311.0)	(72, 7844.0)	(74, 9039.0)	(76, 11130.0)	(78, 12298.0)	(80, 13806.0)	(82, 15497.0)	(84, 16807.0)	(86, 19432.0)	(88, 22866.0)	(90, 26399.0)	(92, 29680.0)	(94, 39292.0)	(96, 83828.0)	(98, 749723.0)	(100, 7463019.0)
SRR20277662_2	(34, 6066.0)	(36, 315.0)	(38, 397.0)	(40, 725.0)	(42, 792.0)	(44, 823.0)	(46, 1058.0)	(48, 1282.0)	(50, 1550.0)	(52, 1610.0)	(54, 1853.0)	(56, 2262.0)	(58, 2561.0)	(60, 3262.0)	(62, 3700.0)	(64, 4099.0)	(66, 4832.0)	(68, 5540.0)	(70, 6561.0)	(72, 8115.0)	(74, 9550.0)	(76, 11768.0)	(78, 12832.0)	(80, 14302.0)	(82, 15771.0)	(84, 17030.0)	(86, 19826.0)	(88, 23579.0)	(90, 27131.0)	(92, 30792.0)	(94, 37950.0)	(96, 77030.0)	(98, 643822.0)	(100, 7565461.0)
SRR20277663_1	(34, 5104.0)	(36, 216.0)	(38, 316.0)	(40, 467.0)	(42, 381.0)	(44, 565.0)	(46, 662.0)	(48, 882.0)	(50, 1064.0)	(52, 1344.0)	(54, 1610.0)	(56, 1879.0)	(58, 2187.0)	(60, 2842.0)	(62, 3341.0)	(64, 3847.0)	(66, 4445.0)	(68, 5372.0)	(70, 6273.0)	(72, 7724.0)	(74, 9008.0)	(76, 11268.0)	(78, 12286.0)	(80, 13621.0)	(82, 15186.0)	(84, 16562.0)	(86, 19297.0)	(88, 22577.0)	(90, 26245.0)	(92, 29404.0)	(94, 38678.0)	(96, 81607.0)	(98, 738222.0)	(100, 7299331.0)
SRR20277663_2	(34, 5697.0)	(36, 239.0)	(38, 363.0)	(40, 757.0)	(42, 862.0)	(44, 1069.0)	(46, 1174.0)	(48, 1401.0)	(50, 1315.0)	(52, 1644.0)	(54, 1745.0)	(56, 2199.0)	(58, 2794.0)	(60, 3337.0)	(62, 3702.0)	(64, 4036.0)	(66, 4571.0)	(68, 5388.0)	(70, 6262.0)	(72, 7984.0)	(74, 9554.0)	(76, 11673.0)	(78, 12587.0)	(80, 14053.0)	(82, 15643.0)	(84, 16723.0)	(86, 19829.0)	(88, 23253.0)	(90, 26819.0)	(92, 30794.0)	(94, 37203.0)	(96, 75426.0)	(98, 631357.0)	(100, 7402360.0)
SRR20277664_1	(34, 4308.0)	(36, 187.0)	(38, 234.0)	(40, 346.0)	(42, 444.0)	(44, 570.0)	(46, 797.0)	(48, 926.0)	(50, 1247.0)	(52, 1603.0)	(54, 1828.0)	(56, 2255.0)	(58, 2640.0)	(60, 3373.0)	(62, 4155.0)	(64, 4976.0)	(66, 5739.0)	(68, 6679.0)	(70, 7646.0)	(72, 9023.0)	(74, 10268.0)	(76, 11895.0)	(78, 13604.0)	(80, 15432.0)	(82, 17645.0)	(84, 20316.0)	(86, 22307.0)	(88, 25441.0)	(90, 28753.0)	(92, 31248.0)	(94, 39007.0)	(96, 84052.0)	(98, 751429.0)	(100, 7526054.0)
SRR20277664_2	(34, 5464.0)	(36, 320.0)	(38, 377.0)	(40, 740.0)	(42, 1017.0)	(44, 1292.0)	(46, 1651.0)	(48, 1534.0)	(50, 1937.0)	(52, 2133.0)	(54, 2227.0)	(56, 2783.0)	(58, 3108.0)	(60, 3926.0)	(62, 4661.0)	(64, 5516.0)	(66, 6047.0)	(68, 6982.0)	(70, 7805.0)	(72, 9107.0)	(74, 10655.0)	(76, 12438.0)	(78, 14036.0)	(80, 15854.0)	(82, 17641.0)	(84, 20199.0)	(86, 22296.0)	(88, 25878.0)	(90, 29343.0)	(92, 32253.0)	(94, 41074.0)	(96, 90706.0)	(98, 740618.0)	(100, 7514809.0)
SRR20277665_1	(34, 3983.0)	(36, 158.0)	(38, 277.0)	(40, 344.0)	(42, 433.0)	(44, 565.0)	(46, 786.0)	(48, 931.0)	(50, 1172.0)	(52, 1476.0)	(54, 1822.0)	(56, 2139.0)	(58, 2584.0)	(60, 3209.0)	(62, 4022.0)	(64, 4814.0)	(66, 5579.0)	(68, 6209.0)	(70, 7408.0)	(72, 8714.0)	(74, 9827.0)	(76, 11394.0)	(78, 13316.0)	(80, 15563.0)	(82, 17639.0)	(84, 19449.0)	(86, 22469.0)	(88, 25111.0)	(90, 28088.0)	(92, 30502.0)	(94, 38341.0)	(96, 82903.0)	(98, 735439.0)	(100, 7339975.0)
SRR20277665_2	(34, 4901.0)	(36, 202.0)	(38, 403.0)	(40, 785.0)	(42, 1120.0)	(44, 1494.0)	(46, 1452.0)	(48, 1597.0)	(50, 1754.0)	(52, 2090.0)	(54, 2157.0)	(56, 2624.0)	(58, 3323.0)	(60, 3933.0)	(62, 4534.0)	(64, 5200.0)	(66, 5772.0)	(68, 6197.0)	(70, 7383.0)	(72, 8966.0)	(74, 10478.0)	(76, 11914.0)	(78, 13654.0)	(80, 16045.0)	(82, 17945.0)	(84, 19202.0)	(86, 22787.0)	(88, 25572.0)	(90, 28513.0)	(92, 31663.0)	(94, 40111.0)	(96, 89171.0)	(98, 725045.0)	(100, 7328654.0)
SRR20277666_1	(34, 3944.0)	(36, 184.0)	(38, 230.0)	(40, 340.0)	(42, 416.0)	(44, 582.0)	(46, 693.0)	(48, 904.0)	(50, 1134.0)	(52, 1425.0)	(54, 1796.0)	(56, 2197.0)	(58, 2552.0)	(60, 3173.0)	(62, 4102.0)	(64, 4977.0)	(66, 5670.0)	(68, 6291.0)	(70, 7603.0)	(72, 8728.0)	(74, 10150.0)	(76, 11834.0)	(78, 13501.0)	(80, 15761.0)	(82, 17773.0)	(84, 20337.0)	(86, 22742.0)	(88, 25513.0)	(90, 29332.0)	(92, 30999.0)	(94, 38878.0)	(96, 85157.0)	(98, 758296.0)	(100, 7590942.0)
SRR20277666_2	(34, 4708.0)	(36, 274.0)	(38, 332.0)	(40, 587.0)	(42, 740.0)	(44, 834.0)	(46, 989.0)	(48, 1343.0)	(50, 1581.0)	(52, 1653.0)	(54, 1937.0)	(56, 2454.0)	(58, 2743.0)	(60, 3535.0)	(62, 4408.0)	(64, 5194.0)	(66, 5807.0)	(68, 6531.0)	(70, 7623.0)	(72, 8883.0)	(74, 10402.0)	(76, 12313.0)	(78, 13962.0)	(80, 16151.0)	(82, 17901.0)	(84, 20180.0)	(86, 22807.0)	(88, 25886.0)	(90, 29677.0)	(92, 31889.0)	(94, 40818.0)	(96, 92228.0)	(98, 749244.0)	(100, 7582542.0)
SRR20277667_1	(34, 3766.0)	(36, 178.0)	(38, 230.0)	(40, 336.0)	(42, 444.0)	(44, 545.0)	(46, 704.0)	(48, 940.0)	(50, 1132.0)	(52, 1437.0)	(54, 1830.0)	(56, 2094.0)	(58, 2526.0)	(60, 3249.0)	(62, 3929.0)	(64, 4795.0)	(66, 5644.0)	(68, 6416.0)	(70, 7412.0)	(72, 8593.0)	(74, 10042.0)	(76, 11545.0)	(78, 13323.0)	(80, 15451.0)	(82, 17402.0)	(84, 20137.0)	(86, 22297.0)	(88, 25330.0)	(90, 28300.0)	(92, 30743.0)	(94, 38992.0)	(96, 83320.0)	(98, 746517.0)	(100, 7434872.0)
SRR20277667_2	(34, 4479.0)	(36, 193.0)	(38, 319.0)	(40, 656.0)	(42, 928.0)	(44, 1148.0)	(46, 1201.0)	(48, 1392.0)	(50, 1436.0)	(52, 1681.0)	(54, 1899.0)	(56, 2353.0)	(58, 3105.0)	(60, 3705.0)	(62, 4212.0)	(64, 4911.0)	(66, 5727.0)	(68, 6337.0)	(70, 7321.0)	(72, 8686.0)	(74, 10490.0)	(76, 11784.0)	(78, 13519.0)	(80, 15654.0)	(82, 17547.0)	(84, 19916.0)	(86, 22597.0)	(88, 25822.0)	(90, 28718.0)	(92, 31832.0)	(94, 40635.0)	(96, 89847.0)	(98, 736189.0)	(100, 7428232.0)
SRR20277668_1	(34, 19009.0)	(36, 359.0)	(38, 422.0)	(40, 605.0)	(42, 704.0)	(44, 877.0)	(46, 1048.0)	(48, 1369.0)	(50, 1849.0)	(52, 2238.0)	(54, 2820.0)	(56, 3361.0)	(58, 3810.0)	(60, 5031.0)	(62, 5898.0)	(64, 7129.0)	(66, 8178.0)	(68, 9286.0)	(70, 10259.0)	(72, 12036.0)	(74, 14125.0)	(76, 16089.0)	(78, 18146.0)	(80, 20893.0)	(82, 23945.0)	(84, 27085.0)	(86, 30338.0)	(88, 33253.0)	(90, 37334.0)	(92, 41336.0)	(94, 50779.0)	(96, 97095.0)	(98, 786843.0)	(100, 7688835.0)
SRR20277668_2	(34, 19505.0)	(36, 444.0)	(38, 589.0)	(40, 1066.0)	(42, 1334.0)	(44, 1598.0)	(46, 2078.0)	(48, 2135.0)	(50, 2542.0)	(52, 2738.0)	(54, 3034.0)	(56, 3746.0)	(58, 4192.0)	(60, 5430.0)	(62, 6179.0)	(64, 7390.0)	(66, 8067.0)	(68, 9226.0)	(70, 10064.0)	(72, 11661.0)	(74, 14102.0)	(76, 16214.0)	(78, 17973.0)	(80, 20621.0)	(82, 23281.0)	(84, 25944.0)	(86, 29287.0)	(88, 32897.0)	(90, 37086.0)	(92, 41782.0)	(94, 53005.0)	(96, 109258.0)	(98, 833533.0)	(100, 7624383.0)
SRR20277669_1	(34, 17301.0)	(36, 309.0)	(38, 366.0)	(40, 542.0)	(42, 647.0)	(44, 834.0)	(46, 1022.0)	(48, 1309.0)	(50, 1716.0)	(52, 2204.0)	(54, 2781.0)	(56, 3301.0)	(58, 3864.0)	(60, 4794.0)	(62, 5749.0)	(64, 6903.0)	(66, 7941.0)	(68, 8895.0)	(70, 10233.0)	(72, 11990.0)	(74, 13726.0)	(76, 15693.0)	(78, 17872.0)	(80, 20260.0)	(82, 23466.0)	(84, 26738.0)	(86, 29414.0)	(88, 33138.0)	(90, 36835.0)	(92, 40512.0)	(94, 50735.0)	(96, 96657.0)	(98, 775361.0)	(100, 7555427.0)
SRR20277669_2	(34, 17328.0)	(36, 365.0)	(38, 515.0)	(40, 988.0)	(42, 1424.0)	(44, 1841.0)	(46, 1730.0)	(48, 2022.0)	(50, 2280.0)	(52, 2765.0)	(54, 2978.0)	(56, 3608.0)	(58, 4579.0)	(60, 5335.0)	(62, 6067.0)	(64, 6941.0)	(66, 7832.0)	(68, 8669.0)	(70, 9787.0)	(72, 11807.0)	(74, 13905.0)	(76, 15628.0)	(78, 17556.0)	(80, 19898.0)	(82, 22744.0)	(84, 25517.0)	(86, 28715.0)	(88, 32732.0)	(90, 36539.0)	(92, 41291.0)	(94, 52406.0)	(96, 107726.0)	(98, 823021.0)	(100, 7491996.0)
SRR20277670_1	(34, 17196.0)	(36, 279.0)	(38, 370.0)	(40, 540.0)	(42, 606.0)	(44, 786.0)	(46, 1036.0)	(48, 1217.0)	(50, 1708.0)	(52, 2009.0)	(54, 2641.0)	(56, 3265.0)	(58, 3740.0)	(60, 4700.0)	(62, 5767.0)	(64, 6861.0)	(66, 8145.0)	(68, 9032.0)	(70, 10147.0)	(72, 11970.0)	(74, 13865.0)	(76, 16117.0)	(78, 18104.0)	(80, 20770.0)	(82, 23758.0)	(84, 26903.0)	(86, 30493.0)	(88, 33617.0)	(90, 37417.0)	(92, 41090.0)	(94, 51367.0)	(96, 97258.0)	(98, 799139.0)	(100, 7802704.0)
SRR20277670_2	(34, 17248.0)	(36, 345.0)	(38, 459.0)	(40, 834.0)	(42, 1022.0)	(44, 1092.0)	(46, 1346.0)	(48, 1636.0)	(50, 2134.0)	(52, 2153.0)	(54, 2584.0)	(56, 3391.0)	(58, 3829.0)	(60, 4905.0)	(62, 5820.0)	(64, 6801.0)	(66, 7919.0)	(68, 8988.0)	(70, 9824.0)	(72, 11495.0)	(74, 13765.0)	(76, 16153.0)	(78, 17965.0)	(80, 20505.0)	(82, 23015.0)	(84, 25495.0)	(86, 29370.0)	(88, 33212.0)	(90, 37019.0)	(92, 41313.0)	(94, 52988.0)	(96, 109006.0)	(98, 849539.0)	(100, 7741447.0)
SRR20277671_1	(34, 16646.0)	(36, 292.0)	(38, 398.0)	(40, 533.0)	(42, 593.0)	(44, 846.0)	(46, 1013.0)	(48, 1295.0)	(50, 1679.0)	(52, 1979.0)	(54, 2609.0)	(56, 3265.0)	(58, 3795.0)	(60, 4515.0)	(62, 5763.0)	(64, 6924.0)	(66, 7706.0)	(68, 8911.0)	(70, 10100.0)	(72, 11943.0)	(74, 13708.0)	(76, 15712.0)	(78, 17896.0)	(80, 20582.0)	(82, 23413.0)	(84, 27001.0)	(86, 29686.0)	(88, 33481.0)	(90, 36990.0)	(92, 40883.0)	(94, 50319.0)	(96, 97010.0)	(98, 787613.0)	(100, 7659945.0)
SRR20277671_2	(34, 16445.0)	(36, 309.0)	(38, 428.0)	(40, 852.0)	(42, 1139.0)	(44, 1404.0)	(46, 1596.0)	(48, 1877.0)	(50, 1914.0)	(52, 2197.0)	(54, 2523.0)	(56, 3302.0)	(58, 4133.0)	(60, 4814.0)	(62, 5814.0)	(64, 6668.0)	(66, 7395.0)	(68, 8485.0)	(70, 9549.0)	(72, 11535.0)	(74, 13680.0)	(76, 15468.0)	(78, 17541.0)	(80, 20060.0)	(82, 22825.0)	(84, 25709.0)	(86, 28944.0)	(88, 33033.0)	(90, 36602.0)	(92, 41195.0)	(94, 52021.0)	(96, 107813.0)	(98, 837999.0)	(100, 7599775.0)
SRR20277672_1	(34, 7412.0)	(36, 128.0)	(38, 188.0)	(40, 261.0)	(42, 353.0)	(44, 429.0)	(46, 551.0)	(48, 687.0)	(50, 954.0)	(52, 1185.0)	(54, 1487.0)	(56, 1926.0)	(58, 2314.0)	(60, 3027.0)	(62, 3633.0)	(64, 4251.0)	(66, 4754.0)	(68, 5389.0)	(70, 6110.0)	(72, 7165.0)	(74, 8361.0)	(76, 9677.0)	(78, 10797.0)	(80, 12731.0)	(82, 14798.0)	(84, 16919.0)	(86, 18775.0)	(88, 20837.0)	(90, 23405.0)	(92, 25583.0)	(94, 32998.0)	(96, 76782.0)	(98, 731345.0)	(100, 7331695.0)
SRR20277672_2	(34, 8276.0)	(36, 248.0)	(38, 397.0)	(40, 724.0)	(42, 948.0)	(44, 1128.0)	(46, 1485.0)	(48, 1410.0)	(50, 1668.0)	(52, 1820.0)	(54, 2046.0)	(56, 2680.0)	(58, 2937.0)	(60, 3693.0)	(62, 4253.0)	(64, 4897.0)	(66, 5171.0)	(68, 5832.0)	(70, 6414.0)	(72, 7501.0)	(74, 9116.0)	(76, 10425.0)	(78, 11465.0)	(80, 13379.0)	(82, 15087.0)	(84, 17152.0)	(86, 19180.0)	(88, 21790.0)	(90, 24530.0)	(92, 27074.0)	(94, 35406.0)	(96, 82165.0)	(98, 740313.0)	(100, 7296297.0)
SRR20277673_1	(34, 6501.0)	(36, 109.0)	(38, 170.0)	(40, 238.0)	(42, 279.0)	(44, 426.0)	(46, 474.0)	(48, 644.0)	(50, 874.0)	(52, 1180.0)	(54, 1505.0)	(56, 1768.0)	(58, 2239.0)	(60, 2847.0)	(62, 3463.0)	(64, 4089.0)	(66, 4506.0)	(68, 5194.0)	(70, 5928.0)	(72, 7031.0)	(74, 7953.0)	(76, 9474.0)	(78, 10787.0)	(80, 12685.0)	(82, 14396.0)	(84, 16543.0)	(86, 18304.0)	(88, 20338.0)	(90, 22814.0)	(92, 24897.0)	(94, 31657.0)	(96, 74229.0)	(98, 705986.0)	(100, 7066058.0)
SRR20277673_2	(34, 7246.0)	(36, 176.0)	(38, 324.0)	(40, 711.0)	(42, 1105.0)	(44, 1402.0)	(46, 1249.0)	(48, 1418.0)	(50, 1511.0)	(52, 1872.0)	(54, 1985.0)	(56, 2375.0)	(58, 3121.0)	(60, 3632.0)	(62, 4129.0)	(64, 4651.0)	(66, 4877.0)	(68, 5401.0)	(70, 6129.0)	(72, 7498.0)	(74, 8805.0)	(76, 10117.0)	(78, 11271.0)	(80, 13307.0)	(82, 14954.0)	(84, 16698.0)	(86, 18945.0)	(88, 21196.0)	(90, 23669.0)	(92, 26568.0)	(94, 34011.0)	(96, 79842.0)	(98, 714213.0)	(100, 7031178.0)
SRR20277674_1	(34, 6634.0)	(36, 143.0)	(38, 146.0)	(40, 224.0)	(42, 287.0)	(44, 395.0)	(46, 478.0)	(48, 635.0)	(50, 874.0)	(52, 1077.0)	(54, 1492.0)	(56, 1766.0)	(58, 2199.0)	(60, 2882.0)	(62, 3436.0)	(64, 3987.0)	(66, 4525.0)	(68, 5210.0)	(70, 5929.0)	(72, 7274.0)	(74, 8125.0)	(76, 9480.0)	(78, 10764.0)	(80, 12538.0)	(82, 14369.0)	(84, 16647.0)	(86, 18793.0)	(88, 20802.0)	(90, 23328.0)	(92, 25524.0)	(94, 32705.0)	(96, 76168.0)	(98, 729631.0)	(100, 7319081.0)
SRR20277674_2	(34, 7111.0)	(36, 252.0)	(38, 247.0)	(40, 489.0)	(42, 672.0)	(44, 736.0)	(46, 868.0)	(48, 1074.0)	(50, 1364.0)	(52, 1460.0)	(54, 1722.0)	(56, 2202.0)	(58, 2551.0)	(60, 3312.0)	(62, 3841.0)	(64, 4328.0)	(66, 4807.0)	(68, 5538.0)	(70, 6240.0)	(72, 7555.0)	(74, 8706.0)	(76, 10166.0)	(78, 11407.0)	(80, 13128.0)	(82, 14729.0)	(84, 16822.0)	(86, 19202.0)	(88, 21679.0)	(90, 24288.0)	(92, 26754.0)	(94, 35198.0)	(96, 81705.0)	(98, 738311.0)	(100, 7289084.0)
SRR20277675_1	(34, 6082.0)	(36, 145.0)	(38, 152.0)	(40, 198.0)	(42, 301.0)	(44, 383.0)	(46, 493.0)	(48, 600.0)	(50, 788.0)	(52, 1172.0)	(54, 1382.0)	(56, 1838.0)	(58, 2189.0)	(60, 2777.0)	(62, 3310.0)	(64, 3974.0)	(66, 4359.0)	(68, 5052.0)	(70, 5862.0)	(72, 6933.0)	(74, 8046.0)	(76, 9216.0)	(78, 10496.0)	(80, 12356.0)	(82, 14178.0)	(84, 16146.0)	(86, 18130.0)	(88, 20027.0)	(90, 22590.0)	(92, 24794.0)	(94, 31600.0)	(96, 73983.0)	(98, 705448.0)	(100, 7052313.0)
SRR20277675_2	(34, 6648.0)	(36, 171.0)	(38, 220.0)	(40, 544.0)	(42, 802.0)	(44, 969.0)	(46, 1018.0)	(48, 1192.0)	(50, 1171.0)	(52, 1564.0)	(54, 1543.0)	(56, 2150.0)	(58, 2792.0)	(60, 3374.0)	(62, 3759.0)	(64, 4169.0)	(66, 4535.0)	(68, 5095.0)	(70, 5906.0)	(72, 7181.0)	(74, 8604.0)	(76, 9730.0)	(78, 10819.0)	(80, 12904.0)	(82, 14693.0)	(84, 16295.0)	(86, 18722.0)	(88, 20838.0)	(90, 23415.0)	(92, 26452.0)	(94, 33950.0)	(96, 79586.0)	(98, 715223.0)	(100, 7021279.0)
SRR20277676_1	(34, 7959.0)	(36, 52.0)	(38, 50.0)	(40, 71.0)	(42, 118.0)	(44, 191.0)	(46, 196.0)	(48, 280.0)	(50, 399.0)	(52, 531.0)	(54, 658.0)	(56, 856.0)	(58, 1016.0)	(60, 1344.0)	(62, 1723.0)	(64, 2237.0)	(66, 2577.0)	(68, 2996.0)	(70, 3546.0)	(72, 4493.0)	(74, 5418.0)	(76, 6110.0)	(78, 6998.0)	(80, 8338.0)	(82, 9946.0)	(84, 11826.0)	(86, 13582.0)	(88, 15341.0)	(90, 17785.0)	(92, 20446.0)	(94, 26941.0)	(96, 67943.0)	(98, 652604.0)	(100, 6448124.0)
SRR20277676_2	(34, 8711.0)	(36, 192.0)	(38, 238.0)	(40, 514.0)	(42, 677.0)	(44, 843.0)	(46, 1041.0)	(48, 970.0)	(50, 1132.0)	(52, 1155.0)	(54, 1202.0)	(56, 1502.0)	(58, 1527.0)	(60, 1964.0)	(62, 2308.0)	(64, 2802.0)	(66, 2992.0)	(68, 3388.0)	(70, 3919.0)	(72, 4783.0)	(74, 5982.0)	(76, 6802.0)	(78, 7601.0)	(80, 8906.0)	(82, 10233.0)	(84, 12114.0)	(86, 13993.0)	(88, 16114.0)	(90, 18649.0)	(92, 21486.0)	(94, 28743.0)	(96, 72714.0)	(98, 654973.0)	(100, 6422525.0)
SRR20277677_1	(34, 6295.0)	(36, 40.0)	(38, 56.0)	(40, 82.0)	(42, 109.0)	(44, 137.0)	(46, 173.0)	(48, 253.0)	(50, 351.0)	(52, 498.0)	(54, 610.0)	(56, 778.0)	(58, 967.0)	(60, 1379.0)	(62, 1775.0)	(64, 1995.0)	(66, 2455.0)	(68, 2950.0)	(70, 3412.0)	(72, 4321.0)	(74, 5110.0)	(76, 6021.0)	(78, 7100.0)	(80, 8307.0)	(82, 9821.0)	(84, 11539.0)	(86, 13347.0)	(88, 15619.0)	(90, 17891.0)	(92, 20003.0)	(94, 26532.0)	(96, 67244.0)	(98, 640665.0)	(100, 6321712.0)
SRR20277677_2	(34, 6711.0)	(36, 102.0)	(38, 206.0)	(40, 512.0)	(42, 790.0)	(44, 1039.0)	(46, 899.0)	(48, 911.0)	(50, 924.0)	(52, 1197.0)	(54, 1084.0)	(56, 1341.0)	(58, 1831.0)	(60, 2126.0)	(62, 2370.0)	(64, 2492.0)	(66, 2780.0)	(68, 3188.0)	(70, 3619.0)	(72, 4827.0)	(74, 5886.0)	(76, 6650.0)	(78, 7613.0)	(80, 8950.0)	(82, 10297.0)	(84, 11766.0)	(86, 14051.0)	(88, 16483.0)	(90, 18636.0)	(92, 21261.0)	(94, 28317.0)	(96, 72287.0)	(98, 644236.0)	(100, 6294165.0)
SRR20277678_1	(34, 5447.0)	(36, 45.0)	(38, 50.0)	(40, 52.0)	(42, 95.0)	(44, 144.0)	(46, 153.0)	(48, 228.0)	(50, 356.0)	(52, 471.0)	(54, 616.0)	(56, 741.0)	(58, 976.0)	(60, 1335.0)	(62, 1665.0)	(64, 2003.0)	(66, 2324.0)	(68, 2874.0)	(70, 3425.0)	(72, 4250.0)	(74, 5244.0)	(76, 6045.0)	(78, 7038.0)	(80, 8254.0)	(82, 9928.0)	(84, 11743.0)	(86, 13531.0)	(88, 15454.0)	(90, 18082.0)	(92, 20471.0)	(94, 27149.0)	(96, 69063.0)	(98, 656546.0)	(100, 6511256.0)
SRR20277678_2	(34, 5704.0)	(36, 140.0)	(38, 161.0)	(40, 315.0)	(42, 471.0)	(44, 459.0)	(46, 556.0)	(48, 665.0)	(50, 851.0)	(52, 808.0)	(54, 872.0)	(56, 1134.0)	(58, 1289.0)	(60, 1754.0)	(62, 2024.0)	(64, 2358.0)	(66, 2580.0)	(68, 3203.0)	(70, 3725.0)	(72, 4571.0)	(74, 5746.0)	(76, 6648.0)	(78, 7634.0)	(80, 8796.0)	(82, 10223.0)	(84, 12022.0)	(86, 13988.0)	(88, 16248.0)	(90, 18844.0)	(92, 21353.0)	(94, 28775.0)	(96, 73281.0)	(98, 661901.0)	(100, 6487955.0)
SRR20277679_1	(34, 5971.0)	(36, 36.0)	(38, 49.0)	(40, 83.0)	(42, 94.0)	(44, 120.0)	(46, 170.0)	(48, 260.0)	(50, 356.0)	(52, 501.0)	(54, 608.0)	(56, 786.0)	(58, 953.0)	(60, 1336.0)	(62, 1678.0)	(64, 2047.0)	(66, 2441.0)	(68, 2844.0)	(70, 3406.0)	(72, 4384.0)	(74, 5032.0)	(76, 5969.0)	(78, 6912.0)	(80, 8460.0)	(82, 9782.0)	(84, 11577.0)	(86, 13309.0)	(88, 15178.0)	(90, 18199.0)	(92, 19919.0)	(94, 26799.0)	(96, 67570.0)	(98, 646917.0)	(100, 6391780.0)
SRR20277679_2	(34, 6199.0)	(36, 77.0)	(38, 112.0)	(40, 387.0)	(42, 580.0)	(44, 679.0)	(46, 783.0)	(48, 737.0)	(50, 720.0)	(52, 869.0)	(54, 784.0)	(56, 1178.0)	(58, 1536.0)	(60, 1898.0)	(62, 2041.0)	(64, 2293.0)	(66, 2633.0)	(68, 2933.0)	(70, 3477.0)	(72, 4685.0)	(74, 5569.0)	(76, 6377.0)	(78, 7278.0)	(80, 8930.0)	(82, 10306.0)	(84, 11785.0)	(86, 13906.0)	(88, 15974.0)	(90, 18876.0)	(92, 21182.0)	(94, 28324.0)	(96, 72307.0)	(98, 652542.0)	(100, 6367569.0)
SRR20277680_1	(34, 3067.0)	(36, 111.0)	(38, 150.0)	(40, 208.0)	(42, 275.0)	(44, 354.0)	(46, 478.0)	(48, 526.0)	(50, 689.0)	(52, 720.0)	(54, 839.0)	(56, 1006.0)	(58, 1227.0)	(60, 1430.0)	(62, 1794.0)	(64, 2095.0)	(66, 2490.0)	(68, 2805.0)	(70, 3383.0)	(72, 4084.0)	(74, 5010.0)	(76, 5935.0)	(78, 7177.0)	(80, 8852.0)	(82, 10109.0)	(84, 12236.0)	(86, 14490.0)	(88, 17034.0)	(90, 20505.0)	(92, 22910.0)	(94, 30846.0)	(96, 81916.0)	(98, 807828.0)	(100, 8019860.0)
SRR20277680_2	(34, 4322.0)	(36, 271.0)	(38, 297.0)	(40, 694.0)	(42, 922.0)	(44, 1127.0)	(46, 1373.0)	(48, 1243.0)	(50, 1487.0)	(52, 1406.0)	(54, 1338.0)	(56, 1743.0)	(58, 1908.0)	(60, 2104.0)	(62, 2435.0)	(64, 2730.0)	(66, 2968.0)	(68, 3279.0)	(70, 3774.0)	(72, 4474.0)	(74, 5775.0)	(76, 6813.0)	(78, 7858.0)	(80, 9522.0)	(82, 10534.0)	(84, 12557.0)	(86, 14993.0)	(88, 17976.0)	(90, 21470.0)	(92, 24409.0)	(94, 32963.0)	(96, 86395.0)	(98, 796657.0)	(100, 8004622.0)
SRR20277681_1	(34, 2621.0)	(36, 103.0)	(38, 141.0)	(40, 192.0)	(42, 234.0)	(44, 362.0)	(46, 466.0)	(48, 573.0)	(50, 628.0)	(52, 711.0)	(54, 738.0)	(56, 920.0)	(58, 1178.0)	(60, 1350.0)	(62, 1764.0)	(64, 2039.0)	(66, 2370.0)	(68, 2821.0)	(70, 3292.0)	(72, 4054.0)	(74, 4877.0)	(76, 5927.0)	(78, 7131.0)	(80, 8345.0)	(82, 9868.0)	(84, 11882.0)	(86, 14292.0)	(88, 16921.0)	(90, 19829.0)	(92, 22271.0)	(94, 30240.0)	(96, 81295.0)	(98, 791324.0)	(100, 7822793.0)
SRR20277681_2	(34, 3733.0)	(36, 163.0)	(38, 295.0)	(40, 689.0)	(42, 1046.0)	(44, 1420.0)	(46, 1218.0)	(48, 1317.0)	(50, 1274.0)	(52, 1373.0)	(54, 1230.0)	(56, 1478.0)	(58, 2109.0)	(60, 2221.0)	(62, 2531.0)	(64, 2606.0)	(66, 2743.0)	(68, 3069.0)	(70, 3535.0)	(72, 4646.0)	(74, 5767.0)	(76, 6649.0)	(78, 7680.0)	(80, 9055.0)	(82, 10459.0)	(84, 12132.0)	(86, 15033.0)	(88, 17892.0)	(90, 20748.0)	(92, 23801.0)	(94, 32246.0)	(96, 85357.0)	(98, 779959.0)	(100, 7808078.0)
SRR20277682_1	(34, 2554.0)	(36, 91.0)	(38, 142.0)	(40, 202.0)	(42, 259.0)	(44, 318.0)	(46, 436.0)	(48, 516.0)	(50, 608.0)	(52, 661.0)	(54, 787.0)	(56, 982.0)	(58, 1062.0)	(60, 1461.0)	(62, 1692.0)	(64, 2004.0)	(66, 2329.0)	(68, 2816.0)	(70, 3226.0)	(72, 4229.0)	(74, 4877.0)	(76, 5984.0)	(78, 7100.0)	(80, 8555.0)	(82, 10265.0)	(84, 12199.0)	(86, 14612.0)	(88, 17101.0)	(90, 20212.0)	(92, 23089.0)	(94, 31084.0)	(96, 82268.0)	(98, 812393.0)	(100, 8074653.0)
SRR20277682_2	(34, 3479.0)	(36, 195.0)	(38, 248.0)	(40, 503.0)	(42, 663.0)	(44, 679.0)	(46, 806.0)	(48, 996.0)	(50, 1119.0)	(52, 977.0)	(54, 1045.0)	(56, 1381.0)	(58, 1404.0)	(60, 1892.0)	(62, 2069.0)	(64, 2434.0)	(66, 2711.0)	(68, 3126.0)	(70, 3520.0)	(72, 4561.0)	(74, 5539.0)	(76, 6708.0)	(78, 7779.0)	(80, 9260.0)	(82, 10676.0)	(84, 12440.0)	(86, 15010.0)	(88, 17996.0)	(90, 21117.0)	(92, 24378.0)	(94, 33205.0)	(96, 86736.0)	(98, 802646.0)	(100, 8063469.0)
SRR20277683_1	(34, 2430.0)	(36, 92.0)	(38, 148.0)	(40, 182.0)	(42, 249.0)	(44, 337.0)	(46, 401.0)	(48, 546.0)	(50, 591.0)	(52, 680.0)	(54, 854.0)	(56, 913.0)	(58, 1119.0)	(60, 1428.0)	(62, 1727.0)	(64, 2014.0)	(66, 2336.0)	(68, 2721.0)	(70, 3321.0)	(72, 4097.0)	(74, 4681.0)	(76, 5807.0)	(78, 6935.0)	(80, 8499.0)	(82, 9935.0)	(84, 12134.0)	(86, 14237.0)	(88, 16690.0)	(90, 20059.0)	(92, 22339.0)	(94, 30129.0)	(96, 81571.0)	(98, 794296.0)	(100, 7878095.0)
SRR20277683_2	(34, 3253.0)	(36, 140.0)	(38, 222.0)	(40, 536.0)	(42, 806.0)	(44, 860.0)	(46, 1019.0)	(48, 1153.0)	(50, 967.0)	(52, 1075.0)	(54, 1015.0)	(56, 1298.0)	(58, 1772.0)	(60, 2050.0)	(62, 2136.0)	(64, 2272.0)	(66, 2538.0)	(68, 2798.0)	(70, 3415.0)	(72, 4498.0)	(74, 5340.0)	(76, 6296.0)	(78, 7425.0)	(80, 9109.0)	(82, 10489.0)	(84, 12358.0)	(86, 14932.0)	(88, 17598.0)	(90, 20871.0)	(92, 23933.0)	(94, 32118.0)	(96, 85622.0)	(98, 786329.0)	(100, 7865350.0)
SRR20277684_1	(34, 5865.0)	(36, 70.0)	(38, 103.0)	(40, 167.0)	(42, 179.0)	(44, 235.0)	(46, 275.0)	(48, 360.0)	(50, 525.0)	(52, 748.0)	(54, 847.0)	(56, 1147.0)	(58, 1397.0)	(60, 1889.0)	(62, 2430.0)	(64, 2861.0)	(66, 3467.0)	(68, 4192.0)	(70, 4997.0)	(72, 6368.0)	(74, 7425.0)	(76, 8934.0)	(78, 10474.0)	(80, 12433.0)	(82, 14520.0)	(84, 17334.0)	(86, 20187.0)	(88, 23049.0)	(90, 27026.0)	(92, 29940.0)	(94, 38122.0)	(96, 94429.0)	(98, 871935.0)	(100, 8553005.0)
SRR20277684_2	(34, 7258.0)	(36, 262.0)	(38, 348.0)	(40, 795.0)	(42, 921.0)	(44, 1126.0)	(46, 1346.0)	(48, 1214.0)	(50, 1419.0)	(52, 1543.0)	(54, 1501.0)	(56, 1945.0)	(58, 2194.0)	(60, 2723.0)	(62, 3115.0)	(64, 3620.0)	(66, 3965.0)	(68, 4653.0)	(70, 5332.0)	(72, 6652.0)	(74, 8035.0)	(76, 9791.0)	(78, 11122.0)	(80, 12924.0)	(82, 14644.0)	(84, 17260.0)	(86, 20287.0)	(88, 23640.0)	(90, 27804.0)	(92, 31073.0)	(94, 39996.0)	(96, 97202.0)	(98, 857893.0)	(100, 8543332.0)
SRR20277685_1	(34, 5129.0)	(36, 70.0)	(38, 104.0)	(40, 136.0)	(42, 182.0)	(44, 205.0)	(46, 295.0)	(48, 404.0)	(50, 547.0)	(52, 686.0)	(54, 952.0)	(56, 1075.0)	(58, 1365.0)	(60, 1773.0)	(62, 2408.0)	(64, 2917.0)	(66, 3469.0)	(68, 4165.0)	(70, 5039.0)	(72, 6104.0)	(74, 7151.0)	(76, 8735.0)	(78, 10427.0)	(80, 12026.0)	(82, 14443.0)	(84, 17434.0)	(86, 19833.0)	(88, 22640.0)	(90, 26668.0)	(92, 29577.0)	(94, 38266.0)	(96, 93927.0)	(98, 862167.0)	(100, 8428346.0)
SRR20277685_2	(34, 6263.0)	(36, 165.0)	(38, 295.0)	(40, 765.0)	(42, 1025.0)	(44, 1403.0)	(46, 1220.0)	(48, 1262.0)	(50, 1285.0)	(52, 1576.0)	(54, 1486.0)	(56, 1780.0)	(58, 2429.0)	(60, 2726.0)	(62, 3210.0)	(64, 3512.0)	(66, 3826.0)	(68, 4392.0)	(70, 5207.0)	(72, 6617.0)	(74, 8086.0)	(76, 9352.0)	(78, 10886.0)	(80, 12603.0)	(82, 14784.0)	(84, 17353.0)	(86, 20325.0)	(88, 23416.0)	(90, 27293.0)	(92, 30930.0)	(94, 39893.0)	(96, 96661.0)	(98, 846291.0)	(100, 8420348.0)
SRR20277686_1	(34, 5216.0)	(36, 60.0)	(38, 72.0)	(40, 132.0)	(42, 153.0)	(44, 200.0)	(46, 254.0)	(48, 342.0)	(50, 495.0)	(52, 659.0)	(54, 851.0)	(56, 1077.0)	(58, 1438.0)	(60, 1808.0)	(62, 2487.0)	(64, 3073.0)	(66, 3459.0)	(68, 4161.0)	(70, 5120.0)	(72, 6285.0)	(74, 7505.0)	(76, 8800.0)	(78, 10483.0)	(80, 12422.0)	(82, 14635.0)	(84, 17513.0)	(86, 20014.0)	(88, 23146.0)	(90, 27312.0)	(92, 29853.0)	(94, 38746.0)	(96, 95821.0)	(98, 881651.0)	(100, 8653786.0)
SRR20277686_2	(34, 6149.0)	(36, 200.0)	(38, 233.0)	(40, 472.0)	(42, 591.0)	(44, 626.0)	(46, 768.0)	(48, 977.0)	(50, 1136.0)	(52, 1144.0)	(54, 1196.0)	(56, 1528.0)	(58, 1803.0)	(60, 2295.0)	(62, 2885.0)	(64, 3482.0)	(66, 3822.0)	(68, 4473.0)	(70, 5382.0)	(72, 6560.0)	(74, 8011.0)	(76, 9517.0)	(78, 11044.0)	(80, 12828.0)	(82, 14717.0)	(84, 17336.0)	(86, 20126.0)	(88, 23793.0)	(90, 27975.0)	(92, 30674.0)	(94, 40347.0)	(96, 98178.0)	(98, 868393.0)	(100, 8650368.0)
SRR20277687_1	(34, 5247.0)	(36, 65.0)	(38, 96.0)	(40, 142.0)	(42, 175.0)	(44, 209.0)	(46, 238.0)	(48, 359.0)	(50, 514.0)	(52, 632.0)	(54, 904.0)	(56, 1091.0)	(58, 1413.0)	(60, 1772.0)	(62, 2428.0)	(64, 2782.0)	(66, 3479.0)	(68, 4022.0)	(70, 5079.0)	(72, 6070.0)	(74, 7252.0)	(76, 8628.0)	(78, 10404.0)	(80, 12258.0)	(82, 14631.0)	(84, 16884.0)	(86, 20085.0)	(88, 23154.0)	(90, 26774.0)	(92, 29785.0)	(94, 38836.0)	(96, 95259.0)	(98, 875549.0)	(100, 8556409.0)
SRR20277687_2	(34, 6015.0)	(36, 146.0)	(38, 183.0)	(40, 562.0)	(42, 808.0)	(44, 878.0)	(46, 968.0)	(48, 1078.0)	(50, 938.0)	(52, 1148.0)	(54, 1135.0)	(56, 1522.0)	(58, 2242.0)	(60, 2408.0)	(62, 2888.0)	(64, 3056.0)	(66, 3676.0)	(68, 4106.0)	(70, 5113.0)	(72, 6331.0)	(74, 7830.0)	(76, 8995.0)	(78, 10625.0)	(80, 12636.0)	(82, 14994.0)	(84, 16836.0)	(86, 20398.0)	(88, 23734.0)	(90, 27396.0)	(92, 31190.0)	(94, 40460.0)	(96, 97887.0)	(98, 861631.0)	(100, 8552812.0)
SRR22894976_1	(34, 2023221.0)	(36, 4930.0)	(38, 4799.0)	(40, 5475.0)	(42, 5965.0)	(44, 7613.0)	(46, 6097.0)	(48, 7306.0)	(50, 9530.0)	(52, 9509.0)	(54, 7934.0)	(56, 7774.0)	(58, 6801.0)	(60, 8228.0)	(62, 10833.0)	(64, 13261.0)	(66, 15196.0)	(68, 13652.0)	(70, 13162.0)	(72, 14479.0)	(74, 15598.0)	(76, 16237.0)	(78, 18073.0)	(80, 19853.0)	(82, 23312.0)	(84, 25360.0)	(86, 27619.0)	(88, 30568.0)	(90, 33473.0)	(92, 37253.0)	(94, 43269.0)	(96, 60978.0)	(98, 312490.0)	(100, 3343194.0)
SRR22894976_2	(34, 2014960.0)	(36, 5154.0)	(38, 4642.0)	(40, 4780.0)	(42, 4538.0)	(44, 5397.0)	(46, 4255.0)	(48, 5120.0)	(50, 6562.0)	(52, 6855.0)	(54, 6717.0)	(56, 6849.0)	(58, 6112.0)	(60, 7523.0)	(62, 9969.0)	(64, 12302.0)	(66, 14155.0)	(68, 12692.0)	(70, 12172.0)	(72, 13480.0)	(74, 14718.0)	(76, 15670.0)	(78, 17647.0)	(80, 19433.0)	(82, 22751.0)	(84, 24625.0)	(86, 26955.0)	(88, 29929.0)	(90, 33714.0)	(92, 36681.0)	(94, 42675.0)	(96, 59692.0)	(98, 380712.0)	(100, 3313606.0)
SRR22894977_1	(34, 1933022.0)	(36, 5005.0)	(38, 5075.0)	(40, 5632.0)	(42, 5964.0)	(44, 7664.0)	(46, 6420.0)	(48, 7804.0)	(50, 9678.0)	(52, 9840.0)	(54, 8318.0)	(56, 8032.0)	(58, 7357.0)	(60, 8563.0)	(62, 10823.0)	(64, 13705.0)	(66, 15807.0)	(68, 14254.0)	(70, 13910.0)	(72, 14971.0)	(74, 16180.0)	(76, 17119.0)	(78, 18767.0)	(80, 20655.0)	(82, 24496.0)	(84, 26306.0)	(86, 29020.0)	(88, 32676.0)	(90, 34675.0)	(92, 38622.0)	(94, 44950.0)	(96, 63946.0)	(98, 327490.0)	(100, 3501089.0)
SRR22894977_2	(34, 1928377.0)	(36, 4955.0)	(38, 4833.0)	(40, 4764.0)	(42, 4803.0)	(44, 5667.0)	(46, 4467.0)	(48, 5464.0)	(50, 6801.0)	(52, 7135.0)	(54, 6988.0)	(56, 7102.0)	(58, 6630.0)	(60, 7774.0)	(62, 10021.0)	(64, 12630.0)	(66, 14737.0)	(68, 13190.0)	(70, 12932.0)	(72, 14018.0)	(74, 15329.0)	(76, 16592.0)	(78, 18338.0)	(80, 20331.0)	(82, 24002.0)	(84, 25822.0)	(86, 28316.0)	(88, 31974.0)	(90, 34775.0)	(92, 37991.0)	(94, 44312.0)	(96, 62362.0)	(98, 398785.0)	(100, 3465618.0)
SRR22894978_1	(34, 1667264.0)	(36, 4819.0)	(38, 4717.0)	(40, 5388.0)	(42, 5673.0)	(44, 7347.0)	(46, 5869.0)	(48, 7308.0)	(50, 9535.0)	(52, 9691.0)	(54, 8105.0)	(56, 7877.0)	(58, 6986.0)	(60, 8446.0)	(62, 11190.0)	(64, 13967.0)	(66, 15472.0)	(68, 13898.0)	(70, 13938.0)	(72, 15390.0)	(74, 16458.0)	(76, 17025.0)	(78, 18960.0)	(80, 20742.0)	(82, 24895.0)	(84, 26703.0)	(86, 29894.0)	(88, 32867.0)	(90, 35912.0)	(92, 39623.0)	(94, 45787.0)	(96, 65020.0)	(98, 334666.0)	(100, 3578052.0)
SRR22894978_2	(34, 1658991.0)	(36, 4531.0)	(38, 4454.0)	(40, 4567.0)	(42, 4167.0)	(44, 5094.0)	(46, 3964.0)	(48, 5036.0)	(50, 6446.0)	(52, 6883.0)	(54, 6714.0)	(56, 6798.0)	(58, 6291.0)	(60, 7702.0)	(62, 10270.0)	(64, 12896.0)	(66, 14418.0)	(68, 12947.0)	(70, 13028.0)	(72, 14400.0)	(74, 15685.0)	(76, 16532.0)	(78, 18460.0)	(80, 20367.0)	(82, 24249.0)	(84, 25832.0)	(86, 29115.0)	(88, 32149.0)	(90, 36134.0)	(92, 39113.0)	(94, 45265.0)	(96, 63686.0)	(98, 407796.0)	(100, 3545504.0)
SRR22894979_1	(34, 1656834.0)	(36, 5068.0)	(38, 5061.0)	(40, 5504.0)	(42, 5766.0)	(44, 7778.0)	(46, 6215.0)	(48, 7692.0)	(50, 9894.0)	(52, 9995.0)	(54, 8438.0)	(56, 8268.0)	(58, 7514.0)	(60, 9096.0)	(62, 11501.0)	(64, 14042.0)	(66, 16275.0)	(68, 14720.0)	(70, 14379.0)	(72, 15518.0)	(74, 17043.0)	(76, 17445.0)	(78, 19542.0)	(80, 21889.0)	(82, 25293.0)	(84, 27398.0)	(86, 30606.0)	(88, 33811.0)	(90, 36660.0)	(92, 40659.0)	(94, 46768.0)	(96, 67024.0)	(98, 345081.0)	(100, 3679288.0)
SRR22894979_2	(34, 1648969.0)	(36, 4628.0)	(38, 4623.0)	(40, 4557.0)	(42, 4462.0)	(44, 5548.0)	(46, 4310.0)	(48, 5386.0)	(50, 6909.0)	(52, 7041.0)	(54, 7016.0)	(56, 7279.0)	(58, 6865.0)	(60, 8279.0)	(62, 10667.0)	(64, 12981.0)	(66, 15300.0)	(68, 13692.0)	(70, 13335.0)	(72, 14607.0)	(74, 16234.0)	(76, 16932.0)	(78, 19074.0)	(80, 21414.0)	(82, 24658.0)	(84, 26799.0)	(86, 29872.0)	(88, 33114.0)	(90, 36745.0)	(92, 40021.0)	(94, 46089.0)	(96, 65322.0)	(98, 419557.0)	(100, 3645780.0)
SRR22894980_1	(34, 3971646.0)	(36, 8884.0)	(38, 8692.0)	(40, 9142.0)	(42, 9532.0)	(44, 12147.0)	(46, 9675.0)	(48, 10509.0)	(50, 12830.0)	(52, 11188.0)	(54, 6618.0)	(56, 5403.0)	(58, 3516.0)	(60, 3335.0)	(62, 2596.0)	(64, 2537.0)	(66, 2200.0)	(68, 2133.0)	(70, 2111.0)	(72, 1618.0)	(74, 1408.0)	(76, 1342.0)	(78, 1381.0)	(80, 1550.0)	(82, 1629.0)	(84, 1766.0)	(86, 1852.0)	(88, 1825.0)	(90, 1958.0)	(92, 2072.0)	(94, 2210.0)	(96, 3160.0)	(98, 16523.0)	(100, 243220.0)
SRR22894980_2	(34, 3938922.0)	(36, 7748.0)	(38, 7549.0)	(40, 7257.0)	(42, 7305.0)	(44, 8812.0)	(46, 6593.0)	(48, 7060.0)	(50, 8140.0)	(52, 6550.0)	(54, 4621.0)	(56, 4188.0)	(58, 2784.0)	(60, 2304.0)	(62, 1725.0)	(64, 1608.0)	(66, 1618.0)	(68, 1368.0)	(70, 1460.0)	(72, 1168.0)	(74, 1069.0)	(76, 1128.0)	(78, 1185.0)	(80, 1312.0)	(82, 1380.0)	(84, 1509.0)	(86, 1577.0)	(88, 1600.0)	(90, 1781.0)	(92, 1856.0)	(94, 2020.0)	(96, 3226.0)	(98, 16652.0)	(100, 313133.0)
SRR22894981_1	(34, 3579391.0)	(36, 9249.0)	(38, 8587.0)	(40, 9176.0)	(42, 9493.0)	(44, 12161.0)	(46, 9975.0)	(48, 11021.0)	(50, 12930.0)	(52, 11547.0)	(54, 7194.0)	(56, 5855.0)	(58, 3756.0)	(60, 3420.0)	(62, 2573.0)	(64, 2635.0)	(66, 2219.0)	(68, 2283.0)	(70, 2102.0)	(72, 1664.0)	(74, 1493.0)	(76, 1448.0)	(78, 1484.0)	(80, 1575.0)	(82, 1694.0)	(84, 1739.0)	(86, 1868.0)	(88, 1984.0)	(90, 2039.0)	(92, 2217.0)	(94, 2384.0)	(96, 3213.0)	(98, 16965.0)	(100, 236521.0)
SRR22894981_2	(34, 3550669.0)	(36, 8061.0)	(38, 7475.0)	(40, 7255.0)	(42, 7325.0)	(44, 9004.0)	(46, 6907.0)	(48, 7557.0)	(50, 8709.0)	(52, 6737.0)	(54, 5110.0)	(56, 4572.0)	(58, 2973.0)	(60, 2356.0)	(62, 1791.0)	(64, 1617.0)	(66, 1574.0)	(68, 1457.0)	(70, 1429.0)	(72, 1241.0)	(74, 1157.0)	(76, 1216.0)	(78, 1260.0)	(80, 1370.0)	(82, 1466.0)	(84, 1491.0)	(86, 1590.0)	(88, 1699.0)	(90, 1827.0)	(92, 1986.0)	(94, 2170.0)	(96, 3201.0)	(98, 17425.0)	(100, 302178.0)
SRR22894982_1	(34, 3175554.0)	(36, 8744.0)	(38, 8283.0)	(40, 9106.0)	(42, 9536.0)	(44, 11919.0)	(46, 9358.0)	(48, 10364.0)	(50, 12694.0)	(52, 11428.0)	(54, 6873.0)	(56, 5366.0)	(58, 3586.0)	(60, 3362.0)	(62, 2695.0)	(64, 2600.0)	(66, 2114.0)	(68, 2113.0)	(70, 2154.0)	(72, 1654.0)	(74, 1461.0)	(76, 1496.0)	(78, 1492.0)	(80, 1584.0)	(82, 1677.0)	(84, 1769.0)	(86, 1921.0)	(88, 2004.0)	(90, 2179.0)	(92, 2261.0)	(94, 2374.0)	(96, 3430.0)	(98, 17519.0)	(100, 246175.0)
SRR22894982_2	(34, 3146374.0)	(36, 7600.0)	(38, 7239.0)	(40, 7229.0)	(42, 7142.0)	(44, 8622.0)	(46, 6336.0)	(48, 6886.0)	(50, 8065.0)	(52, 6487.0)	(54, 4739.0)	(56, 4116.0)	(58, 2876.0)	(60, 2276.0)	(62, 1839.0)	(64, 1637.0)	(66, 1542.0)	(68, 1373.0)	(70, 1461.0)	(72, 1203.0)	(74, 1170.0)	(76, 1215.0)	(78, 1289.0)	(80, 1389.0)	(82, 1443.0)	(84, 1545.0)	(86, 1599.0)	(88, 1742.0)	(90, 1983.0)	(92, 2046.0)	(94, 2170.0)	(96, 3388.0)	(98, 17857.0)	(100, 312967.0)
SRR22894983_1	(34, 2982167.0)	(36, 8991.0)	(38, 8556.0)	(40, 9069.0)	(42, 9306.0)	(44, 11729.0)	(46, 9597.0)	(48, 10869.0)	(50, 12788.0)	(52, 11553.0)	(54, 6953.0)	(56, 5264.0)	(58, 3539.0)	(60, 3344.0)	(62, 2645.0)	(64, 2655.0)	(66, 2165.0)	(68, 2173.0)	(70, 2216.0)	(72, 1655.0)	(74, 1461.0)	(76, 1470.0)	(78, 1505.0)	(80, 1589.0)	(82, 1698.0)	(84, 1808.0)	(86, 1987.0)	(88, 2080.0)	(90, 2103.0)	(92, 2233.0)	(94, 2368.0)	(96, 3318.0)	(98, 17725.0)	(100, 244067.0)
SRR22894983_2	(34, 2953871.0)	(36, 7838.0)	(38, 7485.0)	(40, 7195.0)	(42, 7091.0)	(44, 8506.0)	(46, 6671.0)	(48, 7467.0)	(50, 8594.0)	(52, 6676.0)	(54, 5147.0)	(56, 4253.0)	(58, 2907.0)	(60, 2387.0)	(62, 1815.0)	(64, 1700.0)	(66, 1560.0)	(68, 1379.0)	(70, 1493.0)	(72, 1209.0)	(74, 1124.0)	(76, 1232.0)	(78, 1280.0)	(80, 1356.0)	(82, 1455.0)	(84, 1584.0)	(86, 1715.0)	(88, 1778.0)	(90, 1925.0)	(92, 2013.0)	(94, 2142.0)	(96, 3248.0)	(98, 18102.0)	(100, 308448.0)
SRR22894984_1	(34, 1475564.0)	(36, 7383.0)	(38, 6411.0)	(40, 7115.0)	(42, 6931.0)	(44, 9266.0)	(46, 7469.0)	(48, 9094.0)	(50, 12056.0)	(52, 11188.0)	(54, 7437.0)	(56, 6532.0)	(58, 4604.0)	(60, 4124.0)	(62, 3718.0)	(64, 4777.0)	(66, 5402.0)	(68, 5932.0)	(70, 3946.0)	(72, 2986.0)	(74, 2237.0)	(76, 2260.0)	(78, 2367.0)	(80, 2673.0)	(82, 3595.0)	(84, 3402.0)	(86, 3795.0)	(88, 4185.0)	(90, 4363.0)	(92, 5222.0)	(94, 7629.0)	(96, 9674.0)	(98, 49433.0)	(100, 541938.0)
SRR22894984_2	(34, 1463193.0)	(36, 6513.0)	(38, 5515.0)	(40, 5606.0)	(42, 5134.0)	(44, 6440.0)	(46, 5190.0)	(48, 6098.0)	(50, 7782.0)	(52, 6796.0)	(54, 5500.0)	(56, 5297.0)	(58, 3586.0)	(60, 3021.0)	(62, 2887.0)	(64, 3667.0)	(66, 4601.0)	(68, 5027.0)	(70, 3228.0)	(72, 2409.0)	(74, 1887.0)	(76, 2029.0)	(78, 2226.0)	(80, 2546.0)	(82, 3469.0)	(84, 3236.0)	(86, 3584.0)	(88, 4021.0)	(90, 4246.0)	(92, 5113.0)	(94, 7457.0)	(96, 9876.0)	(98, 51407.0)	(100, 586121.0)
SRR22894985_1	(34, 1347912.0)	(36, 7527.0)	(38, 6991.0)	(40, 7129.0)	(42, 7088.0)	(44, 9468.0)	(46, 7826.0)	(48, 9876.0)	(50, 12133.0)	(52, 11520.0)	(54, 8403.0)	(56, 7421.0)	(58, 4981.0)	(60, 4236.0)	(62, 3770.0)	(64, 4762.0)	(66, 5444.0)	(68, 6001.0)	(70, 4070.0)	(72, 3057.0)	(74, 2304.0)	(76, 2275.0)	(78, 2479.0)	(80, 2747.0)	(82, 3539.0)	(84, 3370.0)	(86, 3637.0)	(88, 4283.0)	(90, 4450.0)	(92, 5614.0)	(94, 7740.0)	(96, 9810.0)	(98, 51430.0)	(100, 551469.0)
SRR22894985_2	(34, 1337548.0)	(36, 6656.0)	(38, 6056.0)	(40, 5706.0)	(42, 5227.0)	(44, 6670.0)	(46, 5379.0)	(48, 6704.0)	(50, 8178.0)	(52, 7098.0)	(54, 6322.0)	(56, 6076.0)	(58, 3962.0)	(60, 3091.0)	(62, 2874.0)	(64, 3689.0)	(66, 4673.0)	(68, 4978.0)	(70, 3303.0)	(72, 2507.0)	(74, 1927.0)	(76, 2035.0)	(78, 2332.0)	(80, 2635.0)	(82, 3432.0)	(84, 3192.0)	(86, 3499.0)	(88, 4078.0)	(90, 4307.0)	(92, 5491.0)	(94, 7602.0)	(96, 9928.0)	(98, 53142.0)	(100, 594465.0)
SRR22894986_1	(34, 1218064.0)	(36, 7066.0)	(38, 6542.0)	(40, 7041.0)	(42, 6961.0)	(44, 8965.0)	(46, 7647.0)	(48, 9297.0)	(50, 12241.0)	(52, 11506.0)	(54, 7921.0)	(56, 6835.0)	(58, 4795.0)	(60, 4078.0)	(62, 3978.0)	(64, 4895.0)	(66, 5243.0)	(68, 5802.0)	(70, 4020.0)	(72, 2955.0)	(74, 2474.0)	(76, 2334.0)	(78, 2613.0)	(80, 2826.0)	(82, 3817.0)	(84, 3501.0)	(86, 3927.0)	(88, 4537.0)	(90, 4475.0)	(92, 5404.0)	(94, 7967.0)	(96, 10321.0)	(98, 52887.0)	(100, 570146.0)
SRR22894986_2	(34, 1206562.0)	(36, 6207.0)	(38, 5637.0)	(40, 5599.0)	(42, 5046.0)	(44, 6181.0)	(46, 5114.0)	(48, 6123.0)	(50, 7892.0)	(52, 6819.0)	(54, 5999.0)	(56, 5383.0)	(58, 3827.0)	(60, 3013.0)	(62, 3053.0)	(64, 3748.0)	(66, 4476.0)	(68, 4811.0)	(70, 3254.0)	(72, 2395.0)	(74, 2063.0)	(76, 2089.0)	(78, 2481.0)	(80, 2737.0)	(82, 3695.0)	(84, 3280.0)	(86, 3743.0)	(88, 4327.0)	(90, 4315.0)	(92, 5247.0)	(94, 7788.0)	(96, 10466.0)	(98, 54395.0)	(100, 615316.0)
SRR22894987_1	(34, 1139123.0)	(36, 7376.0)	(38, 6761.0)	(40, 7313.0)	(42, 7055.0)	(44, 9387.0)	(46, 7923.0)	(48, 9668.0)	(50, 12272.0)	(52, 11821.0)	(54, 8006.0)	(56, 6882.0)	(58, 4767.0)	(60, 4290.0)	(62, 4008.0)	(64, 5020.0)	(66, 5475.0)	(68, 6064.0)	(70, 4196.0)	(72, 3135.0)	(74, 2367.0)	(76, 2364.0)	(78, 2515.0)	(80, 2859.0)	(82, 3727.0)	(84, 3612.0)	(86, 3868.0)	(88, 4496.0)	(90, 4638.0)	(92, 5761.0)	(94, 8112.0)	(96, 10519.0)	(98, 53620.0)	(100, 576210.0)
SRR22894987_2	(34, 1128366.0)	(36, 6482.0)	(38, 5772.0)	(40, 5718.0)	(42, 5134.0)	(44, 6572.0)	(46, 5442.0)	(48, 6468.0)	(50, 8286.0)	(52, 7125.0)	(54, 6251.0)	(56, 5858.0)	(58, 3978.0)	(60, 3287.0)	(62, 3155.0)	(64, 3867.0)	(66, 4663.0)	(68, 5093.0)	(70, 3407.0)	(72, 2570.0)	(74, 1947.0)	(76, 2145.0)	(78, 2388.0)	(80, 2746.0)	(82, 3569.0)	(84, 3415.0)	(86, 3653.0)	(88, 4306.0)	(90, 4516.0)	(92, 5608.0)	(94, 7888.0)	(96, 10489.0)	(98, 55355.0)	(100, 619691.0)
SRR22894988_1	(34, 1470285.0)	(36, 3222.0)	(38, 2977.0)	(40, 3165.0)	(42, 3230.0)	(44, 4282.0)	(46, 3519.0)	(48, 4186.0)	(50, 5609.0)	(52, 5626.0)	(54, 3354.0)	(56, 3132.0)	(58, 2908.0)	(60, 3477.0)	(62, 3947.0)	(64, 4520.0)	(66, 4809.0)	(68, 4996.0)	(70, 5569.0)	(72, 6755.0)	(74, 7046.0)	(76, 7727.0)	(78, 8270.0)	(80, 9228.0)	(82, 10831.0)	(84, 12023.0)	(86, 13795.0)	(88, 14958.0)	(90, 15830.0)	(92, 18005.0)	(94, 21276.0)	(96, 37354.0)	(98, 263810.0)	(100, 2529652.0)
SRR22894988_2	(34, 1466778.0)	(36, 3510.0)	(38, 3043.0)	(40, 2846.0)	(42, 2715.0)	(44, 3323.0)	(46, 2503.0)	(48, 2920.0)	(50, 3793.0)	(52, 3373.0)	(54, 2588.0)	(56, 2558.0)	(58, 2448.0)	(60, 2845.0)	(62, 3472.0)	(64, 3977.0)	(66, 4308.0)	(68, 4453.0)	(70, 4970.0)	(72, 6267.0)	(74, 6587.0)	(76, 7398.0)	(78, 8088.0)	(80, 8972.0)	(82, 10617.0)	(84, 11672.0)	(86, 13193.0)	(88, 14540.0)	(90, 15804.0)	(92, 17692.0)	(94, 21293.0)	(96, 37623.0)	(98, 268855.0)	(100, 2544349.0)
SRR22894989_1	(34, 1122883.0)	(36, 3068.0)	(38, 2817.0)	(40, 2947.0)	(42, 2973.0)	(44, 4082.0)	(46, 3319.0)	(48, 3990.0)	(50, 5461.0)	(52, 5230.0)	(54, 3493.0)	(56, 3147.0)	(58, 2896.0)	(60, 3318.0)	(62, 3927.0)	(64, 4302.0)	(66, 4740.0)	(68, 4994.0)	(70, 5602.0)	(72, 6675.0)	(74, 6831.0)	(76, 7435.0)	(78, 7876.0)	(80, 8914.0)	(82, 10710.0)	(84, 12038.0)	(86, 13571.0)	(88, 14935.0)	(90, 15955.0)	(92, 17630.0)	(94, 21125.0)	(96, 37204.0)	(98, 261489.0)	(100, 2516844.0)
SRR22894989_2	(34, 1125817.0)	(36, 3138.0)	(38, 2846.0)	(40, 2542.0)	(42, 2625.0)	(44, 3264.0)	(46, 2426.0)	(48, 2872.0)	(50, 3725.0)	(52, 3191.0)	(54, 2710.0)	(56, 2579.0)	(58, 2474.0)	(60, 2778.0)	(62, 3559.0)	(64, 3799.0)	(66, 4294.0)	(68, 4424.0)	(70, 5028.0)	(72, 6136.0)	(74, 6458.0)	(76, 7210.0)	(78, 7687.0)	(80, 8840.0)	(82, 10469.0)	(84, 11697.0)	(86, 13083.0)	(88, 14581.0)	(90, 15859.0)	(92, 17390.0)	(94, 21246.0)	(96, 37411.0)	(98, 267516.0)	(100, 2522747.0)
SRR22894990_1	(34, 1176500.0)	(36, 3153.0)	(38, 3073.0)	(40, 3049.0)	(42, 3173.0)	(44, 4171.0)	(46, 3383.0)	(48, 4073.0)	(50, 5489.0)	(52, 5494.0)	(54, 3486.0)	(56, 3124.0)	(58, 2997.0)	(60, 3496.0)	(62, 4080.0)	(64, 4706.0)	(66, 4946.0)	(68, 5178.0)	(70, 6016.0)	(72, 7252.0)	(74, 7388.0)	(76, 8135.0)	(78, 8512.0)	(80, 9847.0)	(82, 11473.0)	(84, 13124.0)	(86, 14493.0)	(88, 15922.0)	(90, 17096.0)	(92, 18706.0)	(94, 22432.0)	(96, 39955.0)	(98, 282221.0)	(100, 2721357.0)
SRR22894990_2	(34, 1172712.0)	(36, 3024.0)	(38, 3045.0)	(40, 2653.0)	(42, 2559.0)	(44, 3207.0)	(46, 2343.0)	(48, 2834.0)	(50, 3555.0)	(52, 3207.0)	(54, 2655.0)	(56, 2582.0)	(58, 2506.0)	(60, 2942.0)	(62, 3624.0)	(64, 4165.0)	(66, 4464.0)	(68, 4613.0)	(70, 5397.0)	(72, 6694.0)	(74, 6986.0)	(76, 7783.0)	(78, 8290.0)	(80, 9597.0)	(82, 11201.0)	(84, 12588.0)	(86, 13878.0)	(88, 15451.0)	(90, 17027.0)	(92, 18424.0)	(94, 22631.0)	(96, 40086.0)	(98, 289266.0)	(100, 2735511.0)
SRR22894991_1	(34, 895914.0)	(36, 3029.0)	(38, 2751.0)	(40, 2833.0)	(42, 2861.0)	(44, 3895.0)	(46, 3197.0)	(48, 3789.0)	(50, 5051.0)	(52, 5157.0)	(54, 3177.0)	(56, 2902.0)	(58, 2871.0)	(60, 3278.0)	(62, 3859.0)	(64, 4300.0)	(66, 4639.0)	(68, 5028.0)	(70, 5566.0)	(72, 6615.0)	(74, 6957.0)	(76, 7466.0)	(78, 8017.0)	(80, 9247.0)	(82, 10895.0)	(84, 12452.0)	(86, 13912.0)	(88, 15101.0)	(90, 16234.0)	(92, 17751.0)	(94, 21308.0)	(96, 37953.0)	(98, 265877.0)	(100, 2578034.0)
SRR22894991_2	(34, 896634.0)	(36, 2823.0)	(38, 2626.0)	(40, 2419.0)	(42, 2421.0)	(44, 3062.0)	(46, 2311.0)	(48, 2705.0)	(50, 3462.0)	(52, 3037.0)	(54, 2470.0)	(56, 2397.0)	(58, 2475.0)	(60, 2776.0)	(62, 3500.0)	(64, 3825.0)	(66, 4180.0)	(68, 4502.0)	(70, 5064.0)	(72, 6148.0)	(74, 6627.0)	(76, 7230.0)	(78, 7880.0)	(80, 9112.0)	(82, 10661.0)	(84, 12152.0)	(86, 13465.0)	(88, 14680.0)	(90, 16180.0)	(92, 17459.0)	(94, 21528.0)	(96, 38382.0)	(98, 273994.0)	(100, 2583729.0)
SRR22894992_1	(34, 843814.0)	(36, 2855.0)	(38, 2464.0)	(40, 2579.0)	(42, 2400.0)	(44, 3195.0)	(46, 2596.0)	(48, 2908.0)	(50, 4124.0)	(52, 3625.0)	(54, 2022.0)	(56, 1509.0)	(58, 1202.0)	(60, 1231.0)	(62, 1051.0)	(64, 1062.0)	(66, 964.0)	(68, 933.0)	(70, 948.0)	(72, 869.0)	(74, 848.0)	(76, 844.0)	(78, 783.0)	(80, 879.0)	(82, 984.0)	(84, 1003.0)	(86, 1006.0)	(88, 1171.0)	(90, 1263.0)	(92, 1250.0)	(94, 1340.0)	(96, 1675.0)	(98, 7169.0)	(100, 86587.0)
SRR22894992_2	(34, 836175.0)	(36, 2443.0)	(38, 2058.0)	(40, 1980.0)	(42, 1727.0)	(44, 2175.0)	(46, 1699.0)	(48, 1928.0)	(50, 2500.0)	(52, 1958.0)	(54, 1474.0)	(56, 1244.0)	(58, 957.0)	(60, 884.0)	(62, 794.0)	(64, 762.0)	(66, 776.0)	(68, 739.0)	(70, 761.0)	(72, 720.0)	(74, 743.0)	(76, 775.0)	(78, 743.0)	(80, 846.0)	(82, 975.0)	(84, 990.0)	(86, 1000.0)	(88, 1152.0)	(90, 1242.0)	(92, 1227.0)	(94, 1350.0)	(96, 1765.0)	(98, 6362.0)	(100, 106229.0)
SRR22894993_1	(34, 772648.0)	(36, 2910.0)	(38, 2587.0)	(40, 2578.0)	(42, 2309.0)	(44, 3302.0)	(46, 2617.0)	(48, 3045.0)	(50, 4097.0)	(52, 3647.0)	(54, 2062.0)	(56, 1650.0)	(58, 1297.0)	(60, 1283.0)	(62, 1141.0)	(64, 1039.0)	(66, 920.0)	(68, 985.0)	(70, 951.0)	(72, 871.0)	(74, 925.0)	(76, 945.0)	(78, 889.0)	(80, 954.0)	(82, 946.0)	(84, 1028.0)	(86, 1173.0)	(88, 1230.0)	(90, 1287.0)	(92, 1317.0)	(94, 1445.0)	(96, 1689.0)	(98, 7400.0)	(100, 86672.0)
SRR22894993_2	(34, 766170.0)	(36, 2518.0)	(38, 2144.0)	(40, 2018.0)	(42, 1702.0)	(44, 2321.0)	(46, 1765.0)	(48, 2000.0)	(50, 2575.0)	(52, 1982.0)	(54, 1503.0)	(56, 1331.0)	(58, 1077.0)	(60, 938.0)	(62, 861.0)	(64, 745.0)	(66, 777.0)	(68, 756.0)	(70, 774.0)	(72, 708.0)	(74, 787.0)	(76, 898.0)	(78, 854.0)	(80, 946.0)	(82, 932.0)	(84, 1019.0)	(86, 1165.0)	(88, 1201.0)	(90, 1274.0)	(92, 1300.0)	(94, 1468.0)	(96, 1773.0)	(98, 6473.0)	(100, 105084.0)
SRR22894994_1	(34, 653990.0)	(36, 2744.0)	(38, 2386.0)	(40, 2539.0)	(42, 2307.0)	(44, 3101.0)	(46, 2579.0)	(48, 2814.0)	(50, 4129.0)	(52, 3701.0)	(54, 1959.0)	(56, 1574.0)	(58, 1249.0)	(60, 1271.0)	(62, 1121.0)	(64, 1000.0)	(66, 1011.0)	(68, 951.0)	(70, 1010.0)	(72, 879.0)	(74, 951.0)	(76, 899.0)	(78, 861.0)	(80, 957.0)	(82, 965.0)	(84, 1013.0)	(86, 1107.0)	(88, 1205.0)	(90, 1338.0)	(92, 1304.0)	(94, 1467.0)	(96, 1758.0)	(98, 7692.0)	(100, 89056.0)
SRR22894994_2	(34, 647319.0)	(36, 2339.0)	(38, 2012.0)	(40, 2037.0)	(42, 1685.0)	(44, 2093.0)	(46, 1721.0)	(48, 1767.0)	(50, 2458.0)	(52, 1933.0)	(54, 1426.0)	(56, 1233.0)	(58, 1025.0)	(60, 902.0)	(62, 878.0)	(64, 771.0)	(66, 792.0)	(68, 767.0)	(70, 828.0)	(72, 723.0)	(74, 832.0)	(76, 822.0)	(78, 833.0)	(80, 933.0)	(82, 946.0)	(84, 992.0)	(86, 1095.0)	(88, 1182.0)	(90, 1337.0)	(92, 1304.0)	(94, 1480.0)	(96, 1815.0)	(98, 6471.0)	(100, 108137.0)
SRR22894995_1	(34, 642247.0)	(36, 2849.0)	(38, 2448.0)	(40, 2505.0)	(42, 2258.0)	(44, 3196.0)	(46, 2592.0)	(48, 2960.0)	(50, 4110.0)	(52, 3608.0)	(54, 2032.0)	(56, 1654.0)	(58, 1204.0)	(60, 1303.0)	(62, 1061.0)	(64, 1069.0)	(66, 975.0)	(68, 1006.0)	(70, 1024.0)	(72, 934.0)	(74, 880.0)	(76, 939.0)	(78, 891.0)	(80, 912.0)	(82, 1002.0)	(84, 1002.0)	(86, 1107.0)	(88, 1283.0)	(90, 1307.0)	(92, 1352.0)	(94, 1415.0)	(96, 1756.0)	(98, 7713.0)	(100, 88481.0)
SRR22894995_2	(34, 635588.0)	(36, 2425.0)	(38, 2091.0)	(40, 1978.0)	(42, 1614.0)	(44, 2265.0)	(46, 1749.0)	(48, 1942.0)	(50, 2547.0)	(52, 1906.0)	(54, 1452.0)	(56, 1292.0)	(58, 1009.0)	(60, 969.0)	(62, 807.0)	(64, 811.0)	(66, 811.0)	(68, 794.0)	(70, 814.0)	(72, 786.0)	(74, 778.0)	(76, 886.0)	(78, 868.0)	(80, 889.0)	(82, 988.0)	(84, 993.0)	(86, 1111.0)	(88, 1264.0)	(90, 1304.0)	(92, 1348.0)	(94, 1426.0)	(96, 1828.0)	(98, 6583.0)	(100, 107159.0)
