Sample	fastqc-percent_duplicates	fastqc-percent_gc	fastqc-avg_sequence_length	fastqc-median_sequence_length	fastqc-percent_fails	fastqc-total_sequences
SRR20277628_1	20.91595154369341	45.0	99.52955295287312	100	10.0	9.784606
SRR20277628_2	16.802267182417452	46.0	99.45391475139623	100	10.0	9.784606
SRR20277629_1	20.853970592731258	45.0	99.53270119283604	100	10.0	9.536012999999999
SRR20277629_2	16.800890037456313	46.0	99.45711027239581	100	10.0	9.536012999999999
SRR20277630_1	21.0604712744981	45.0	99.54456945045435	100	10.0	9.849482
SRR20277630_2	16.88248513100514	46.0	99.49604974149909	100	10.0	9.849482
SRR20277631_1	20.799642362922768	45.0	99.53882656764746	100	10.0	9.633687
SRR20277631_2	16.7568663906424	45.0	99.49044343043323	100	10.0	9.633687
SRR20277632_1	66.77354395094463	52.0	90.70805775406836	100	40.0	3.820891
SRR20277632_2	62.35664600868321	52.0	91.28228036340215	100	50.0	3.820891
SRR20277633_1	67.44679069526524	51.0	91.06170820928185	100	40.0	3.7014199999999997
SRR20277633_2	62.298788478068246	52.0	91.68264882126319	100	50.0	3.7014199999999997
SRR20277634_1	67.06843509558652	51.0	91.1344549115932	100	40.0	3.7886789999999997
SRR20277634_2	61.984479053051565	52.0	91.74520921408227	100	50.0	3.7886789999999997
SRR20277635_1	66.05340810273279	51.0	91.2348521861688	100	40.0	3.729218
SRR20277635_2	61.169525990583466	52.0	91.85267125708393	100	50.0	3.729218
SRR20277636_1	39.701008259295335	52.0	94.25065008162366	100	30.0	7.703647999999999
SRR20277636_2	35.007289952259185	53.0	94.41403864766407	100	40.0	7.703647999999999
SRR20277637_1	41.84344681488582	52.0	94.4132254301353	100	30.0	7.5691299999999995
SRR20277637_2	35.83943139353964	53.0	94.60900750812841	100	40.0	7.5691299999999995
SRR20277638_1	41.32312042774346	52.0	94.51584757908302	100	30.0	7.747808
SRR20277638_2	35.33186680445654	53.0	94.70844863476225	100	40.0	7.747808
SRR20277639_1	39.84445250708456	52.0	94.52091203219678	100	30.0	7.662382999999999
SRR20277639_2	35.070933143204826	53.0	94.73085585776644	100	40.0	7.662382999999999
SRR20277640_1	15.992736444793309	45.0	99.16807500368436	100	10.0	9.601395
SRR20277640_2	11.946726299779357	45.0	99.1704450759499	100	20.0	9.601395
SRR20277641_1	16.501219565247226	45.0	99.17136716355726	100	10.0	9.485522
SRR20277641_2	12.17135235603186	45.0	99.1740000181329	100	20.0	9.485522
SRR20277642_1	16.744350992900294	45.0	99.20246423142902	100	10.0	9.720475
SRR20277642_2	12.246873067222594	45.0	99.23156568994828	100	20.0	9.720475
SRR20277643_1	16.144063040796112	45.0	99.19116511864819	100	10.0	9.627792
SRR20277643_2	11.996689027138814	45.0	99.21935268231802	100	20.0	9.627792
SRR20277644_1	22.658316813989615	44.0	99.72298752553695	100	10.0	9.348218
SRR20277644_2	17.91061437140641	45.0	99.63690780424676	100	30.0	9.348218
SRR20277645_1	24.05280353783253	44.0	99.72585212255437	100	10.0	9.17503
SRR20277645_2	18.812125090217535	45.0	99.64097937554428	100	30.0	9.17503
SRR20277646_1	24.408860071004952	44.0	99.73422318854911	100	10.0	9.445618999999999
SRR20277646_2	18.889024133966842	45.0	99.67829948466056	100	30.0	9.445618999999999
SRR20277647_1	23.25799649375992	44.0	99.73051782736337	100	10.0	9.305302
SRR20277647_2	18.534335427824345	45.0	99.67284683506242	100	30.0	9.305302
SRR20277648_1	77.97321776383097	42.0	81.6537921827947	100	60.0	1.28844
SRR20277648_2	72.97439806103134	43.0	83.19115674769489	100	60.0	1.28844
SRR20277649_1	77.95015055555743	42.0	82.6877619363887	100	60.0	1.213558
SRR20277649_2	72.62829263286744	43.0	84.47338899335672	100	60.0	1.213558
SRR20277650_1	77.8102234054534	41.0	83.44968653651817	100	60.0	1.242888
SRR20277650_2	72.61784681688613	43.0	85.17845212118871	100	60.0	1.242888
SRR20277651_1	77.1635232461993	42.0	83.2140804882726	100	60.0	1.209816
SRR20277651_2	72.18184516497891	43.0	84.88359056253182	100	50.0	1.209816
SRR20277652_1	18.717540086595534	43.0	99.73245982245321	100	20.0	7.790171999999999
SRR20277652_2	13.969038880759953	43.0	99.65885400219662	100	30.0	7.790171999999999
SRR20277653_1	18.493204246042467	43.0	99.74488828272115	100	20.0	7.615787
SRR20277653_2	13.724633685576805	43.0	99.66959494796795	100	30.0	7.615787
SRR20277654_1	18.784005874693506	43.0	99.75718177340755	100	20.0	7.845415999999999
SRR20277654_2	13.956484422043445	43.0	99.71183962711474	100	30.0	7.845415999999999
SRR20277655_1	18.369830843706808	43.0	99.7562510030451	100	20.0	7.689086
SRR20277655_2	13.7711127613441	43.0	99.70836676816984	100	30.0	7.689086
SRR20277656_1	13.469425417694922	42.0	99.6721242107769	100	20.0	9.174211999999999
SRR20277656_2	8.644135335256536	42.0	99.58876489882728	100	30.0	9.174211999999999
SRR20277657_1	13.845991624021948	42.0	99.67476619602849	100	20.0	8.992683
SRR20277657_2	8.617181316577202	42.0	99.59049990975997	100	30.0	8.992683
SRR20277658_1	13.98580434049802	42.0	99.68501621016124	100	20.0	9.2843
SRR20277658_2	8.714704797544869	42.0	99.62862466744934	100	30.0	9.2843
SRR20277659_1	13.354485093440331	42.0	99.68112051699899	100	20.0	9.153132
SRR20277659_2	8.542505533363737	42.0	99.62295244950035	100	30.0	9.153132
SRR20277660_1	40.69494031426088	46.0	99.69488495752518	100	10.0	8.525286
SRR20277660_2	36.0828158398365	46.0	99.65529074332521	100	20.0	8.525286
SRR20277661_1	40.450027517426214	46.0	99.69626919721635	100	10.0	8.304915
SRR20277661_2	36.10609800031518	46.0	99.65797982279169	100	20.0	8.304915
SRR20277662_1	40.65036706807761	46.0	99.70994501910091	100	10.0	8.564247
SRR20277662_2	36.366192320486455	46.0	99.69515679545441	100	20.0	8.564247
SRR20277663_1	40.3909394404254	46.0	99.7048994890511	100	10.0	8.383813
SRR20277663_2	35.96231173538824	46.0	99.6892049596049	100	20.0	8.383813
SRR20277664_1	18.049153884041104	43.0	99.65577339241699	100	20.0	8.656426999999999
SRR20277664_2	14.087224643630705	44.0	99.59183338576067	100	20.0	8.656426999999999
SRR20277665_1	18.006773520948528	43.0	99.6572259315863	100	20.0	8.446641
SRR20277665_2	13.804299845268005	44.0	99.59237624755214	100	20.0	8.446641
SRR20277666_1	18.06623004631905	43.0	99.66937781588689	100	20.0	8.728156
SRR20277666_2	14.097777659361313	44.0	99.63123573868295	100	20.0	8.728156
SRR20277667_1	17.897676411696708	43.0	99.66550912382543	100	20.0	8.554471
SRR20277667_2	13.892355667306674	44.0	99.62492309577063	100	20.0	8.554471
SRR20277668_1	18.36656348082363	47.0	99.35034863795624	100	10.0	8.982384
SRR20277668_2	14.10126082001851	48.0	99.29864031642379	100	20.0	8.982384
SRR20277669_1	18.999639260725758	47.0	99.36354757612673	100	10.0	8.828535
SRR20277669_2	14.48668784650998	48.0	99.31528203716698	100	20.0	8.828535
SRR20277670_1	19.160020331045843	47.0	99.38869196804215	100	0.0	9.104617
SRR20277670_2	14.49227891283283	48.0	99.36560543952591	100	20.0	9.104617
SRR20277671_1	18.530167050123865	47.0	99.38373561941115	100	10.0	8.945044
SRR20277671_2	14.239609005306065	48.0	99.36125993343353	100	20.0	8.945044
SRR20277672_1	18.129510306778343	45.0	99.72283220739183	100	10.0	8.386906999999999
SRR20277672_2	14.722048978442501	46.0	99.63852579979724	100	20.0	8.386906999999999
SRR20277673_1	18.14625652678184	45.0	99.72533456449538	100	10.0	8.085586
SRR20277673_2	15.013463168443735	46.0	99.63756801300487	100	20.0	8.085586
SRR20277674_1	18.30804476114595	45.0	99.74059449673906	100	10.0	8.367548
SRR20277674_2	15.177710352835305	46.0	99.6841304047494	100	20.0	8.367548
SRR20277675_1	17.873526700088846	45.0	99.73675751765178	100	10.0	8.067313
SRR20277675_2	14.676173616201226	46.0	99.67661655126062	100	20.0	8.067313
SRR20277676_1	14.325493333132172	44.0	99.8488902916436	100	20.0	7.342695
SRR20277676_2	10.671570009615479	44.0	99.76248958999386	100	30.0	7.342695
SRR20277677_1	14.358286512254708	44.0	99.86291186098236	100	10.0	7.199547
SRR20277677_2	11.060760453475211	44.0	99.77515272835916	100	30.0	7.199547
SRR20277678_1	14.354263977013275	44.0	99.88358948105414	100	10.0	7.407054
SRR20277678_2	10.86020140143755	44.0	99.82656681050253	100	30.0	7.407054
SRR20277679_1	14.280074423466218	44.0	99.87256660205736	100	20.0	7.275525999999999
SRR20277679_2	10.642043368425064	44.0	99.81262976724982	100	30.0	7.275525999999999
SRR20277680_1	15.677483760145606	44.0	99.94744572935821	100	10.0	9.092438999999999
SRR20277680_2	11.370467677713165	44.0	99.86900407030501	100	30.0	9.092438999999999
SRR20277681_1	15.431348544614679	44.0	99.94947975737337	100	10.0	8.873552
SRR20277681_2	11.603541797451129	44.0	99.86925506268516	100	30.0	8.873552
SRR20277682_1	15.796219453392695	44.0	99.9581136204211	100	10.0	9.150767
SRR20277682_2	11.73495396627176	44.0	99.90618791845536	100	30.0	9.150767
SRR20277683_1	15.471119277389477	43.0	99.95523626076557	100	10.0	8.931593
SRR20277683_2	11.34193387418469	44.0	99.90020934675371	100	20.0	8.931593
SRR20277684_1	15.88122797589591	44.0	99.84769300706925	100	10.0	9.766935
SRR20277684_2	10.778970079162036	44.0	99.77076611035089	100	30.0	9.766935
SRR20277685_1	15.584297265055213	44.0	99.85061672620243	100	10.0	9.628665
SRR20277685_2	10.900070630418071	44.0	99.77401358339915	100	30.0	9.628665
SRR20277686_1	15.743634131244264	44.0	99.85710827450754	100	10.0	9.879029
SRR20277686_2	10.98542849095736	44.0	99.80962769721599	100	30.0	9.879029
SRR20277687_1	15.456251721854457	44.0	99.8564394418081	100	10.0	9.772625
SRR20277687_2	10.650265588876493	44.0	99.80716179122805	100	30.0	9.772625
SRR22894976_1	61.91495836332606	45.0	76.99811560199012	100	70.0	6.203042
SRR22894976_2	60.49403954093919	45.0	77.25453688690162	100	70.0	6.203042
SRR22894977_1	66.49676895097812	45.0	78.25586710812823	100	70.0	6.307835
SRR22894977_2	64.52206513287446	45.0	78.47367686377339	100	70.0	6.307835
SRR22894978_1	65.07658031186827	45.0	80.48552080403505	100	60.0	6.129484
SRR22894978_2	63.56068447551979	45.0	80.75937419854591	100	70.0	6.129484
SRR22894979_1	59.943401110577085	45.0	80.90165267166715	100	60.0	6.2480649999999995
SRR22894979_2	59.236205940022664	45.0	81.16832243262515	100	60.0	6.2480649999999995
SRR22894980_1	95.47479833339925	51.0	39.09113728721888	34	70.0	4.378208
SRR22894980_2	94.1431481270787	50.0	39.9905481877517	34	70.0	4.378208
SRR22894981_1	95.06769196386739	51.0	39.469190896757034	34	70.0	3.9838549999999997
SRR22894981_2	93.13728220376744	51.0	40.388845854078525	34	70.0	3.9838549999999997
SRR22894982_1	94.52042546818409	51.0	40.1994751655006	34	70.0	3.586845
SRR22894982_2	93.06304716509015	51.0	41.238069250274265	34	70.0	3.586845
SRR22894983_1	93.45869927164932	51.0	40.492219052621465	34	70.0	3.392646
SRR22894983_2	92.10044940920103	51.0	41.55044558141345	34	70.0	3.392646
SRR22894984_1	82.11156258106044	46.0	54.076681688665076	34	70.0	2.2447079999999997
SRR22894984_2	80.40527096312131	46.0	55.14956511047317	34	70.0	2.2447079999999997
SRR22894985_1	81.21053366428461	46.0	55.50422529537251	34	70.0	2.134762
SRR22894985_2	79.18416883925445	46.0	56.580654424240265	34	70.0	2.134762
SRR22894986_1	81.12182246229307	46.0	57.340775035700496	34	70.0	2.023081
SRR22894986_2	79.4503520069545	47.0	58.53144807350768	34	70.0	2.023081
SRR22894987_1	77.1851611297275	46.0	58.41623508472236	34	60.0	1.95521
SRR22894987_2	76.6685310639969	47.0	59.60404918141785	34	70.0	1.95521
SRR22894988_1	51.678961074026454	46.0	77.67547323489343	100	70.0	4.519373
SRR22894988_2	51.47386030825463	46.0	77.87094017245313	100	70.0	4.519373
SRR22894989_1	55.32686199811483	46.0	81.21852926280837	100	70.0	4.1524209999999995
SRR22894989_2	53.27782282294849	46.0	81.31736895175128	100	70.0	4.1524209999999995
SRR22894990_1	55.78264254493848	46.0	81.62617335581787	100	60.0	4.4475
SRR22894990_2	53.34959159531742	46.0	81.84076537380551	100	70.0	4.4475
SRR22894991_1	44.99345011668584	46.0	84.21088169189933	100	40.0	3.991916
SRR22894991_2	48.65611345221749	46.0	84.351791470562	100	50.0	3.991916
SRR22894992_1	93.58360132355662	52.0	42.05091072867393	34	70.0	0.989153
SRR22894992_2	91.6582166762877	52.0	43.12314525659832	34	70.0	0.989153
SRR22894993_1	93.0142122697559	52.0	42.69872825570562	34	70.0	0.919839
SRR22894993_2	91.08093916435377	52.0	43.75808538233321	34	70.0	0.919839
SRR22894994_1	91.61800898755493	52.0	44.10319745717958	34	70.0	0.8028879999999999
SRR22894994_2	89.7703042018314	52.0	45.342304281543626	34	70.0	0.8028879999999999
SRR22894995_1	91.57614638308631	52.0	44.21175425844579	34	70.0	0.791075
SRR22894995_2	89.69010523654521	52.0	45.45247606105616	34	70.0	0.791075
