Sample	0	1	2	3	4	5	6	7	8	9	10	11	12	13	14	15	16	17	18	19	20	21	22	23	24	25	26	27	28	29	30	31	32	33	34	35	36	37	38	39	40	41	42	43	44	45	46	47	48	49	50
SRR21188779_1	(1, 0.0)	(2, 0.01711330731314109)	(3, 2.0670742013698627e-05)	(4, 0.2873274481388136)	(5, 4.7542706631506835e-05)	(6, 0.0)	(7, 0.0)	(8, 0.28593010597868757)	(9, 0.0)	(10, 0.0)	(11, 0.14874459245637395)	(12, 0.0)	(13, 0.0)	(14, 0.0)	(15, 0.0)	(16, 0.0)	(17, 0.0)	(18, 0.0)	(19, 0.0)	(20, 0.0)	(21, 0.2888674184188342)	(22, 0.0)	(23, 0.0)	(24, 0.5845871878152095)	(25, 0.0)	(26, 0.2949611531644725)	(27, 0.0)	(28, 0.0)	(29, 0.3008667841577862)	(30, 0.0)	(31, 0.0)	(32, 0.30164607113170266)	(33, 0.0002873233139904109)	(34, 0.0)	(35, 0.0)	(36, 2.0670742013698624e-06)	(37, 0.0)	(38, 0.0)	(39, 0.0)	(40, 0.0)	(41, 0.0)	(42, 1.0335371006849313e-05)	(43, 0.0)	(44, 0.0)	(45, 0.0)	(46, 0.0)	(47, 0.0)	(48, 0.0)	(49, 0.0)	(50, 2.0670742013698624e-06)	(51, 3.514026142328766e-05)
SRR21188779_2	(1, 9.508541326301367e-05)	(2, 0.0)	(3, 0.0)	(4, 0.0)	(5, 0.0)	(6, 0.0)	(7, 0.0)	(8, 0.0)	(9, 8.26829680547945e-06)	(10, 0.0)	(11, 0.0)	(12, 0.0)	(13, 0.0)	(14, 0.0)	(15, 0.0)	(16, 1.8603667812328763e-05)	(17, 0.0)	(18, 0.0)	(19, 0.0)	(20, 0.0)	(21, 0.0)	(22, 0.0)	(23, 0.0)	(24, 0.0)	(25, 0.0)	(26, 0.0)	(27, 0.0)	(28, 0.0)	(29, 0.0)	(30, 0.0)	(31, 0.0)	(32, 0.0)	(33, 0.0)	(34, 1.8603667812328763e-05)	(35, 0.3032067121537369)	(36, 0.0)	(37, 0.0)	(38, 0.0)	(39, 1.4469519409589037e-05)	(40, 4.3408558228767114e-05)	(41, 0.0)	(42, 0.0)	(43, 0.0)	(44, 0.0)	(45, 0.0)	(46, 2.0670742013698624e-06)	(47, 0.0)	(48, 3.100611302054794e-05)	(49, 0.0)	(50, 0.0)	(51, 1.2402445208219175e-05)
SRR21188780_1	(1, 0.0)	(2, 0.01911805050290117)	(3, 2.051922010430975e-05)	(4, 0.28633105996985375)	(5, 2.9313171577585353e-05)	(6, 0.0)	(7, 0.0)	(8, 0.285648063072096)	(9, 0.0)	(10, 5.862634315517071e-06)	(11, 0.14634894041825267)	(12, 0.0)	(13, 0.0)	(14, 0.0)	(15, 0.0)	(16, 0.0)	(17, 0.0)	(18, 5.862634315517071e-06)	(19, 0.0)	(20, 0.0)	(21, 0.28625484572375204)	(22, 7.621424610172193e-05)	(23, 0.0)	(24, 0.5853078221582778)	(25, 0.0)	(26, 0.292094029502007)	(27, 0.0)	(28, 0.0)	(29, 0.2965056618244336)	(30, 5.862634315517071e-06)	(31, 0.0)	(32, 0.29888589135653354)	(33, 0.0007943869497525631)	(34, 0.0)	(35, 0.0)	(36, 0.0)	(37, 0.0)	(38, 2.9313171577585355e-06)	(39, 2.3450537262068284e-05)	(40, 0.0)	(41, 0.0)	(42, 0.0)	(43, 7.914556325948045e-05)	(44, 0.0)	(45, 0.0)	(46, 0.0)	(47, 0.0002315740554629243)	(48, 0.0)	(49, 0.0)	(50, 0.0)	(51, 4.98323916818951e-05)
SRR21188780_2	(1, 0.0001993295667275804)	(2, 0.0)	(3, 0.0)	(4, 0.00010552741767930727)	(5, 0.0)	(6, 0.0)	(7, 0.0)	(8, 0.0)	(9, 1.4656585788792676e-05)	(10, 0.0)	(11, 0.0)	(12, 0.0001319092720991341)	(13, 0.0)	(14, 0.0)	(15, 0.0)	(16, 5.8626343155170706e-05)	(17, 5.569502599741218e-05)	(18, 0.0)	(19, 0.0)	(20, 0.0)	(21, 1.4656585788792676e-05)	(22, 0.0)	(23, 0.0)	(24, 0.0)	(25, 0.0)	(26, 8.793951473275607e-06)	(27, 0.0)	(28, 0.0)	(29, 0.0)	(30, 2.9313171577585355e-06)	(31, 0.00010552741767930727)	(32, 0.0)	(33, 2.051922010430975e-05)	(34, 6.448897747068779e-05)	(35, 0.2978540677170025)	(36, 0.0)	(37, 0.0)	(38, 2.3450537262068284e-05)	(39, 3.517580589310243e-05)	(40, 0.0001582911265189609)	(41, 0.0)	(42, 0.0)	(43, 8.793951473275607e-06)	(44, 5.862634315517071e-06)	(45, 0.0)	(46, 0.0)	(47, 0.0)	(48, 6.155766031292925e-05)	(49, 2.9313171577585355e-06)	(50, 0.0)	(51, 6.155766031292925e-05)
SRR21188781_1	(1, 4.767192827300741e-06)	(2, 0.017714888546249554)	(3, 2.6219560550154075e-05)	(4, 0.2903387283575107)	(5, 5.4822717513958524e-05)	(6, 0.0)	(7, 0.0)	(8, 0.2844631631978625)	(9, 0.0)	(10, 0.0)	(11, 0.1442218846043293)	(12, 0.0)	(13, 0.0)	(14, 0.0)	(15, 0.0)	(16, 0.0)	(17, 0.0)	(18, 0.0)	(19, 0.0)	(20, 0.0)	(21, 0.2911014792098788)	(22, 1.1917982068251852e-05)	(23, 0.0)	(24, 0.5849321763133872)	(25, 0.0)	(26, 0.29312038537224067)	(27, 0.0)	(28, 0.0)	(29, 0.3062063296831812)	(30, 0.0)	(31, 1.4301578481902223e-05)	(32, 0.3079201355045958)	(33, 0.00036707384770215705)	(34, 0.0)	(35, 0.0)	(36, 4.767192827300741e-06)	(37, 0.0)	(38, 0.0)	(39, 0.0)	(40, 0.0)	(41, 0.0)	(42, 0.0)	(43, 0.0)	(44, 0.0)	(45, 0.0)	(46, 0.0)	(47, 4.767192827300741e-05)	(48, 0.0)	(49, 0.0)	(50, 1.1917982068251852e-05)	(51, 4.767192827300741e-05)
SRR21188781_2	(1, 0.00011679622426886815)	(2, 0.0)	(3, 0.0)	(4, 1.9068771309202964e-05)	(5, 0.0)	(6, 0.0)	(7, 0.0)	(8, 0.0)	(9, 0.0)	(10, 0.0)	(11, 0.0)	(12, 2.8603156963804446e-05)	(13, 0.0)	(14, 0.0)	(15, 4.767192827300741e-06)	(16, 1.1917982068251852e-05)	(17, 0.0)	(18, 0.0)	(19, 0.0)	(20, 0.0)	(21, 0.0)	(22, 0.0)	(23, 0.0)	(24, 0.0)	(25, 0.0)	(26, 0.0)	(27, 0.0)	(28, 0.0)	(29, 0.0)	(30, 0.0)	(31, 0.0)	(32, 0.0)	(33, 0.0)	(34, 2.8603156963804446e-05)	(35, 0.3021518321835619)	(36, 0.0)	(37, 0.0)	(38, 2.3835964136503705e-06)	(39, 1.1917982068251852e-05)	(40, 6.674069958221037e-05)	(41, 0.0)	(42, 7.150789240951111e-06)	(43, 0.0)	(44, 0.0)	(45, 2.3835964136503705e-06)	(46, 2.3835964136503705e-06)	(47, 0.0)	(48, 2.3835964136503705e-05)	(49, 0.0)	(50, 0.0)	(51, 7.150789240951111e-06)
SRR21188782_1	(1, 0.0)	(2, 0.017080983354464927)	(3, 1.2402989244437801e-05)	(4, 0.2904325304775037)	(5, 5.3746286725897145e-05)	(6, 0.0)	(7, 0.0)	(8, 0.2853907153496398)	(9, 0.0)	(10, 0.0)	(11, 0.14797799751051335)	(12, 0.0)	(13, 0.0)	(14, 0.0)	(15, 0.0)	(16, 0.0)	(17, 0.0)	(18, 0.0)	(19, 0.0)	(20, 0.0)	(21, 0.293981852566287)	(22, 1.8604483866656703e-05)	(23, 0.0)	(24, 0.593743498120482)	(25, 0.0)	(26, 0.29469709161271623)	(27, 0.0)	(28, 0.0)	(29, 0.3064633940759396)	(30, 0.0)	(31, 0.0)	(32, 0.30992382807513774)	(33, 0.00039689565582200963)	(34, 0.0)	(35, 0.0)	(36, 1.2402989244437801e-05)	(37, 0.0)	(38, 0.0)	(39, 0.0)	(40, 0.0)	(41, 0.0)	(42, 0.0)	(43, 0.0)	(44, 1.2402989244437801e-05)	(45, 0.0)	(46, 0.0)	(47, 3.927613260738637e-05)	(48, 0.0)	(49, 0.0)	(50, 0.0)	(51, 3.927613260738637e-05)
SRR21188782_2	(1, 0.0001136940680740132)	(2, 0.0)	(3, 0.0)	(4, 2.2738813614802638e-05)	(5, 0.0)	(6, 0.0)	(7, 0.0)	(8, 0.0)	(9, 0.0)	(10, 0.0)	(11, 0.0)	(12, 2.6873143362948573e-05)	(13, 0.0)	(14, 0.0)	(15, 0.0)	(16, 3.100747311109451e-05)	(17, 0.0)	(18, 0.0)	(19, 0.0)	(20, 0.0)	(21, 8.268659496291868e-06)	(22, 0.0)	(23, 0.0)	(24, 0.0)	(25, 0.0)	(26, 4.134329748145934e-06)	(27, 0.0)	(28, 0.0)	(29, 0.0)	(30, 0.0)	(31, 2.067164874072967e-06)	(32, 0.0)	(33, 0.0)	(34, 2.6873143362948573e-05)	(35, 0.30500190850997)	(36, 0.0)	(37, 0.0)	(38, 0.0)	(39, 2.4805978488875602e-05)	(40, 4.3410462355532305e-05)	(41, 0.0)	(42, 0.0)	(43, 0.0)	(44, 0.0)	(45, 0.0)	(46, 0.0)	(47, 4.134329748145934e-06)	(48, 2.2738813614802638e-05)	(49, 0.0)	(50, 0.0)	(51, 2.4805978488875602e-05)
SRR21188783_1	(1, 0.0)	(2, 0.01855851154989367)	(3, 2.1201650666291316e-05)	(4, 0.2820196456850813)	(5, 4.947051822134641e-05)	(6, 0.0)	(7, 0.0)	(8, 0.28698083194099344)	(9, 0.0)	(10, 0.0)	(11, 0.14640917654555616)	(12, 0.0)	(13, 0.0)	(14, 0.0)	(15, 0.0)	(16, 0.0)	(17, 0.0)	(18, 0.0)	(19, 0.0)	(20, 0.0)	(21, 0.28466042906251604)	(22, 0.0)	(23, 3.533608444381886e-05)	(24, 0.5840159577757348)	(25, 0.0)	(26, 0.28919287082717654)	(27, 2.355738962921258e-06)	(28, 0.0)	(29, 0.29437549654560324)	(30, 4.4759040295503895e-05)	(31, 0.0)	(32, 0.2993696631469963)	(33, 0.00043345596917751143)	(34, 7.067216888763773e-06)	(35, 0.0)	(36, 4.711477925842516e-06)	(37, 2.1201650666291316e-05)	(38, 0.0)	(39, 1.6490172740448803e-05)	(40, 0.0)	(41, 0.0)	(42, 0.0)	(43, 2.5913128592133836e-05)	(44, 5.889347407303145e-05)	(45, 4.711477925842516e-06)	(46, 0.0)	(47, 3.533608444381886e-05)	(48, 0.0)	(49, 0.0)	(50, 9.422955851685031e-06)	(51, 0.0001224984260719054)
SRR21188783_2	(1, 0.0001484115546640392)	(2, 9.422955851685031e-06)	(3, 0.0)	(4, 0.0)	(5, 9.422955851685031e-06)	(6, 3.7691823406740126e-05)	(7, 4.711477925842516e-06)	(8, 0.0)	(9, 0.0001060082533314566)	(10, 0.0)	(11, 0.0)	(12, 0.0)	(13, 2.355738962921258e-06)	(14, 0.0)	(15, 0.0)	(16, 3.062460651797635e-05)	(17, 6.831642992471647e-05)	(18, 0.0)	(19, 0.0)	(20, 0.0)	(21, 0.0)	(22, 0.0)	(23, 1.6490172740448803e-05)	(24, 4.711477925842516e-06)	(25, 2.1201650666291316e-05)	(26, 0.0)	(27, 0.0)	(28, 0.0)	(29, 0.0)	(30, 0.0)	(31, 1.1778694814606288e-05)	(32, 2.5913128592133836e-05)	(33, 9.422955851685031e-06)	(34, 4.947051822134641e-05)	(35, 0.2951057756241089)	(36, 0.0)	(37, 0.0)	(38, 0.0)	(39, 9.422955851685031e-06)	(40, 0.0002214394625145982)	(41, 0.0)	(42, 9.422955851685031e-06)	(43, 0.0)	(44, 2.8268867555055093e-05)	(45, 0.0)	(46, 2.355738962921258e-06)	(47, 0.0)	(48, 2.8268867555055093e-05)	(49, 1.4134433777527546e-05)	(50, 0.0)	(51, 3.7691823406740126e-05)
SRR21188784_1	(1, 0.0)	(2, 0.017513790762365557)	(3, 2.6358147268575885e-05)	(4, 0.28483093177464347)	(5, 3.833912329974674e-05)	(6, 0.0)	(7, 0.0)	(8, 0.2860242369873481)	(9, 0.0)	(10, 0.0)	(11, 0.14486437738809307)	(12, 0.0)	(13, 0.0)	(14, 3.35467328872784e-05)	(15, 0.0)	(16, 0.0)	(17, 2.3961952062341714e-06)	(18, 0.0)	(19, 0.0)	(20, 0.0)	(21, 0.2864435711484391)	(22, 6.948966098079097e-05)	(23, 0.0)	(24, 0.5854408089823391)	(25, 0.0)	(26, 0.2908405893518788)	(27, 0.0)	(28, 0.0)	(29, 0.2985299797686843)	(30, 1.67733664436392e-05)	(31, 0.0)	(32, 0.302047594331436)	(33, 0.0007308395379014224)	(34, 0.0)	(35, 0.0)	(36, 9.584780824936685e-06)	(37, 4.073531850598092e-05)	(38, 0.0)	(39, 1.67733664436392e-05)	(40, 0.0)	(41, 0.0)	(42, 0.0)	(43, 6.230107536208846e-05)	(44, 2.875434247481006e-05)	(45, 4.792390412468343e-06)	(46, 0.0)	(47, 0.00012939454113664525)	(48, 0.0)	(49, 0.0)	(50, 0.0)	(51, 0.00011980976031170858)
SRR21188784_2	(1, 0.0001773184452613287)	(2, 0.0)	(3, 0.0)	(4, 3.115053768104423e-05)	(5, 0.0)	(6, 0.0)	(7, 0.0)	(8, 0.0)	(9, 4.792390412468343e-06)	(10, 0.0)	(11, 0.0)	(12, 4.073531850598092e-05)	(13, 0.0)	(14, 0.0)	(15, 0.0)	(16, 3.35467328872784e-05)	(17, 1.437717123740503e-05)	(18, 0.0)	(19, 0.0)	(20, 0.0)	(21, 7.188585618702515e-06)	(22, 0.0)	(23, 0.0)	(24, 0.0)	(25, 4.792390412468343e-06)	(26, 3.833912329974674e-05)	(27, 0.0)	(28, 0.0)	(29, 0.0)	(30, 2.3961952062341714e-06)	(31, 9.105541783689852e-05)	(32, 3.35467328872784e-05)	(33, 2.875434247481006e-05)	(34, 8.865922263066434e-05)	(35, 0.29945251492308445)	(36, 0.0)	(37, 0.0)	(38, 0.0)	(39, 1.1980976031170857e-05)	(40, 0.00015335649319898697)	(41, 0.0)	(42, 0.0)	(43, 0.0)	(44, 0.0)	(45, 0.0)	(46, 0.0)	(47, 4.792390412468343e-06)	(48, 6.469727056832262e-05)	(49, 0.0)	(50, 0.0)	(51, 5.271629453715177e-05)
SRR21188785_1	(1, 0.0)	(2, 0.01766524813289872)	(3, 9.405163387674015e-06)	(4, 0.2989501721497594)	(5, 3.997194439761457e-05)	(6, 0.0)	(7, 0.0)	(8, 0.2908476238912782)	(9, 0.0)	(10, 1.175645423459252e-05)	(11, 0.14960558271688365)	(12, 0.0)	(13, 0.0)	(14, 0.0)	(15, 0.0)	(16, 0.0)	(17, 0.0)	(18, 2.3512908469185038e-06)	(19, 0.0)	(20, 0.0)	(21, 0.3027545607400735)	(22, 0.0)	(23, 1.4107745081511024e-05)	(24, 0.6009264556195029)	(25, 0.0)	(26, 0.29376087325061023)	(27, 0.0)	(28, 0.0)	(29, 0.3082730403577912)	(30, 1.175645423459252e-05)	(31, 0.0)	(32, 0.3147108746966541)	(33, 0.0004044220256699827)	(34, 0.0)	(35, 0.0)	(36, 1.175645423459252e-05)	(37, 0.0)	(38, 0.0)	(39, 1.4107745081511024e-05)	(40, 0.0)	(41, 0.0)	(42, 1.175645423459252e-05)	(43, 7.289001625447363e-05)	(44, 1.175645423459252e-05)	(45, 0.0)	(46, 0.0)	(47, 3.526936270377756e-05)	(48, 0.0)	(49, 0.0)	(50, 0.0)	(51, 5.8782271172962605e-05)
SRR21188785_2	(1, 6.348485286679961e-05)	(2, 2.3512908469185038e-06)	(3, 0.0)	(4, 0.0)	(5, 1.175645423459252e-05)	(6, 0.0)	(7, 0.0)	(8, 0.0)	(9, 3.762065355069606e-05)	(10, 0.0)	(11, 0.0)	(12, 0.0)	(13, 2.3512908469185038e-06)	(14, 0.0)	(15, 0.0)	(16, 4.467452609145158e-05)	(17, 3.291807185685906e-05)	(18, 0.0)	(19, 0.0)	(20, 0.0)	(21, 4.7025816938370075e-06)	(22, 0.0)	(23, 4.7025816938370075e-06)	(24, 0.0)	(25, 1.881032677534803e-05)	(26, 0.0)	(27, 0.0)	(28, 0.0)	(29, 1.175645423459252e-05)	(30, 7.053872540755512e-06)	(31, 1.175645423459252e-05)	(32, 0.0)	(33, 9.405163387674015e-06)	(34, 5.64309803260441e-05)	(35, 0.30784510542365207)	(36, 0.0)	(37, 0.0)	(38, 0.0)	(39, 1.4107745081511024e-05)	(40, 0.0001763468135188878)	(41, 7.053872540755512e-06)	(42, 0.0)	(43, 0.0)	(44, 1.645903592842953e-05)	(45, 4.7025816938370075e-06)	(46, 7.053872540755512e-06)	(47, 4.7025816938370075e-06)	(48, 1.881032677534803e-05)	(49, 2.3512908469185038e-06)	(50, 4.7025816938370075e-06)	(51, 5.4079689479125596e-05)
SRR21188786_1	(1, 2.1200208686374223e-06)	(2, 0.016517082587554157)	(3, 2.7560271292286494e-05)	(4, 0.29527862660468884)	(5, 2.9680292160923916e-05)	(6, 0.0)	(7, 0.0)	(8, 0.2816786927323798)	(9, 0.0)	(10, 1.2720125211824535e-05)	(11, 0.14532319050335804)	(12, 0.0)	(13, 0.0)	(14, 0.0)	(15, 0.0)	(16, 0.0)	(17, 0.0)	(18, 0.0)	(19, 0.0)	(20, 0.0)	(21, 0.29756188908021136)	(22, 0.0)	(23, 0.0)	(24, 0.5932242394621235)	(25, 0.0)	(26, 0.2977972113966301)	(27, 0.0)	(28, 0.0)	(29, 0.3131546425690396)	(30, 1.0600104343187113e-05)	(31, 0.0)	(32, 0.3157622682374636)	(33, 0.0003773637146174612)	(34, 4.2400417372748446e-06)	(35, 0.0)	(36, 8.480083474549689e-06)	(37, 1.6960166949099378e-05)	(38, 0.0)	(39, 1.4840146080461958e-05)	(40, 0.0)	(41, 0.0)	(42, 4.2400417372748446e-06)	(43, 0.00011024108516914598)	(44, 1.9080187817736804e-05)	(45, 0.0)	(46, 0.0)	(47, 4.240041737274845e-05)	(48, 0.0)	(49, 0.0)	(50, 0.0)	(51, 6.996068866503494e-05)
SRR21188786_2	(1, 6.784066779639751e-05)	(2, 0.0)	(3, 0.0)	(4, 0.0)	(5, 0.0)	(6, 0.0)	(7, 0.0)	(8, 0.0)	(9, 0.0)	(10, 0.0)	(11, 0.0)	(12, 0.0)	(13, 0.0)	(14, 0.0)	(15, 0.0)	(16, 4.240041737274845e-05)	(17, 1.4840146080461958e-05)	(18, 0.0)	(19, 0.0)	(20, 0.0)	(21, 4.2400417372748446e-06)	(22, 0.0)	(23, 2.1200208686374223e-06)	(24, 0.0)	(25, 4.2400417372748446e-06)	(26, 0.0)	(27, 0.0)	(28, 0.0)	(29, 4.2400417372748446e-06)	(30, 2.1200208686374223e-06)	(31, 2.1200208686374225e-05)	(32, 3.3920333898198757e-05)	(33, 1.9080187817736804e-05)	(34, 7.632075127094721e-05)	(35, 0.31031169458419683)	(36, 0.0)	(37, 0.0)	(38, 0.0)	(39, 6.360062605912267e-06)	(40, 0.00017596173209690608)	(41, 0.0)	(42, 0.0)	(43, 0.0)	(44, 0.0)	(45, 1.4840146080461958e-05)	(46, 0.0)	(47, 0.0)	(48, 4.876047997866071e-05)	(49, 0.0)	(50, 0.0)	(51, 6.148060519048525e-05)
SRR21188787_1	(1, 0.0)	(2, 0.01871895577405602)	(3, 2.0231848440795508e-05)	(4, 0.2825669872567904)	(5, 3.147176424123746e-05)	(6, 0.0)	(7, 0.0)	(8, 0.2845317245387077)	(9, 0.0)	(10, 1.798386528070712e-05)	(11, 0.1433583820851568)	(12, 0.0)	(13, 0.0)	(14, 0.0)	(15, 0.0)	(16, 0.0)	(17, 8.99193264035356e-06)	(18, 6.7439494802651694e-06)	(19, 0.0)	(20, 0.0)	(21, 0.28409336782249045)	(22, 8.092739376318203e-05)	(23, 0.0)	(24, 0.5823535255198579)	(25, 0.0)	(26, 0.28984146076283646)	(27, 0.0)	(28, 0.0)	(29, 0.2958750475645137)	(30, 0.0)	(31, 0.0)	(32, 0.29883788936951017)	(33, 0.0008632255334739417)	(34, 0.0)	(35, 0.0)	(36, 0.0)	(37, 0.0)	(38, 1.798386528070712e-05)	(39, 3.596773056141424e-05)	(40, 0.0)	(41, 0.0)	(42, 0.0)	(43, 0.00014162293908556855)	(44, 0.0)	(45, 0.0)	(46, 0.0)	(47, 0.00027425394553078357)	(48, 0.0)	(49, 0.0)	(50, 0.0)	(51, 9.216730956362399e-05)
SRR21188787_2	(1, 0.00016859873700662923)	(2, 0.0)	(3, 0.0)	(4, 0.00011239915800441949)	(5, 0.0)	(6, 0.0)	(7, 0.0)	(8, 2.4727814760972288e-05)	(9, 0.0)	(10, 0.0)	(11, 0.0)	(12, 0.00012588705696494983)	(13, 0.0)	(14, 0.0)	(15, 0.0)	(16, 4.4959663201767796e-05)	(17, 2.2479831600883898e-05)	(18, 0.0)	(19, 0.0)	(20, 0.0)	(21, 1.1239915800441949e-05)	(22, 0.0)	(23, 0.0)	(24, 0.0)	(25, 1.798386528070712e-05)	(26, 4.49596632017678e-06)	(27, 0.0)	(28, 4.49596632017678e-06)	(29, 1.1239915800441949e-05)	(30, 0.0)	(31, 9.216730956362399e-05)	(32, 0.0)	(33, 1.3487898960530339e-05)	(34, 6.968747796274008e-05)	(35, 0.29797691181919633)	(36, 0.0)	(37, 0.0)	(38, 1.573588212061873e-05)	(39, 8.99193264035356e-06)	(40, 0.0001775906696469828)	(41, 4.49596632017678e-06)	(42, 0.0)	(43, 1.1239915800441949e-05)	(44, 0.0)	(45, 0.0)	(46, 0.0)	(47, 0.0)	(48, 3.821571372150263e-05)	(49, 0.0)	(50, 0.0)	(51, 6.519151164256331e-05)
SRR21188788_1	(1, 2.376263447393662e-06)	(2, 0.01901248384259669)	(3, 9.505053789574648e-06)	(4, 0.29445230882033824)	(5, 7.366416686920353e-05)	(6, 0.0)	(7, 0.0)	(8, 0.2814921679782532)	(9, 0.0)	(10, 0.0)	(11, 0.1449805854523821)	(12, 0.0)	(13, 0.0)	(14, 2.376263447393662e-05)	(15, 0.0)	(16, 0.0)	(17, 0.0)	(18, 0.0)	(19, 0.0)	(20, 0.0)	(21, 0.29938305547368005)	(22, 4.752526894787324e-05)	(23, 0.0)	(24, 0.5932864474376705)	(25, 0.0)	(26, 0.29597549369011755)	(27, 0.0)	(28, 0.0)	(29, 0.31419668180473215)	(30, 0.0)	(31, 0.0)	(32, 0.31562719240006315)	(33, 0.0003992122591621352)	(34, 0.0)	(35, 0.0)	(36, 1.9010107579149296e-05)	(37, 0.0)	(38, 0.0)	(39, 0.0)	(40, 2.376263447393662e-06)	(41, 0.0)	(42, 4.752526894787324e-06)	(43, 2.376263447393662e-06)	(44, 1.9010107579149296e-05)	(45, 0.0)	(46, 0.0)	(47, 1.6633844131755633e-05)	(48, 0.0)	(49, 0.0)	(50, 9.505053789574648e-06)	(51, 6.415911307962888e-05)
SRR21188788_2	(1, 9.505053789574648e-05)	(2, 0.0)	(3, 0.0)	(4, 4.752526894787324e-06)	(5, 0.0)	(6, 0.0)	(7, 0.0)	(8, 0.0)	(9, 0.0)	(10, 0.0)	(11, 0.0)	(12, 1.4257580684361973e-05)	(13, 0.0)	(14, 0.0)	(15, 0.0)	(16, 3.5643951710904926e-05)	(17, 0.0)	(18, 0.0)	(19, 0.0)	(20, 0.0)	(21, 1.188131723696831e-05)	(22, 0.0)	(23, 0.0)	(24, 0.0)	(25, 0.0)	(26, 0.0)	(27, 0.0)	(28, 0.0)	(29, 0.0)	(30, 0.0)	(31, 0.0)	(32, 0.0)	(33, 0.0)	(34, 3.5643951710904926e-05)	(35, 0.30810156606216743)	(36, 0.0)	(37, 0.0)	(38, 0.0)	(39, 1.6633844131755633e-05)	(40, 5.703032273744789e-05)	(41, 0.0)	(42, 7.1287903421809865e-06)	(43, 1.6633844131755633e-05)	(44, 0.0)	(45, 2.376263447393662e-06)	(46, 2.376263447393662e-06)	(47, 2.376263447393662e-06)	(48, 3.5643951710904926e-05)	(49, 0.0)	(50, 2.376263447393662e-06)	(51, 3.5643951710904926e-05)
SRR21188789_1	(1, 0.0)	(2, 0.01687628190480912)	(3, 1.0059777005727896e-05)	(4, 0.2852067498447927)	(5, 4.426301882520274e-05)	(6, 0.0)	(7, 0.0)	(8, 0.28394726576367557)	(9, 0.0)	(10, 4.023910802291159e-06)	(11, 0.14534768208955892)	(12, 0.0)	(13, 0.0)	(14, 0.0)	(15, 0.0)	(16, 0.0)	(17, 1.0059777005727896e-05)	(18, 0.0)	(19, 0.0)	(20, 0.0)	(21, 0.28680625438870344)	(22, 0.0)	(23, 0.0)	(24, 0.5856701574964724)	(25, 0.0)	(26, 0.2908885118976278)	(27, 0.0)	(28, 0.0)	(29, 0.2996767330898317)	(30, 0.0)	(31, 0.0)	(32, 0.3008054400698744)	(33, 0.00033398459659016616)	(34, 0.0)	(35, 0.0)	(36, 1.2071732406873476e-05)	(37, 0.0)	(38, 0.0)	(39, 0.0)	(40, 0.0)	(41, 0.0)	(42, 4.023910802291159e-06)	(43, 0.0)	(44, 1.2071732406873476e-05)	(45, 0.0)	(46, 0.0)	(47, 0.0)	(48, 0.0)	(49, 0.0)	(50, 0.0)	(51, 3.621519722062043e-05)
SRR21188789_2	(1, 7.041843904009528e-05)	(2, 0.0)	(3, 0.0)	(4, 0.0)	(5, 0.0)	(6, 0.0)	(7, 0.0)	(8, 0.0)	(9, 0.0)	(10, 0.0)	(11, 0.0)	(12, 0.0)	(13, 0.0)	(14, 0.0)	(15, 0.0)	(16, 3.017933101718369e-05)	(17, 0.0)	(18, 0.0)	(19, 0.0)	(20, 0.0)	(21, 8.047821604582318e-06)	(22, 0.0)	(23, 0.0)	(24, 0.0)	(25, 0.0)	(26, 0.0)	(27, 0.0)	(28, 0.0)	(29, 6.035866203436738e-06)	(30, 0.0)	(31, 0.0)	(32, 0.0)	(33, 6.035866203436738e-06)	(34, 2.816737561603811e-05)	(35, 0.3001253991442872)	(36, 0.0)	(37, 0.0)	(38, 0.0)	(39, 2.0119554011455792e-05)	(40, 4.627497422634832e-05)	(41, 0.0)	(42, 0.0)	(43, 0.0)	(44, 0.0)	(45, 0.0)	(46, 0.0)	(47, 2.0119554011455794e-06)	(48, 3.621519722062043e-05)	(49, 0.0)	(50, 0.0)	(51, 2.6155420214892528e-05)
SRR21188790_1	(1, 4.14397194530993e-06)	(2, 0.01626301789936882)	(3, 2.4863831671859584e-05)	(4, 0.2859009124508227)	(5, 2.2791845699204614e-05)	(6, 0.0)	(7, 0.0)	(8, 0.2854036358173855)	(9, 0.0)	(10, 0.0)	(11, 0.14654742387394037)	(12, 0.0)	(13, 0.0)	(14, 0.0)	(15, 0.0)	(16, 0.0)	(17, 0.0)	(18, 0.0)	(19, 0.0)	(20, 0.0)	(21, 0.287790563657884)	(22, 0.0)	(23, 0.0)	(24, 0.5873106399069679)	(25, 0.0)	(26, 0.2927716179361466)	(27, 0.0)	(28, 0.0)	(29, 0.3016956615203715)	(30, 0.0)	(31, 0.0)	(32, 0.3013309919891842)	(33, 0.0003273737836794845)	(34, 0.0)	(35, 0.0)	(36, 8.28794389061986e-06)	(37, 0.0)	(38, 2.071985972654965e-06)	(39, 0.0)	(40, 0.0)	(41, 0.0)	(42, 0.0)	(43, 0.0)	(44, 8.28794389061986e-06)	(45, 4.14397194530993e-06)	(46, 0.0)	(47, 0.0)	(48, 0.0)	(49, 0.0)	(50, 0.0)	(51, 2.693581764451455e-05)
SRR21188790_2	(1, 9.53113547421284e-05)	(2, 0.0)	(3, 0.0)	(4, 0.0)	(5, 0.0)	(6, 0.0)	(7, 0.0)	(8, 0.0)	(9, 0.0)	(10, 0.0)	(11, 0.0)	(12, 0.0)	(13, 0.0)	(14, 0.0)	(15, 0.0)	(16, 3.729574750778937e-05)	(17, 0.0)	(18, 0.0)	(19, 0.0)	(20, 0.0)	(21, 0.0)	(22, 0.0)	(23, 0.0)	(24, 0.0)	(25, 0.0)	(26, 0.0)	(27, 0.0)	(28, 1.8647873753894686e-05)	(29, 1.4503901808584754e-05)	(30, 0.0)	(31, 0.0)	(32, 0.0)	(33, 0.0)	(34, 3.9367733480444334e-05)	(35, 0.3031937073786011)	(36, 0.0)	(37, 0.0)	(38, 0.0)	(39, 1.4503901808584754e-05)	(40, 8.702341085150855e-05)	(41, 0.0)	(42, 0.0)	(43, 0.0)	(44, 0.0)	(45, 2.2791845699204614e-05)	(46, 0.0)	(47, 0.0)	(48, 3.107978958982448e-05)	(49, 0.0)	(50, 0.0)	(51, 2.2791845699204614e-05)
SRR21188791_1	(1, 1.9998709283302854e-06)	(2, 0.01833681654186039)	(3, 5.199664413658742e-05)	(4, 0.28978329738598674)	(5, 3.799754763827543e-05)	(6, 0.0)	(7, 0.0)	(8, 0.2833977095118281)	(9, 0.0)	(10, 0.0)	(11, 0.1458505868031277)	(12, 0.0)	(13, 0.0)	(14, 0.0)	(15, 0.0)	(16, 0.0)	(17, 0.0)	(18, 0.0)	(19, 0.0)	(20, 0.0)	(21, 0.2929930902259568)	(22, 0.0)	(23, 0.0)	(24, 0.5910398542878043)	(25, 0.0)	(26, 0.29210314766284984)	(27, 0.0)	(28, 0.0)	(29, 0.3041323712967565)	(30, 0.0)	(31, 0.0)	(32, 0.30595025397060877)	(33, 0.0002919811555362217)	(34, 0.0)	(35, 0.0)	(36, 1.9998709283302854e-06)	(37, 0.0)	(38, 0.0)	(39, 0.0)	(40, 1.9998709283302854e-06)	(41, 0.0)	(42, 1.9998709283302854e-06)	(43, 0.0)	(44, 7.999483713321141e-06)	(45, 0.0)	(46, 0.0)	(47, 0.0)	(48, 0.0)	(49, 0.0)	(50, 0.0)	(51, 5.399651506491771e-05)
SRR21188791_2	(1, 5.799625692157828e-05)	(2, 0.0)	(3, 0.0)	(4, 0.0)	(5, 0.0)	(6, 0.0)	(7, 0.0)	(8, 0.0)	(9, 0.0)	(10, 0.0)	(11, 0.0)	(12, 0.0)	(13, 0.0)	(14, 0.0)	(15, 0.0)	(16, 1.799883835497257e-05)	(17, 0.0)	(18, 0.0)	(19, 0.0)	(20, 0.0)	(21, 0.0)	(22, 0.0)	(23, 0.0)	(24, 0.0)	(25, 0.0)	(26, 0.0)	(27, 0.0)	(28, 0.0)	(29, 0.0)	(30, 0.0)	(31, 0.0)	(32, 0.0)	(33, 0.0)	(34, 2.9998063924954285e-05)	(35, 0.3029104501595467)	(36, 0.0)	(37, 1.9998709283302854e-06)	(38, 0.0)	(39, 3.999741856660571e-06)	(40, 6.199599877823886e-05)	(41, 0.0)	(42, 0.0)	(43, 1.1999225569981715e-05)	(44, 0.0)	(45, 1.5998967426642283e-05)	(46, 1.9998709283302854e-06)	(47, 0.0)	(48, 1.9998709283302854e-05)	(49, 0.0)	(50, 1.9998709283302854e-06)	(51, 1.1999225569981715e-05)
SRR21188792_1	(1, 0.0)	(2, 0.01763876848072475)	(3, 2.6350722851002267e-05)	(4, 0.2956267326867136)	(5, 4.053957361692657e-05)	(6, 0.0)	(7, 0.0)	(8, 0.28229934786014904)	(9, 0.0)	(10, 0.0)	(11, 0.1466883931754871)	(12, 0.0)	(13, 0.0)	(14, 0.0)	(15, 0.0)	(16, 0.0)	(17, 4.8647488340311884e-05)	(18, 0.0)	(19, 0.0)	(20, 0.0)	(21, 0.2993746162675985)	(22, 1.2161872085077971e-05)	(23, 0.0)	(24, 0.5939229962961019)	(25, 0.0)	(26, 0.2939929878699515)	(27, 0.0)	(28, 0.0)	(29, 0.3136303573299907)	(30, 0.0)	(31, 0.0)	(32, 0.31396075485496866)	(33, 0.00043174645902026797)	(34, 0.0)	(35, 0.0)	(36, 2.0269786808463286e-06)	(37, 0.0)	(38, 0.0)	(39, 0.0)	(40, 0.0)	(41, 0.0)	(42, 8.107914723385315e-06)	(43, 0.0)	(44, 0.0)	(45, 0.0)	(46, 0.0)	(47, 5.675540306369719e-05)	(48, 0.0)	(49, 0.0)	(50, 4.053957361692657e-06)	(51, 4.4593530978619226e-05)
SRR21188792_2	(1, 0.00011351080612739439)	(2, 0.0)	(3, 0.0)	(4, 2.4323744170155942e-05)	(5, 0.0)	(6, 0.0)	(7, 0.0)	(8, 0.0)	(9, 0.0)	(10, 0.0)	(11, 0.0)	(12, 3.040468021269493e-05)	(13, 0.0)	(14, 0.0)	(15, 0.0)	(16, 3.243165889354126e-05)	(17, 0.0)	(18, 0.0)	(19, 0.0)	(20, 0.0)	(21, 0.0)	(22, 0.0)	(23, 0.0)	(24, 0.0)	(25, 0.0)	(26, 4.053957361692657e-06)	(27, 0.0)	(28, 0.0)	(29, 0.0)	(30, 0.0)	(31, 2.0269786808463286e-06)	(32, 0.0)	(33, 0.0)	(34, 1.8242808127616955e-05)	(35, 0.3100973334892756)	(36, 0.0)	(37, 0.0)	(38, 2.0269786808463286e-06)	(39, 1.0134893404231642e-05)	(40, 6.283633910623618e-05)	(41, 0.0)	(42, 1.0134893404231642e-05)	(43, 0.0)	(44, 0.0)	(45, 2.0269786808463286e-06)	(46, 2.0269786808463286e-06)	(47, 0.0)	(48, 3.445863757438759e-05)	(49, 0.0)	(50, 2.0269786808463286e-06)	(51, 2.6350722851002267e-05)
SRR21188793_1	(1, 2.366673003039187e-06)	(2, 0.01747314678143832)	(3, 2.3666730030391868e-05)	(4, 0.285669264831845)	(5, 4.496678705774455e-05)	(6, 0.0)	(7, 0.0)	(8, 0.2849000961058573)	(9, 0.0)	(10, 0.0)	(11, 0.146456825447074)	(12, 0.0)	(13, 0.0)	(14, 9.466692012156747e-06)	(15, 0.0)	(16, 0.0)	(17, 0.0)	(18, 2.366673003039187e-06)	(19, 0.0)	(20, 0.0)	(21, 0.2867366343562157)	(22, 2.366673003039187e-06)	(23, 0.0)	(24, 0.5864639368261135)	(25, 0.0)	(26, 0.29251841650264043)	(27, 2.366673003039187e-06)	(28, 0.0)	(29, 0.2975759967101352)	(30, 0.0)	(31, 0.0)	(32, 0.3007946719942685)	(33, 0.0003597342964619564)	(34, 0.0)	(35, 0.0)	(36, 0.0)	(37, 0.0)	(38, 0.0)	(39, 0.0)	(40, 0.0)	(41, 0.0)	(42, 7.100019009117561e-06)	(43, 0.0)	(44, 0.0)	(45, 0.0)	(46, 0.0)	(47, 2.366673003039187e-06)	(48, 0.0)	(49, 0.0)	(50, 7.100019009117561e-06)	(51, 3.076674903950943e-05)
SRR21188793_2	(1, 9.466692012156747e-05)	(2, 0.0)	(3, 0.0)	(4, 0.0)	(5, 0.0)	(6, 0.0)	(7, 0.0)	(8, 0.0)	(9, 0.0)	(10, 0.0)	(11, 0.0)	(12, 0.0)	(13, 0.0)	(14, 0.0)	(15, 0.0)	(16, 2.8400076036470244e-05)	(17, 0.0)	(18, 0.0)	(19, 0.0)	(20, 0.0)	(21, 0.0)	(22, 0.0)	(23, 0.0)	(24, 0.0)	(25, 0.0)	(26, 0.0)	(27, 0.0)	(28, 0.0)	(29, 0.0)	(30, 0.0)	(31, 0.0)	(32, 0.0)	(33, 0.0)	(34, 2.3666730030391868e-05)	(35, 0.29998763650023214)	(36, 0.0)	(37, 0.0)	(38, 0.0)	(39, 7.100019009117561e-06)	(40, 6.626684408509723e-05)	(41, 0.0)	(42, 9.466692012156747e-06)	(43, 0.0)	(44, 0.0)	(45, 2.366673003039187e-06)	(46, 2.366673003039187e-06)	(47, 0.0)	(48, 2.130005702735268e-05)	(49, 0.0)	(50, 0.0)	(51, 3.5500095045587797e-05)
SRR21188794_1	(1, 0.0)	(2, 0.018025979662262433)	(3, 1.3350929264729613e-05)	(4, 0.2823276508514822)	(5, 3.7827632916733904e-05)	(6, 0.0)	(7, 0.0)	(8, 0.2865131671759749)	(9, 0.0)	(10, 0.0)	(11, 0.1455384799148175)	(12, 0.0)	(13, 0.0)	(14, 0.0)	(15, 0.0)	(16, 0.0)	(17, 4.450309754909871e-06)	(18, 0.0)	(19, 0.0)	(20, 0.0)	(21, 0.2851380214617078)	(22, 1.1125774387274678e-05)	(23, 0.0)	(24, 0.5843657236074602)	(25, 0.0)	(26, 0.2902670034542414)	(27, 0.0)	(28, 0.0)	(29, 0.29551169350040274)	(30, 0.0)	(31, 0.0)	(32, 0.2989339817019284)	(33, 0.0003382235413731502)	(34, 0.0)	(35, 0.0)	(36, 6.675464632364806e-06)	(37, 0.0)	(38, 0.0)	(39, 0.0)	(40, 0.0)	(41, 0.0)	(42, 0.0)	(43, 0.0)	(44, 6.675464632364806e-06)	(45, 0.0)	(46, 0.0)	(47, 0.0)	(48, 0.0)	(49, 0.0)	(50, 0.0)	(51, 4.672825242655364e-05)
SRR21188794_2	(1, 8.233073046583262e-05)	(2, 0.0)	(3, 0.0)	(4, 0.0)	(5, 0.0)	(6, 0.0)	(7, 0.0)	(8, 0.0)	(9, 0.0)	(10, 0.0)	(11, 0.0)	(12, 0.0)	(13, 0.0)	(14, 0.0)	(15, 0.0)	(16, 1.7801239019639484e-05)	(17, 0.0)	(18, 0.0)	(19, 0.0)	(20, 0.0)	(21, 0.0)	(22, 0.0)	(23, 0.0)	(24, 0.0)	(25, 0.0)	(26, 0.0)	(27, 0.0)	(28, 0.0)	(29, 0.0)	(30, 0.0)	(31, 0.0)	(32, 0.0)	(33, 0.0)	(34, 1.7801239019639484e-05)	(35, 0.29784143065709806)	(36, 0.0)	(37, 0.0)	(38, 0.0)	(39, 2.2251548774549356e-05)	(40, 4.2277942671643776e-05)	(41, 0.0)	(42, 0.0)	(43, 0.0)	(44, 0.0)	(45, 2.2251548774549355e-06)	(46, 4.450309754909871e-06)	(47, 0.0)	(48, 2.2251548774549356e-05)	(49, 0.0)	(50, 0.0)	(51, 8.900619509819742e-06)
SRR21188795_1	(1, 2.3376134724331786e-06)	(2, 0.01759054138005967)	(3, 3.2726588614064504e-05)	(4, 0.2848124878677861)	(5, 3.973942903136404e-05)	(6, 0.0)	(7, 0.0)	(8, 0.2843917174427481)	(9, 0.0)	(10, 0.0)	(11, 0.14387777161478973)	(12, 0.0)	(13, 0.0)	(14, 0.0)	(15, 0.0)	(16, 0.0)	(17, 0.0)	(18, 2.3376134724331786e-06)	(19, 0.0)	(20, 0.0)	(21, 0.28358524079475866)	(22, 1.1688067362165893e-05)	(23, 0.0)	(24, 0.5889523639256496)	(25, 0.0)	(26, 0.28964433491530545)	(27, 0.0)	(28, 0.0)	(29, 0.29831688089803254)	(30, 1.4025680834599073e-05)	(31, 0.0)	(32, 0.3010892904763383)	(33, 0.00043713371934500444)	(34, 0.0)	(35, 0.0)	(36, 1.6363294307032252e-05)	(37, 1.1688067362165893e-05)	(38, 4.675226944866357e-06)	(39, 2.103852125189861e-05)	(40, 0.0)	(41, 0.0)	(42, 0.0)	(43, 6.545317722812901e-05)	(44, 2.5713748196764966e-05)	(45, 0.0)	(46, 0.0)	(47, 8.415408500759444e-05)	(48, 0.0)	(49, 0.0)	(50, 0.0)	(51, 6.779079070056218e-05)
SRR21188795_2	(1, 7.012840417299535e-05)	(2, 0.0)	(3, 0.0)	(4, 2.3376134724331786e-06)	(5, 0.0)	(6, 0.0)	(7, 0.0)	(8, 0.0)	(9, 1.4025680834599073e-05)	(10, 0.0)	(11, 0.0)	(12, 2.3376134724331786e-06)	(13, 0.0)	(14, 0.0)	(15, 0.0)	(16, 3.973942903136404e-05)	(17, 3.506420208649768e-05)	(18, 0.0)	(19, 0.0)	(20, 0.0)	(21, 1.4025680834599073e-05)	(22, 0.0)	(23, 0.0)	(24, 0.0)	(25, 1.6363294307032252e-05)	(26, 0.0)	(27, 0.0)	(28, 0.0)	(29, 0.0)	(30, 0.0)	(31, 3.740181555893086e-05)	(32, 1.6363294307032252e-05)	(33, 1.870090777946543e-05)	(34, 7.480363111786172e-05)	(35, 0.29918881072325015)	(36, 0.0)	(37, 0.0)	(38, 0.0)	(39, 2.3376134724331786e-06)	(40, 0.00017999623737735475)	(41, 0.0)	(42, 0.0)	(43, 0.0)	(44, 2.3376134724331786e-06)	(45, 0.0)	(46, 0.0)	(47, 4.675226944866357e-06)	(48, 2.3376134724331786e-05)	(49, 0.0)	(50, 0.0)	(51, 6.545317722812901e-05)
SRR21188796_1	(1, 4.945042039038635e-06)	(2, 0.01840297394828228)	(3, 1.730764713663522e-05)	(4, 0.28628084624504413)	(5, 3.461529427327044e-05)	(6, 0.0)	(7, 0.0)	(8, 0.2862363408666928)	(9, 0.0)	(10, 4.945042039038635e-06)	(11, 0.1449070393909686)	(12, 0.0)	(13, 0.0)	(14, 3.461529427327044e-05)	(15, 0.0)	(16, 0.0)	(17, 0.0)	(18, 2.4725210195193173e-06)	(19, 0.0)	(20, 0.0)	(21, 0.2882662806237181)	(22, 6.675806752702156e-05)	(23, 0.0)	(24, 0.5877404990289173)	(25, 0.0)	(26, 0.290422318952739)	(27, 0.0)	(28, 0.0)	(29, 0.3000948211810986)	(30, 1.4835126117115904e-05)	(31, 0.0)	(32, 0.3012643236233312)	(33, 0.0005439546242942498)	(34, 0.0)	(35, 0.0)	(36, 9.89008407807727e-06)	(37, 1.730764713663522e-05)	(38, 1.978016815615454e-05)	(39, 1.730764713663522e-05)	(40, 0.0)	(41, 0.0)	(42, 0.0)	(43, 9.148327772221474e-05)	(44, 3.461529427327044e-05)	(45, 0.0)	(46, 0.0)	(47, 7.170310956606019e-05)	(48, 0.0)	(49, 0.0)	(50, 0.0)	(51, 0.00011868100893692723)
SRR21188796_2	(1, 0.0001162084879174079)	(2, 0.0)	(3, 0.0)	(4, 4.945042039038635e-06)	(5, 0.0)	(6, 0.0)	(7, 0.0)	(8, 0.0)	(9, 0.0)	(10, 0.0)	(11, 0.0)	(12, 2.7197731214712488e-05)	(13, 0.0)	(14, 0.0)	(15, 0.0)	(16, 4.697789937086703e-05)	(17, 1.978016815615454e-05)	(18, 0.0)	(19, 0.0)	(20, 0.0)	(21, 1.978016815615454e-05)	(22, 0.0)	(23, 0.0)	(24, 0.0)	(25, 3.461529427327044e-05)	(26, 1.4835126117115904e-05)	(27, 0.0)	(28, 2.4725210195193173e-06)	(29, 7.417563058557952e-06)	(30, 0.0)	(31, 1.730764713663522e-05)	(32, 2.472521019519317e-05)	(33, 1.4835126117115904e-05)	(34, 6.923058854654088e-05)	(35, 0.3012272358080384)	(36, 0.0)	(37, 0.0)	(38, 0.0)	(39, 1.4835126117115904e-05)	(40, 0.0001755489923858715)	(41, 2.4725210195193173e-06)	(42, 0.0)	(43, 4.945042039038635e-06)	(44, 0.0)	(45, 0.0)	(46, 0.0)	(47, 4.945042039038635e-06)	(48, 5.192294140990566e-05)	(49, 7.417563058557952e-06)	(50, 0.0)	(51, 6.181302548798294e-05)
SRR21188797_1	(1, 0.0)	(2, 0.017665642939630986)	(3, 3.260203020759739e-05)	(4, 0.2906983310624855)	(5, 8.150507551899347e-05)	(6, 0.0)	(7, 0.0)	(8, 0.2858173413971195)	(9, 0.0)	(10, 1.397229866039888e-05)	(11, 0.1445737029555906)	(12, 0.0)	(13, 0.0)	(14, 6.287534397179496e-05)	(15, 0.0)	(16, 0.0)	(17, 4.657432886799627e-06)	(18, 6.98614933019944e-06)	(19, 0.0)	(20, 0.0)	(21, 0.2940842847711888)	(22, 0.00015136656882098787)	(23, 0.0)	(24, 0.5860517662953272)	(25, 0.0)	(26, 0.2927476015326773)	(27, 0.0)	(28, 0.0)	(29, 0.309328062609684)	(30, 2.794459732079776e-05)	(31, 0.0)	(32, 0.31089761749253547)	(33, 0.0012528494465490995)	(34, 0.0)	(35, 0.0)	(36, 3.49307466509972e-05)	(37, 9.314865773599253e-05)	(38, 0.0)	(39, 1.6301015103798693e-05)	(40, 0.0)	(41, 0.0)	(42, 0.0)	(43, 0.000211913196349383)	(44, 2.328716443399813e-05)	(45, 2.3287164433998134e-06)	(46, 0.0)	(47, 0.00031204800341557494)	(48, 0.0)	(49, 0.0)	(50, 6.98614933019944e-06)	(51, 0.00019794089768898412)
SRR21188797_2	(1, 0.0002934182718683765)	(2, 0.0)	(3, 0.0)	(4, 8.849122484919291e-05)	(5, 0.0)	(6, 0.0)	(7, 0.0)	(8, 2.561588087739795e-05)	(9, 2.3287164433998134e-06)	(10, 0.0)	(11, 0.0)	(12, 0.00016068143459458713)	(13, 0.0)	(14, 0.0)	(15, 0.0)	(16, 6.520406041519477e-05)	(17, 4.191689598119664e-05)	(18, 0.0)	(19, 0.0)	(20, 0.0)	(21, 2.794459732079776e-05)	(22, 0.0)	(23, 0.0)	(24, 0.0)	(25, 1.397229866039888e-05)	(26, 6.753277685859459e-05)	(27, 0.0)	(28, 0.0)	(29, 1.6301015103798693e-05)	(30, 2.3287164433998134e-06)	(31, 0.00016301015103798694)	(32, 3.7259463094397014e-05)	(33, 2.3287164433998134e-06)	(34, 0.00011177838928319104)	(35, 0.3040581772982702)	(36, 0.0)	(37, 0.0)	(38, 4.4245612424596456e-05)	(39, 2.3287164433998134e-06)	(40, 0.00017232501681158617)	(41, 9.314865773599254e-06)	(42, 9.314865773599254e-06)	(43, 0.0)	(44, 0.0)	(45, 0.0)	(46, 0.0)	(47, 1.6301015103798693e-05)	(48, 0.00012807940438698973)	(49, 2.3287164433998134e-06)	(50, 0.0)	(51, 8.616250840579308e-05)
SRR21188798_1	(1, 2.3099808056764914e-06)	(2, 0.017789162184514658)	(3, 2.3099808056764916e-05)	(4, 0.2836633329562675)	(5, 3.464971208514737e-05)	(6, 0.0)	(7, 0.0)	(8, 0.2847929135702433)	(9, 0.0)	(10, 0.0)	(11, 0.14478266695738545)	(12, 0.0)	(13, 0.0)	(14, 0.0)	(15, 0.0)	(16, 0.0)	(17, 0.0)	(18, 0.0)	(19, 0.0)	(20, 0.0)	(21, 0.28544201817663833)	(22, 0.0)	(23, 0.0)	(24, 0.5874258089027261)	(25, 0.0)	(26, 0.2904916362178472)	(27, 0.0)	(28, 0.0)	(29, 0.2989992955251537)	(30, 0.0)	(31, 0.0)	(32, 0.30136471587016644)	(33, 0.0002841276390982084)	(34, 0.0)	(35, 0.0)	(36, 9.239923222705966e-06)	(37, 0.0)	(38, 0.0)	(39, 0.0)	(40, 4.619961611352983e-06)	(41, 0.0)	(42, 2.3099808056764914e-06)	(43, 0.0)	(44, 9.239923222705966e-06)	(45, 0.0)	(46, 0.0)	(47, 0.0)	(48, 0.0)	(49, 0.0)	(50, 0.0)	(51, 2.5409788862441404e-05)
SRR21188798_2	(1, 6.236948175326526e-05)	(2, 0.0)	(3, 0.0)	(4, 0.0)	(5, 0.0)	(6, 0.0)	(7, 0.0)	(8, 0.0)	(9, 0.0)	(10, 0.0)	(11, 0.0)	(12, 0.0)	(13, 0.0)	(14, 0.0)	(15, 0.0)	(16, 3.233973127947088e-05)	(17, 0.0)	(18, 0.0)	(19, 0.0)	(20, 0.0)	(21, 9.239923222705966e-06)	(22, 0.0)	(23, 0.0)	(24, 0.0)	(25, 0.0)	(26, 0.0)	(27, 0.0)	(28, 0.0)	(29, 0.0)	(30, 0.0)	(31, 0.0)	(32, 0.0)	(33, 0.0)	(34, 2.0789827251088422e-05)	(35, 0.2988283569455336)	(36, 0.0)	(37, 0.0)	(38, 0.0)	(39, 9.239923222705966e-06)	(40, 9.470921303273615e-05)	(41, 0.0)	(42, 0.0)	(43, 0.0)	(44, 0.0)	(45, 0.0)	(46, 0.0)	(47, 2.3099808056764914e-06)	(48, 2.5409788862441404e-05)	(49, 0.0)	(50, 0.0)	(51, 2.0789827251088422e-05)
SRR21188799_1	(1, 1.8804967625555786e-06)	(2, 0.0191302935654779)	(3, 2.820745143833368e-05)	(4, 0.2857095146253567)	(5, 4.3251425538778304e-05)	(6, 0.0)	(7, 0.0)	(8, 0.28507390671961297)	(9, 0.0)	(10, 0.0)	(11, 0.1466204520796959)	(12, 0.0)	(13, 0.0)	(14, 0.0)	(15, 0.0)	(16, 0.0)	(17, 0.0)	(18, 0.0)	(19, 0.0)	(20, 0.0)	(21, 0.28879729030947293)	(22, 0.0)	(23, 7.521987050222314e-06)	(24, 0.5858161124648389)	(25, 0.0)	(26, 0.29200541778639283)	(27, 0.0)	(28, 0.0)	(29, 0.3021901882523938)	(30, 0.0)	(31, 0.0)	(32, 0.3036099633081233)	(33, 0.0003253259399221151)	(34, 1.3163477337889048e-05)	(35, 0.0)	(36, 2.0685464388111366e-05)	(37, 3.760993525111157e-06)	(38, 0.0)	(39, 0.0)	(40, 1.8804967625555786e-06)	(41, 1.8804967625555786e-06)	(42, 0.0)	(43, 0.0)	(44, 2.0685464388111366e-05)	(45, 0.0)	(46, 0.0)	(47, 0.0)	(48, 2.256596115066694e-05)	(49, 0.0)	(50, 0.0)	(51, 4.701241906388946e-05)
SRR21188799_2	(1, 0.00010906881222822356)	(2, 0.0)	(3, 0.0)	(4, 0.0)	(5, 1.3163477337889048e-05)	(6, 0.0)	(7, 0.0)	(8, 0.0)	(9, 2.0685464388111366e-05)	(10, 0.0)	(11, 0.0)	(12, 0.0)	(13, 1.128298057533347e-05)	(14, 0.0)	(15, 0.0)	(16, 3.9490432013667146e-05)	(17, 0.0)	(18, 0.0)	(19, 0.0)	(20, 0.0)	(21, 1.6924470863000208e-05)	(22, 0.0)	(23, 0.0)	(24, 0.0)	(25, 0.0)	(26, 0.0)	(27, 2.4446457913222524e-05)	(28, 0.0)	(29, 0.0)	(30, 0.0)	(31, 0.0)	(32, 3.1968444963444836e-05)	(33, 0.0)	(34, 3.9490432013667146e-05)	(35, 0.30093401641500667)	(36, 0.0)	(37, 0.0)	(38, 7.521987050222314e-06)	(39, 4.701241906388946e-05)	(40, 5.453440611411178e-05)	(41, 0.0)	(42, 0.0)	(43, 0.0)	(44, 1.6924470863000208e-05)	(45, 0.0)	(46, 0.0)	(47, 1.3163477337889048e-05)	(48, 3.1968444963444836e-05)	(49, 5.641490287666735e-06)	(50, 0.0)	(51, 3.3848941726000415e-05)
