Sample	0	1	2	3	4	5	6	7	8	9	10	11	12	13	14	15	16	17	18	19	20	21	22	23	24	25	26	27	28	29	30	31	32	33	34	35	36	37	38	39	40	41	42	43	44	45	46	47	48	49	50	51	52	53	54	55	56	57	58	59	60	61	62	63	64	65	66	67	68	69	70	71	72	73	74	75	76	77	78	79	80	81	82	83	84	85	86	87	88	89	90	91	92	93	94	95	96	97	98	99	100
SRR21188779_1	(0.0, 112.0)	(1.0, 254.5)	(2.0, 397.0)	(3.0, 513.0)	(4.0, 629.0)	(5.0, 903.0)	(6.0, 1177.0)	(7.0, 1533.0)	(8.0, 1889.0)	(9.0, 2668.5)	(10.0, 3448.0)	(11.0, 5085.5)	(12.0, 6723.0)	(13.0, 9690.5)	(14.0, 12658.0)	(15.0, 18512.0)	(16.0, 24366.0)	(17.0, 34936.0)	(18.0, 45506.0)	(19.0, 65992.5)	(20.0, 86479.0)	(21.0, 120497.5)	(22.0, 154516.0)	(23.0, 189272.5)	(24.0, 224029.0)	(25.0, 280714.0)	(26.0, 395560.0)	(27.0, 453721.0)	(28.0, 528437.5)	(29.0, 603154.0)	(30.0, 700667.5)	(31.0, 798181.0)	(32.0, 886065.0)	(33.0, 973949.0)	(34.0, 1091697.5)	(35.0, 1209446.0)	(36.0, 1331180.5)	(37.0, 1452915.0)	(38.0, 1572752.5)	(39.0, 1692590.0)	(40.0, 1843861.0)	(41.0, 1995132.0)	(42.0, 2091520.0)	(43.0, 2187908.0)	(44.0, 2275362.5)	(45.0, 2362817.0)	(46.0, 2593363.0)	(47.0, 2823909.0)	(48.0, 3029415.5)	(49.0, 3234922.0)	(50.0, 3039628.0)	(51.0, 2844334.0)	(52.0, 2808262.5)	(53.0, 2772191.0)	(54.0, 2893090.0)	(55.0, 3013989.0)	(56.0, 2963017.0)	(57.0, 2912045.0)	(58.0, 3210798.0)	(59.0, 3509551.0)	(60.0, 3214513.5)	(61.0, 2919476.0)	(62.0, 2680887.0)	(63.0, 2442298.0)	(64.0, 2503672.0)	(65.0, 2565046.0)	(66.0, 2059831.0)	(67.0, 1554616.0)	(68.0, 1264641.0)	(69.0, 974666.0)	(70.0, 859869.0)	(71.0, 745072.0)	(72.0, 620811.0)	(73.0, 496550.0)	(74.0, 392502.0)	(75.0, 240341.0)	(76.0, 192228.0)	(77.0, 171500.0)	(78.0, 150772.0)	(79.0, 126663.0)	(80.0, 102554.0)	(81.0, 87771.5)	(82.0, 72989.0)	(83.0, 61481.0)	(84.0, 49973.0)	(85.0, 40716.5)	(86.0, 31460.0)	(87.0, 26781.5)	(88.0, 22103.0)	(89.0, 18012.0)	(90.0, 13921.0)	(91.0, 12128.5)	(92.0, 10336.0)	(93.0, 6723.0)	(94.0, 3110.0)	(95.0, 2124.5)	(96.0, 1139.0)	(97.0, 779.0)	(98.0, 419.0)	(99.0, 356.0)	(100.0, 293.0)
SRR21188779_2	(0.0, 432.0)	(1.0, 536.5)	(2.0, 641.0)	(3.0, 924.5)	(4.0, 1208.0)	(5.0, 1661.0)	(6.0, 2114.0)	(7.0, 2692.5)	(8.0, 3271.0)	(9.0, 3987.5)	(10.0, 4704.0)	(11.0, 6032.5)	(12.0, 7361.0)	(13.0, 9998.5)	(14.0, 12636.0)	(15.0, 17846.5)	(16.0, 23057.0)	(17.0, 33064.5)	(18.0, 43072.0)	(19.0, 56988.5)	(20.0, 70905.0)	(21.0, 88200.5)	(22.0, 105496.0)	(23.0, 131705.5)	(24.0, 157915.0)	(25.0, 197878.5)	(26.0, 281727.5)	(27.0, 325613.0)	(28.0, 389264.5)	(29.0, 452916.0)	(30.0, 524757.5)	(31.0, 596599.0)	(32.0, 681653.5)	(33.0, 766708.0)	(34.0, 871313.0)	(35.0, 975918.0)	(36.0, 1107563.5)	(37.0, 1239209.0)	(38.0, 1384757.5)	(39.0, 1530306.0)	(40.0, 1682261.0)	(41.0, 1834216.0)	(42.0, 1977736.5)	(43.0, 2121257.0)	(44.0, 2205391.5)	(45.0, 2289526.0)	(46.0, 2395591.5)	(47.0, 2501657.0)	(48.0, 2632335.0)	(49.0, 2763013.0)	(50.0, 2729622.0)	(51.0, 2696231.0)	(52.0, 2669855.5)	(53.0, 2643480.0)	(54.0, 2662724.0)	(55.0, 2681968.0)	(56.0, 2871553.5)	(57.0, 3061139.0)	(58.0, 3119502.5)	(59.0, 3177866.0)	(60.0, 3255867.5)	(61.0, 3333869.0)	(62.0, 3179598.0)	(63.0, 3025327.0)	(64.0, 2846467.0)	(65.0, 2667607.0)	(66.0, 2259771.0)	(67.0, 1851935.0)	(68.0, 1662602.5)	(69.0, 1473270.0)	(70.0, 1280980.5)	(71.0, 1088691.0)	(72.0, 819402.5)	(73.0, 550114.0)	(74.0, 473924.5)	(75.0, 357538.5)	(76.0, 317342.0)	(77.0, 268969.0)	(78.0, 220596.0)	(79.0, 183774.5)	(80.0, 146953.0)	(81.0, 131817.5)	(82.0, 116682.0)	(83.0, 104797.0)	(84.0, 92912.0)	(85.0, 77966.5)	(86.0, 63021.0)	(87.0, 54084.5)	(88.0, 45148.0)	(89.0, 37036.0)	(90.0, 28924.0)	(91.0, 24071.5)	(92.0, 19219.0)	(93.0, 16187.5)	(94.0, 13156.0)	(95.0, 14776.5)	(96.0, 16397.0)	(97.0, 26689.5)	(98.0, 36982.0)	(99.0, 290191.5)	(100.0, 543401.0)
SRR21188780_1	(0.0, 83.0)	(1.0, 179.0)	(2.0, 275.0)	(3.0, 393.0)	(4.0, 511.0)	(5.0, 789.5)	(6.0, 1068.0)	(7.0, 1496.0)	(8.0, 1924.0)	(9.0, 2701.5)	(10.0, 3479.0)	(11.0, 4999.5)	(12.0, 6520.0)	(13.0, 9620.0)	(14.0, 12720.0)	(15.0, 18084.5)	(16.0, 23449.0)	(17.0, 33673.0)	(18.0, 43897.0)	(19.0, 62470.0)	(20.0, 81043.0)	(21.0, 109604.5)	(22.0, 138166.0)	(23.0, 172762.5)	(24.0, 207359.0)	(25.0, 255096.0)	(26.0, 359651.5)	(27.0, 416470.0)	(28.0, 480284.0)	(29.0, 544098.0)	(30.0, 622099.0)	(31.0, 700100.0)	(32.0, 774188.5)	(33.0, 848277.0)	(34.0, 931723.5)	(35.0, 1015170.0)	(36.0, 1094114.0)	(37.0, 1173058.0)	(38.0, 1251528.5)	(39.0, 1329999.0)	(40.0, 1413946.5)	(41.0, 1497894.0)	(42.0, 1555918.0)	(43.0, 1613942.0)	(44.0, 1664175.0)	(45.0, 1714408.0)	(46.0, 1811933.5)	(47.0, 1909459.0)	(48.0, 2000103.5)	(49.0, 2090748.0)	(50.0, 2008625.5)	(51.0, 1926503.0)	(52.0, 1989688.5)	(53.0, 2052874.0)	(54.0, 2070145.5)	(55.0, 2087417.0)	(56.0, 2030035.5)	(57.0, 1972654.0)	(58.0, 2031782.0)	(59.0, 2090910.0)	(60.0, 1946010.0)	(61.0, 1801110.0)	(62.0, 1670113.0)	(63.0, 1539116.0)	(64.0, 1494191.5)	(65.0, 1449267.0)	(66.0, 1226644.5)	(67.0, 1004022.0)	(68.0, 847337.5)	(69.0, 690653.0)	(70.0, 606408.0)	(71.0, 522163.0)	(72.0, 436841.5)	(73.0, 351520.0)	(74.0, 296190.5)	(75.0, 209023.0)	(76.0, 177185.0)	(77.0, 169535.5)	(78.0, 161886.0)	(79.0, 135958.0)	(80.0, 110030.0)	(81.0, 99365.5)	(82.0, 88701.0)	(83.0, 74928.0)	(84.0, 61155.0)	(85.0, 50336.0)	(86.0, 39517.0)	(87.0, 34584.0)	(88.0, 29651.0)	(89.0, 24603.5)	(90.0, 19556.0)	(91.0, 16598.5)	(92.0, 13641.0)	(93.0, 8974.5)	(94.0, 4308.0)	(95.0, 2916.5)	(96.0, 1525.0)	(97.0, 1058.0)	(98.0, 591.0)	(99.0, 591.0)	(100.0, 591.0)
SRR21188780_2	(0.0, 268.0)	(1.0, 406.0)	(2.0, 544.0)	(3.0, 738.5)	(4.0, 933.0)	(5.0, 1371.5)	(6.0, 1810.0)	(7.0, 2399.0)	(8.0, 2988.0)	(9.0, 3781.0)	(10.0, 4574.0)	(11.0, 6082.5)	(12.0, 7591.0)	(13.0, 10448.5)	(14.0, 13306.0)	(15.0, 18922.0)	(16.0, 24538.0)	(17.0, 34279.5)	(18.0, 44021.0)	(19.0, 58578.5)	(20.0, 73136.0)	(21.0, 91217.5)	(22.0, 109299.0)	(23.0, 136307.5)	(24.0, 163316.0)	(25.0, 200084.0)	(26.0, 277530.5)	(27.0, 318209.0)	(28.0, 371642.5)	(29.0, 425076.0)	(30.0, 482084.0)	(31.0, 539092.0)	(32.0, 607030.0)	(33.0, 674968.0)	(34.0, 754188.5)	(35.0, 833409.0)	(36.0, 917819.5)	(37.0, 1002230.0)	(38.0, 1093852.5)	(39.0, 1185475.0)	(40.0, 1283466.5)	(41.0, 1381458.0)	(42.0, 1470892.5)	(43.0, 1560327.0)	(44.0, 1624268.5)	(45.0, 1688210.0)	(46.0, 1746875.0)	(47.0, 1805540.0)	(48.0, 1877868.0)	(49.0, 1950196.0)	(50.0, 1952290.5)	(51.0, 1954385.0)	(52.0, 1954754.0)	(53.0, 1955123.0)	(54.0, 1959188.0)	(55.0, 1963253.0)	(56.0, 2012152.0)	(57.0, 2061051.0)	(58.0, 2038512.0)	(59.0, 2015973.0)	(60.0, 1981889.5)	(61.0, 1947806.0)	(62.0, 1835141.0)	(63.0, 1722476.0)	(64.0, 1607870.5)	(65.0, 1493265.0)	(66.0, 1331821.0)	(67.0, 1170377.0)	(68.0, 1033874.0)	(69.0, 897371.0)	(70.0, 779449.0)	(71.0, 661527.0)	(72.0, 530479.5)	(73.0, 399432.0)	(74.0, 352581.0)	(75.0, 279851.5)	(76.0, 253973.0)	(77.0, 230506.0)	(78.0, 207039.0)	(79.0, 173899.5)	(80.0, 140760.0)	(81.0, 132042.0)	(82.0, 123324.0)	(83.0, 113120.0)	(84.0, 102916.0)	(85.0, 87487.0)	(86.0, 72058.0)	(87.0, 61064.5)	(88.0, 50071.0)	(89.0, 40880.0)	(90.0, 31689.0)	(91.0, 25074.0)	(92.0, 18459.0)	(93.0, 15511.0)	(94.0, 12563.0)	(95.0, 13665.0)	(96.0, 14767.0)	(97.0, 23390.5)	(98.0, 32014.0)	(99.0, 245801.5)	(100.0, 459589.0)
SRR21188781_1	(0.0, 169.0)	(1.0, 410.5)	(2.0, 652.0)	(3.0, 879.0)	(4.0, 1106.0)	(5.0, 1535.0)	(6.0, 1964.0)	(7.0, 2699.5)	(8.0, 3435.0)	(9.0, 4633.5)	(10.0, 5832.0)	(11.0, 8152.0)	(12.0, 10472.0)	(13.0, 15374.5)	(14.0, 20277.0)	(15.0, 28923.0)	(16.0, 37569.0)	(17.0, 52813.5)	(18.0, 68058.0)	(19.0, 95599.0)	(20.0, 123140.0)	(21.0, 162355.5)	(22.0, 201571.0)	(23.0, 253418.5)	(24.0, 305266.0)	(25.0, 378153.5)	(26.0, 543953.0)	(27.0, 636865.0)	(28.0, 740679.0)	(29.0, 844493.0)	(30.0, 969698.0)	(31.0, 1094903.0)	(32.0, 1236685.0)	(33.0, 1378467.0)	(34.0, 1519426.0)	(35.0, 1660385.0)	(36.0, 1790603.5)	(37.0, 1920822.0)	(38.0, 2033469.5)	(39.0, 2146117.0)	(40.0, 2237245.0)	(41.0, 2328373.0)	(42.0, 2382027.5)	(43.0, 2435682.0)	(44.0, 2432602.5)	(45.0, 2429523.0)	(46.0, 2489590.0)	(47.0, 2549657.0)	(48.0, 2575841.0)	(49.0, 2602025.0)	(50.0, 2499896.0)	(51.0, 2397767.0)	(52.0, 2338807.0)	(53.0, 2279847.0)	(54.0, 2263648.5)	(55.0, 2247450.0)	(56.0, 2164434.0)	(57.0, 2081418.0)	(58.0, 2076088.0)	(59.0, 2070758.0)	(60.0, 1900221.0)	(61.0, 1729684.0)	(62.0, 1581089.0)	(63.0, 1432494.0)	(64.0, 1354680.0)	(65.0, 1276866.0)	(66.0, 1096591.0)	(67.0, 916316.0)	(68.0, 776053.5)	(69.0, 635791.0)	(70.0, 557027.5)	(71.0, 478264.0)	(72.0, 400062.0)	(73.0, 321860.0)	(74.0, 271067.5)	(75.0, 189693.5)	(76.0, 159112.0)	(77.0, 152750.0)	(78.0, 146388.0)	(79.0, 120063.0)	(80.0, 93738.0)	(81.0, 83140.5)	(82.0, 72543.0)	(83.0, 60921.0)	(84.0, 49299.0)	(85.0, 40923.0)	(86.0, 32547.0)	(87.0, 27413.5)	(88.0, 22280.0)	(89.0, 18869.0)	(90.0, 15458.0)	(91.0, 12796.0)	(92.0, 10134.0)	(93.0, 6903.0)	(94.0, 3672.0)	(95.0, 2320.5)	(96.0, 969.0)	(97.0, 626.5)	(98.0, 284.0)	(99.0, 308.5)	(100.0, 333.0)
SRR21188781_2	(0.0, 519.0)	(1.0, 688.0)	(2.0, 857.0)	(3.0, 1195.5)	(4.0, 1534.0)	(5.0, 1973.5)	(6.0, 2413.0)	(7.0, 3146.5)	(8.0, 3880.0)	(9.0, 5017.5)	(10.0, 6155.0)	(11.0, 8341.0)	(12.0, 10527.0)	(13.0, 14785.5)	(14.0, 19044.0)	(15.0, 27210.0)	(16.0, 35376.0)	(17.0, 50032.5)	(18.0, 64689.0)	(19.0, 87442.5)	(20.0, 110196.0)	(21.0, 140847.5)	(22.0, 171499.0)	(23.0, 218175.0)	(24.0, 264851.0)	(25.0, 331648.0)	(26.0, 477171.5)	(27.0, 555898.0)	(28.0, 660668.5)	(29.0, 765439.0)	(30.0, 888697.5)	(31.0, 1011956.0)	(32.0, 1152662.0)	(33.0, 1293368.0)	(34.0, 1441182.5)	(35.0, 1588997.0)	(36.0, 1726367.5)	(37.0, 1863738.0)	(38.0, 1977628.5)	(39.0, 2091519.0)	(40.0, 2185866.5)	(41.0, 2280214.0)	(42.0, 2326595.5)	(43.0, 2372977.0)	(44.0, 2378862.5)	(45.0, 2384748.0)	(46.0, 2377808.5)	(47.0, 2370869.0)	(48.0, 2388467.5)	(49.0, 2406066.0)	(50.0, 2349717.5)	(51.0, 2293369.0)	(52.0, 2256663.0)	(53.0, 2219957.0)	(54.0, 2184383.0)	(55.0, 2148809.0)	(56.0, 2153338.5)	(57.0, 2157868.0)	(58.0, 2099417.5)	(59.0, 2040967.0)	(60.0, 1962324.5)	(61.0, 1883682.0)	(62.0, 1731419.5)	(63.0, 1579157.0)	(64.0, 1449822.0)	(65.0, 1320487.0)	(66.0, 1188118.0)	(67.0, 1055749.0)	(68.0, 919814.5)	(69.0, 783880.0)	(70.0, 667455.5)	(71.0, 551031.0)	(72.0, 459032.0)	(73.0, 367033.0)	(74.0, 323122.5)	(75.0, 254454.5)	(76.0, 229697.0)	(77.0, 205622.5)	(78.0, 181548.0)	(79.0, 152806.5)	(80.0, 124065.0)	(81.0, 111936.0)	(82.0, 99807.0)	(83.0, 90434.0)	(84.0, 81061.0)	(85.0, 66234.0)	(86.0, 51407.0)	(87.0, 44659.5)	(88.0, 37912.0)	(89.0, 30008.0)	(90.0, 22104.0)	(91.0, 18208.5)	(92.0, 14313.0)	(93.0, 11752.5)	(94.0, 9192.0)	(95.0, 9940.5)	(96.0, 10689.0)	(97.0, 16138.5)	(98.0, 21588.0)	(99.0, 167320.5)	(100.0, 313053.0)
SRR21188782_1	(0.0, 151.0)	(1.0, 363.5)	(2.0, 576.0)	(3.0, 730.0)	(4.0, 884.0)	(5.0, 1227.5)	(6.0, 1571.0)	(7.0, 2235.0)	(8.0, 2899.0)	(9.0, 3963.5)	(10.0, 5028.0)	(11.0, 7192.0)	(12.0, 9356.0)	(13.0, 13678.5)	(14.0, 18001.0)	(15.0, 26133.0)	(16.0, 34265.0)	(17.0, 48203.5)	(18.0, 62142.0)	(19.0, 89417.5)	(20.0, 116693.0)	(21.0, 155881.0)	(22.0, 195069.0)	(23.0, 243183.0)	(24.0, 291297.0)	(25.0, 360990.5)	(26.0, 509633.5)	(27.0, 588583.0)	(28.0, 682533.0)	(29.0, 776483.0)	(30.0, 892288.0)	(31.0, 1008093.0)	(32.0, 1121294.5)	(33.0, 1234496.0)	(34.0, 1370794.5)	(35.0, 1507093.0)	(36.0, 1658104.5)	(37.0, 1809116.0)	(38.0, 1941476.5)	(39.0, 2073837.0)	(40.0, 2215891.5)	(41.0, 2357946.0)	(42.0, 2445944.0)	(43.0, 2533942.0)	(44.0, 2580257.0)	(45.0, 2626572.0)	(46.0, 2780979.5)	(47.0, 2935387.0)	(48.0, 3047410.5)	(49.0, 3159434.0)	(50.0, 2950560.0)	(51.0, 2741686.0)	(52.0, 2792039.5)	(53.0, 2842393.0)	(54.0, 2851053.0)	(55.0, 2859713.0)	(56.0, 2780342.0)	(57.0, 2700971.0)	(58.0, 2860196.5)	(59.0, 3019422.0)	(60.0, 2739508.5)	(61.0, 2459595.0)	(62.0, 2231890.5)	(63.0, 2004186.0)	(64.0, 1959502.0)	(65.0, 1914818.0)	(66.0, 1597421.0)	(67.0, 1280024.0)	(68.0, 1064127.0)	(69.0, 848230.0)	(70.0, 744104.0)	(71.0, 639978.0)	(72.0, 536768.0)	(73.0, 433558.0)	(74.0, 348042.5)	(75.0, 219467.0)	(76.0, 176407.0)	(77.0, 156511.0)	(78.0, 136615.0)	(79.0, 114017.5)	(80.0, 91420.0)	(81.0, 78522.0)	(82.0, 65624.0)	(83.0, 54879.0)	(84.0, 44134.0)	(85.0, 36606.0)	(86.0, 29078.0)	(87.0, 24561.5)	(88.0, 20045.0)	(89.0, 16105.5)	(90.0, 12166.0)	(91.0, 10353.5)	(92.0, 8541.0)	(93.0, 5834.0)	(94.0, 3127.0)	(95.0, 2063.5)	(96.0, 1000.0)	(97.0, 664.0)	(98.0, 328.0)	(99.0, 289.5)	(100.0, 251.0)
SRR21188782_2	(0.0, 411.0)	(1.0, 577.0)	(2.0, 743.0)	(3.0, 1089.5)	(4.0, 1436.0)	(5.0, 1909.0)	(6.0, 2382.0)	(7.0, 3141.5)	(8.0, 3901.0)	(9.0, 4996.5)	(10.0, 6092.0)	(11.0, 8070.0)	(12.0, 10048.0)	(13.0, 14160.0)	(14.0, 18272.0)	(15.0, 25725.0)	(16.0, 33178.0)	(17.0, 46429.0)	(18.0, 59680.0)	(19.0, 79976.5)	(20.0, 100273.0)	(21.0, 127399.0)	(22.0, 154525.0)	(23.0, 192707.5)	(24.0, 230890.0)	(25.0, 285933.0)	(26.0, 405093.0)	(27.0, 469210.0)	(28.0, 555540.0)	(29.0, 641870.0)	(30.0, 742384.5)	(31.0, 842899.0)	(32.0, 957516.5)	(33.0, 1072134.0)	(34.0, 1210247.0)	(35.0, 1348360.0)	(36.0, 1500022.5)	(37.0, 1651685.0)	(38.0, 1798007.5)	(39.0, 1944330.0)	(40.0, 2093343.5)	(41.0, 2242357.0)	(42.0, 2357141.0)	(43.0, 2471925.0)	(44.0, 2524707.0)	(45.0, 2577489.0)	(46.0, 2629945.5)	(47.0, 2682402.0)	(48.0, 2770049.0)	(49.0, 2857696.0)	(50.0, 2813809.0)	(51.0, 2769922.0)	(52.0, 2711507.0)	(53.0, 2653092.0)	(54.0, 2635410.5)	(55.0, 2617729.0)	(56.0, 2693500.0)	(57.0, 2769271.0)	(58.0, 2766411.5)	(59.0, 2763552.0)	(60.0, 2765119.0)	(61.0, 2766686.0)	(62.0, 2573643.5)	(63.0, 2380601.0)	(64.0, 2210974.5)	(65.0, 2041348.0)	(66.0, 1810793.0)	(67.0, 1580238.0)	(68.0, 1386698.0)	(69.0, 1193158.0)	(70.0, 1011797.5)	(71.0, 830437.0)	(72.0, 654689.0)	(73.0, 478941.0)	(74.0, 413810.5)	(75.0, 307650.5)	(76.0, 266621.0)	(77.0, 229932.0)	(78.0, 193243.0)	(79.0, 161091.0)	(80.0, 128939.0)	(81.0, 114888.0)	(82.0, 100837.0)	(83.0, 90834.0)	(84.0, 80831.0)	(85.0, 66834.5)	(86.0, 52838.0)	(87.0, 45334.0)	(88.0, 37830.0)	(89.0, 30230.0)	(90.0, 22630.0)	(91.0, 18950.0)	(92.0, 15270.0)	(93.0, 13037.0)	(94.0, 10804.0)	(95.0, 11959.5)	(96.0, 13115.0)	(97.0, 22132.0)	(98.0, 31149.0)	(99.0, 246829.0)	(100.0, 462509.0)
SRR21188783_1	(0.0, 139.0)	(1.0, 348.5)	(2.0, 558.0)	(3.0, 716.0)	(4.0, 874.0)	(5.0, 1216.5)	(6.0, 1559.0)	(7.0, 2235.5)	(8.0, 2912.0)	(9.0, 3805.0)	(10.0, 4698.0)	(11.0, 6785.0)	(12.0, 8872.0)	(13.0, 12974.0)	(14.0, 17076.0)	(15.0, 24311.0)	(16.0, 31546.0)	(17.0, 43825.5)	(18.0, 56105.0)	(19.0, 79838.0)	(20.0, 103571.0)	(21.0, 138460.0)	(22.0, 173349.0)	(23.0, 214111.0)	(24.0, 254873.0)	(25.0, 314787.0)	(26.0, 442571.5)	(27.0, 510442.0)	(28.0, 591477.5)	(29.0, 672513.0)	(30.0, 775766.5)	(31.0, 879020.0)	(32.0, 987088.0)	(33.0, 1095156.0)	(34.0, 1213211.0)	(35.0, 1331266.0)	(36.0, 1455925.5)	(37.0, 1580585.0)	(38.0, 1696489.0)	(39.0, 1812393.0)	(40.0, 1931826.5)	(41.0, 2051260.0)	(42.0, 2129701.0)	(43.0, 2208142.0)	(44.0, 2251047.0)	(45.0, 2293952.0)	(46.0, 2415597.0)	(47.0, 2537242.0)	(48.0, 2625978.0)	(49.0, 2714714.0)	(50.0, 2614038.5)	(51.0, 2513363.0)	(52.0, 2459388.5)	(53.0, 2405414.0)	(54.0, 2452310.0)	(55.0, 2499206.0)	(56.0, 2433490.0)	(57.0, 2367774.0)	(58.0, 2529959.5)	(59.0, 2692145.0)	(60.0, 2441970.0)	(61.0, 2191795.0)	(62.0, 1994430.5)	(63.0, 1797066.0)	(64.0, 1749657.0)	(65.0, 1702248.0)	(66.0, 1414747.5)	(67.0, 1127247.0)	(68.0, 941042.0)	(69.0, 754837.0)	(70.0, 664769.5)	(71.0, 574702.0)	(72.0, 485790.0)	(73.0, 396878.0)	(74.0, 315558.5)	(75.0, 191648.5)	(76.0, 149058.0)	(77.0, 130689.5)	(78.0, 112321.0)	(79.0, 92796.0)	(80.0, 73271.0)	(81.0, 62527.0)	(82.0, 51783.0)	(83.0, 43127.5)	(84.0, 34472.0)	(85.0, 27974.0)	(86.0, 21476.0)	(87.0, 17994.0)	(88.0, 14512.0)	(89.0, 11838.5)	(90.0, 9165.0)	(91.0, 7591.5)	(92.0, 6018.0)	(93.0, 4028.5)	(94.0, 2039.0)	(95.0, 1351.5)	(96.0, 664.0)	(97.0, 416.5)	(98.0, 169.0)	(99.0, 157.0)	(100.0, 145.0)
SRR21188783_2	(0.0, 411.0)	(1.0, 527.0)	(2.0, 643.0)	(3.0, 901.0)	(4.0, 1159.0)	(5.0, 1625.0)	(6.0, 2091.0)	(7.0, 2635.0)	(8.0, 3179.0)	(9.0, 4117.5)	(10.0, 5056.0)	(11.0, 6620.0)	(12.0, 8184.0)	(13.0, 11546.5)	(14.0, 14909.0)	(15.0, 20974.5)	(16.0, 27040.0)	(17.0, 38154.5)	(18.0, 49269.0)	(19.0, 65708.5)	(20.0, 82148.0)	(21.0, 104204.5)	(22.0, 126261.0)	(23.0, 157855.5)	(24.0, 189450.0)	(25.0, 235587.0)	(26.0, 335368.0)	(27.0, 389012.0)	(28.0, 462384.5)	(29.0, 535757.0)	(30.0, 624195.0)	(31.0, 712633.0)	(32.0, 817931.5)	(33.0, 923230.0)	(34.0, 1047299.0)	(35.0, 1171368.0)	(36.0, 1306099.0)	(37.0, 1440830.0)	(38.0, 1573982.0)	(39.0, 1707134.0)	(40.0, 1837900.5)	(41.0, 1968667.0)	(42.0, 2065151.5)	(43.0, 2161636.0)	(44.0, 2215615.0)	(45.0, 2269594.0)	(46.0, 2308605.5)	(47.0, 2347617.0)	(48.0, 2416679.0)	(49.0, 2485741.0)	(50.0, 2451829.0)	(51.0, 2417917.0)	(52.0, 2386348.0)	(53.0, 2354779.0)	(54.0, 2347619.0)	(55.0, 2340459.0)	(56.0, 2397171.0)	(57.0, 2453883.0)	(58.0, 2448782.0)	(59.0, 2443681.0)	(60.0, 2444593.0)	(61.0, 2445505.0)	(62.0, 2275397.0)	(63.0, 2105289.0)	(64.0, 1945808.0)	(65.0, 1786327.0)	(66.0, 1622684.5)	(67.0, 1459042.0)	(68.0, 1269469.0)	(69.0, 1079896.0)	(70.0, 898505.5)	(71.0, 717115.0)	(72.0, 578672.0)	(73.0, 440229.0)	(74.0, 379134.0)	(75.0, 277493.5)	(76.0, 236948.0)	(77.0, 201169.0)	(78.0, 165390.0)	(79.0, 137859.0)	(80.0, 110328.0)	(81.0, 96571.5)	(82.0, 82815.0)	(83.0, 74045.5)	(84.0, 65276.0)	(85.0, 54149.0)	(86.0, 43022.0)	(87.0, 35874.5)	(88.0, 28727.0)	(89.0, 22962.0)	(90.0, 17197.0)	(91.0, 14445.5)	(92.0, 11694.0)	(93.0, 10063.0)	(94.0, 8432.0)	(95.0, 9766.0)	(96.0, 11100.0)	(97.0, 19126.5)	(98.0, 27153.0)	(99.0, 200846.0)	(100.0, 374539.0)
SRR21188784_1	(0.0, 82.0)	(1.0, 200.5)	(2.0, 319.0)	(3.0, 386.5)	(4.0, 454.0)	(5.0, 630.0)	(6.0, 806.0)	(7.0, 1113.5)	(8.0, 1421.0)	(9.0, 2024.0)	(10.0, 2627.0)	(11.0, 3855.0)	(12.0, 5083.0)	(13.0, 7554.5)	(14.0, 10026.0)	(15.0, 15115.5)	(16.0, 20205.0)	(17.0, 27956.0)	(18.0, 35707.0)	(19.0, 50704.5)	(20.0, 65702.0)	(21.0, 87566.5)	(22.0, 109431.0)	(23.0, 135670.5)	(24.0, 161910.0)	(25.0, 199968.0)	(26.0, 281018.5)	(27.0, 324011.0)	(28.0, 373204.0)	(29.0, 422397.0)	(30.0, 488779.5)	(31.0, 555162.0)	(32.0, 630713.0)	(33.0, 706264.0)	(34.0, 782460.0)	(35.0, 858656.0)	(36.0, 998327.0)	(37.0, 1137998.0)	(38.0, 1331999.0)	(39.0, 1526000.0)	(40.0, 1590650.0)	(41.0, 1655300.0)	(42.0, 1749052.5)	(43.0, 1842805.0)	(44.0, 2024080.0)	(45.0, 2205355.0)	(46.0, 2352684.0)	(47.0, 2500013.0)	(48.0, 2591564.5)	(49.0, 2683116.0)	(50.0, 2729916.0)	(51.0, 2776716.0)	(52.0, 2769242.0)	(53.0, 2761768.0)	(54.0, 2829143.0)	(55.0, 2896518.0)	(56.0, 2659377.5)	(57.0, 2422237.0)	(58.0, 2362949.5)	(59.0, 2303662.0)	(60.0, 2165162.5)	(61.0, 2026663.0)	(62.0, 1888740.5)	(63.0, 1750818.0)	(64.0, 1693705.0)	(65.0, 1636592.0)	(66.0, 1358960.0)	(67.0, 1081328.0)	(68.0, 987515.5)	(69.0, 893703.0)	(70.0, 773511.0)	(71.0, 653319.0)	(72.0, 599003.5)	(73.0, 544688.0)	(74.0, 674237.5)	(75.0, 628842.5)	(76.0, 453898.0)	(77.0, 434805.5)	(78.0, 415713.0)	(79.0, 356999.5)	(80.0, 298286.0)	(81.0, 270972.5)	(82.0, 243659.0)	(83.0, 224901.5)	(84.0, 206144.0)	(85.0, 188215.5)	(86.0, 170287.0)	(87.0, 148882.0)	(88.0, 127477.0)	(89.0, 110661.0)	(90.0, 93845.0)	(91.0, 78932.5)	(92.0, 64020.0)	(93.0, 46778.5)	(94.0, 29537.0)	(95.0, 18007.0)	(96.0, 6477.0)	(97.0, 4335.5)	(98.0, 2194.0)	(99.0, 1404.5)	(100.0, 615.0)
SRR21188784_2	(0.0, 269.0)	(1.0, 367.0)	(2.0, 465.0)	(3.0, 644.5)	(4.0, 824.0)	(5.0, 1048.5)	(6.0, 1273.0)	(7.0, 1599.0)	(8.0, 1925.0)	(9.0, 2493.0)	(10.0, 3061.0)	(11.0, 3983.0)	(12.0, 4905.0)	(13.0, 6890.0)	(14.0, 8875.0)	(15.0, 12475.0)	(16.0, 16075.0)	(17.0, 22621.0)	(18.0, 29167.0)	(19.0, 38826.5)	(20.0, 48486.0)	(21.0, 61868.0)	(22.0, 75250.0)	(23.0, 93705.0)	(24.0, 112160.0)	(25.0, 140402.5)	(26.0, 203361.5)	(27.0, 238078.0)	(28.0, 284589.5)	(29.0, 331101.0)	(30.0, 388798.5)	(31.0, 446496.0)	(32.0, 516115.5)	(33.0, 585735.0)	(34.0, 670279.5)	(35.0, 754824.0)	(36.0, 867255.5)	(37.0, 979687.0)	(38.0, 1113057.0)	(39.0, 1246427.0)	(40.0, 1464665.5)	(41.0, 1682904.0)	(42.0, 1968935.5)	(43.0, 2254967.0)	(44.0, 2166290.5)	(45.0, 2077614.0)	(46.0, 2228377.0)	(47.0, 2379140.0)	(48.0, 2495436.0)	(49.0, 2611732.0)	(50.0, 2640354.0)	(51.0, 2668976.0)	(52.0, 2632796.5)	(53.0, 2596617.0)	(54.0, 2379196.5)	(55.0, 2161776.0)	(56.0, 2372592.5)	(57.0, 2583409.0)	(58.0, 2466803.0)	(59.0, 2350197.0)	(60.0, 2466954.5)	(61.0, 2583712.0)	(62.0, 2232098.0)	(63.0, 1880484.0)	(64.0, 1708435.5)	(65.0, 1536387.0)	(66.0, 1416882.0)	(67.0, 1297377.0)	(68.0, 1227866.0)	(69.0, 1158355.0)	(70.0, 1035291.0)	(71.0, 912227.0)	(72.0, 737380.5)	(73.0, 562534.0)	(74.0, 544456.0)	(75.0, 529024.0)	(76.0, 531670.0)	(77.0, 442302.5)	(78.0, 352935.0)	(79.0, 330073.5)	(80.0, 307212.0)	(81.0, 318478.0)	(82.0, 329744.0)	(83.0, 321720.0)	(84.0, 313696.0)	(85.0, 241151.5)	(86.0, 168607.0)	(87.0, 135995.5)	(88.0, 103384.0)	(89.0, 103859.5)	(90.0, 104335.0)	(91.0, 100268.5)	(92.0, 96202.0)	(93.0, 71947.0)	(94.0, 47692.0)	(95.0, 36493.0)	(96.0, 25294.0)	(97.0, 29821.5)	(98.0, 34349.0)	(99.0, 236771.0)	(100.0, 439193.0)
SRR21188785_1	(0.0, 128.0)	(1.0, 390.5)	(2.0, 653.0)	(3.0, 889.5)	(4.0, 1126.0)	(5.0, 1702.0)	(6.0, 2278.0)	(7.0, 3115.5)	(8.0, 3953.0)	(9.0, 5289.0)	(10.0, 6625.0)	(11.0, 9793.5)	(12.0, 12962.0)	(13.0, 19118.5)	(14.0, 25275.0)	(15.0, 37427.5)	(16.0, 49580.0)	(17.0, 71668.0)	(18.0, 93756.0)	(19.0, 132669.5)	(20.0, 171583.0)	(21.0, 231100.0)	(22.0, 290617.0)	(23.0, 371515.5)	(24.0, 452414.0)	(25.0, 556792.0)	(26.0, 785053.0)	(27.0, 908936.0)	(28.0, 1049714.0)	(29.0, 1190492.0)	(30.0, 1342721.5)	(31.0, 1494951.0)	(32.0, 1634990.0)	(33.0, 1775029.0)	(34.0, 1908353.0)	(35.0, 2041677.0)	(36.0, 2149199.0)	(37.0, 2256721.0)	(38.0, 2334925.5)	(39.0, 2413130.0)	(40.0, 2469848.0)	(41.0, 2526566.0)	(42.0, 2521075.0)	(43.0, 2515584.0)	(44.0, 2489005.0)	(45.0, 2462426.0)	(46.0, 2472455.5)	(47.0, 2482485.0)	(48.0, 2475198.0)	(49.0, 2467911.0)	(50.0, 2399737.5)	(51.0, 2331564.0)	(52.0, 2219255.0)	(53.0, 2106946.0)	(54.0, 2081238.0)	(55.0, 2055530.0)	(56.0, 1958291.0)	(57.0, 1861052.0)	(58.0, 1809513.0)	(59.0, 1757974.0)	(60.0, 1618476.5)	(61.0, 1478979.0)	(62.0, 1346606.0)	(63.0, 1214233.0)	(64.0, 1134024.0)	(65.0, 1053815.0)	(66.0, 910669.5)	(67.0, 767524.0)	(68.0, 643126.5)	(69.0, 518729.0)	(70.0, 447871.0)	(71.0, 377013.0)	(72.0, 310547.5)	(73.0, 244082.0)	(74.0, 199337.5)	(75.0, 124874.0)	(76.0, 95155.0)	(77.0, 84576.0)	(78.0, 73997.0)	(79.0, 60391.5)	(80.0, 46786.0)	(81.0, 39397.5)	(82.0, 32009.0)	(83.0, 26124.0)	(84.0, 20239.0)	(85.0, 16599.5)	(86.0, 12960.0)	(87.0, 10658.5)	(88.0, 8357.0)	(89.0, 6663.5)	(90.0, 4970.0)	(91.0, 4196.0)	(92.0, 3422.0)	(93.0, 2353.5)	(94.0, 1285.0)	(95.0, 841.0)	(96.0, 397.0)	(97.0, 257.0)	(98.0, 117.0)	(99.0, 95.5)	(100.0, 74.0)
SRR21188785_2	(0.0, 386.0)	(1.0, 616.5)	(2.0, 847.0)	(3.0, 1130.0)	(4.0, 1413.0)	(5.0, 2011.5)	(6.0, 2610.0)	(7.0, 3461.0)	(8.0, 4312.0)	(9.0, 6026.0)	(10.0, 7740.0)	(11.0, 11027.5)	(12.0, 14315.0)	(13.0, 21635.0)	(14.0, 28955.0)	(15.0, 43063.0)	(16.0, 57171.0)	(17.0, 82645.5)	(18.0, 108120.0)	(19.0, 150300.5)	(20.0, 192481.0)	(21.0, 247885.0)	(22.0, 303289.0)	(23.0, 387091.0)	(24.0, 470893.0)	(25.0, 578887.0)	(26.0, 808625.5)	(27.0, 930370.0)	(28.0, 1073216.0)	(29.0, 1216062.0)	(30.0, 1357765.5)	(31.0, 1499469.0)	(32.0, 1631884.5)	(33.0, 1764300.0)	(34.0, 1884086.0)	(35.0, 2003872.0)	(36.0, 2101073.5)	(37.0, 2198275.0)	(38.0, 2257222.5)	(39.0, 2316170.0)	(40.0, 2360933.5)	(41.0, 2405697.0)	(42.0, 2410142.0)	(43.0, 2414587.0)	(44.0, 2379695.5)	(45.0, 2344804.0)	(46.0, 2314841.0)	(47.0, 2284878.0)	(48.0, 2296301.5)	(49.0, 2307725.0)	(50.0, 2243179.0)	(51.0, 2178633.0)	(52.0, 2107383.0)	(53.0, 2036133.0)	(54.0, 1985854.0)	(55.0, 1935575.0)	(56.0, 1909849.5)	(57.0, 1884124.0)	(58.0, 1826991.5)	(59.0, 1769859.0)	(60.0, 1704091.5)	(61.0, 1638324.0)	(62.0, 1490796.0)	(63.0, 1343268.0)	(64.0, 1215873.0)	(65.0, 1088478.0)	(66.0, 955152.5)	(67.0, 821827.0)	(68.0, 713234.0)	(69.0, 604641.0)	(70.0, 512227.0)	(71.0, 419813.0)	(72.0, 348698.5)	(73.0, 277584.0)	(74.0, 236243.0)	(75.0, 170813.5)	(76.0, 146725.0)	(77.0, 124783.5)	(78.0, 102842.0)	(79.0, 84640.0)	(80.0, 66438.0)	(81.0, 58375.5)	(82.0, 50313.0)	(83.0, 43895.5)	(84.0, 37478.0)	(85.0, 31094.5)	(86.0, 24711.0)	(87.0, 21097.5)	(88.0, 17484.0)	(89.0, 14277.0)	(90.0, 11070.0)	(91.0, 9095.0)	(92.0, 7120.0)	(93.0, 6223.5)	(94.0, 5327.0)	(95.0, 6139.0)	(96.0, 6951.0)	(97.0, 12860.0)	(98.0, 18769.0)	(99.0, 147294.0)	(100.0, 275819.0)
SRR21188786_1	(0.0, 198.0)	(1.0, 541.5)	(2.0, 885.0)	(3.0, 1139.0)	(4.0, 1393.0)	(5.0, 1914.0)	(6.0, 2435.0)	(7.0, 3364.0)	(8.0, 4293.0)	(9.0, 5852.0)	(10.0, 7411.0)	(11.0, 10339.0)	(12.0, 13267.0)	(13.0, 19608.0)	(14.0, 25949.0)	(15.0, 36824.5)	(16.0, 47700.0)	(17.0, 66953.5)	(18.0, 86207.0)	(19.0, 120988.5)	(20.0, 155770.0)	(21.0, 205867.0)	(22.0, 255964.0)	(23.0, 320287.5)	(24.0, 384611.0)	(25.0, 473312.0)	(26.0, 671723.5)	(27.0, 781434.0)	(28.0, 904011.5)	(29.0, 1026589.0)	(30.0, 1171081.0)	(31.0, 1315573.0)	(32.0, 1475682.5)	(33.0, 1635792.0)	(34.0, 1790310.0)	(35.0, 1944828.0)	(36.0, 2089875.5)	(37.0, 2234923.0)	(38.0, 2360442.5)	(39.0, 2485962.0)	(40.0, 2575856.0)	(41.0, 2665750.0)	(42.0, 2710690.0)	(43.0, 2755630.0)	(44.0, 2743851.0)	(45.0, 2732072.0)	(46.0, 2777548.5)	(47.0, 2823025.0)	(48.0, 2846763.0)	(49.0, 2870501.0)	(50.0, 2751518.0)	(51.0, 2632535.0)	(52.0, 2582801.5)	(53.0, 2533068.0)	(54.0, 2508683.0)	(55.0, 2484298.0)	(56.0, 2398560.0)	(57.0, 2312822.0)	(58.0, 2330002.0)	(59.0, 2347182.0)	(60.0, 2136305.5)	(61.0, 1925429.0)	(62.0, 1763735.5)	(63.0, 1602042.0)	(64.0, 1508496.5)	(65.0, 1414951.0)	(66.0, 1197491.0)	(67.0, 980031.0)	(68.0, 825334.0)	(69.0, 670637.0)	(70.0, 581045.5)	(71.0, 491454.0)	(72.0, 409953.5)	(73.0, 328453.0)	(74.0, 265483.5)	(75.0, 168427.5)	(76.0, 134341.0)	(77.0, 117853.0)	(78.0, 101365.0)	(79.0, 82608.0)	(80.0, 63851.0)	(81.0, 54492.5)	(82.0, 45134.0)	(83.0, 37693.0)	(84.0, 30252.0)	(85.0, 25240.0)	(86.0, 20228.0)	(87.0, 16225.0)	(88.0, 12222.0)	(89.0, 9898.0)	(90.0, 7574.0)	(91.0, 6629.0)	(92.0, 5684.0)	(93.0, 3841.5)	(94.0, 1999.0)	(95.0, 1355.5)	(96.0, 712.0)	(97.0, 472.0)	(98.0, 232.0)	(99.0, 197.0)	(100.0, 162.0)
SRR21188786_2	(0.0, 595.0)	(1.0, 803.5)	(2.0, 1012.0)	(3.0, 1353.0)	(4.0, 1694.0)	(5.0, 2233.5)	(6.0, 2773.0)	(7.0, 3564.0)	(8.0, 4355.0)	(9.0, 5696.0)	(10.0, 7037.0)	(11.0, 9766.0)	(12.0, 12495.0)	(13.0, 17843.0)	(14.0, 23191.0)	(15.0, 32800.5)	(16.0, 42410.0)	(17.0, 60531.5)	(18.0, 78653.0)	(19.0, 107109.5)	(20.0, 135566.0)	(21.0, 173100.0)	(22.0, 210634.0)	(23.0, 266209.5)	(24.0, 321785.0)	(25.0, 401252.5)	(26.0, 577135.0)	(27.0, 673550.0)	(28.0, 794142.0)	(29.0, 914734.0)	(30.0, 1056117.5)	(31.0, 1197501.0)	(32.0, 1358078.0)	(33.0, 1518655.0)	(34.0, 1691415.0)	(35.0, 1864175.0)	(36.0, 2005866.5)	(37.0, 2147558.0)	(38.0, 2271301.0)	(39.0, 2395044.0)	(40.0, 2495712.0)	(41.0, 2596380.0)	(42.0, 2633387.5)	(43.0, 2670395.0)	(44.0, 2670306.5)	(45.0, 2670218.0)	(46.0, 2660697.0)	(47.0, 2651176.0)	(48.0, 2655085.5)	(49.0, 2658995.0)	(50.0, 2606802.0)	(51.0, 2554609.0)	(52.0, 2519923.0)	(53.0, 2485237.0)	(54.0, 2446197.5)	(55.0, 2407158.0)	(56.0, 2401776.5)	(57.0, 2396395.0)	(58.0, 2339595.0)	(59.0, 2282795.0)	(60.0, 2218692.0)	(61.0, 2154589.0)	(62.0, 1984769.0)	(63.0, 1814949.0)	(64.0, 1653134.0)	(65.0, 1491319.0)	(66.0, 1342111.5)	(67.0, 1192904.0)	(68.0, 1027968.5)	(69.0, 863033.0)	(70.0, 720927.0)	(71.0, 578821.0)	(72.0, 481712.0)	(73.0, 384603.0)	(74.0, 328391.0)	(75.0, 238737.5)	(76.0, 205296.0)	(77.0, 174037.5)	(78.0, 142779.0)	(79.0, 119940.5)	(80.0, 97102.0)	(81.0, 84614.0)	(82.0, 72126.0)	(83.0, 63891.0)	(84.0, 55656.0)	(85.0, 46600.5)	(86.0, 37545.0)	(87.0, 31287.5)	(88.0, 25030.0)	(89.0, 20203.0)	(90.0, 15376.0)	(91.0, 12733.0)	(92.0, 10090.0)	(93.0, 9024.0)	(94.0, 7958.0)	(95.0, 9006.0)	(96.0, 10054.0)	(97.0, 16914.5)	(98.0, 23775.0)	(99.0, 165221.5)	(100.0, 306668.0)
SRR21188787_1	(0.0, 201.0)	(1.0, 537.5)	(2.0, 874.0)	(3.0, 1068.5)	(4.0, 1263.0)	(5.0, 1731.0)	(6.0, 2199.0)	(7.0, 2991.5)	(8.0, 3784.0)	(9.0, 5142.0)	(10.0, 6500.0)	(11.0, 9069.5)	(12.0, 11639.0)	(13.0, 16997.0)	(14.0, 22355.0)	(15.0, 32002.0)	(16.0, 41649.0)	(17.0, 58568.0)	(18.0, 75487.0)	(19.0, 106221.5)	(20.0, 136956.0)	(21.0, 180481.0)	(22.0, 224006.0)	(23.0, 279696.5)	(24.0, 335387.0)	(25.0, 415127.0)	(26.0, 593817.5)	(27.0, 692768.0)	(28.0, 804700.0)	(29.0, 916632.0)	(30.0, 1048486.0)	(31.0, 1180340.0)	(32.0, 1326147.0)	(33.0, 1471954.0)	(34.0, 1616560.5)	(35.0, 1761167.0)	(36.0, 1898511.5)	(37.0, 2035856.0)	(38.0, 2160038.0)	(39.0, 2284220.0)	(40.0, 2382186.0)	(41.0, 2480152.0)	(42.0, 2532538.0)	(43.0, 2584924.0)	(44.0, 2592410.0)	(45.0, 2599896.0)	(46.0, 2653512.5)	(47.0, 2707129.0)	(48.0, 2721306.0)	(49.0, 2735483.0)	(50.0, 2603459.0)	(51.0, 2471435.0)	(52.0, 2482342.5)	(53.0, 2493250.0)	(54.0, 2475614.0)	(55.0, 2457978.0)	(56.0, 2340223.0)	(57.0, 2222468.0)	(58.0, 2205978.5)	(59.0, 2189489.0)	(60.0, 2011110.5)	(61.0, 1832732.0)	(62.0, 1683419.5)	(63.0, 1534107.0)	(64.0, 1430860.0)	(65.0, 1327613.0)	(66.0, 1150770.5)	(67.0, 973928.0)	(68.0, 825645.5)	(69.0, 677363.0)	(70.0, 586571.5)	(71.0, 495780.0)	(72.0, 415918.5)	(73.0, 336057.0)	(74.0, 274308.0)	(75.0, 176949.5)	(76.0, 141340.0)	(77.0, 123973.5)	(78.0, 106607.0)	(79.0, 87749.0)	(80.0, 68891.0)	(81.0, 58811.0)	(82.0, 48731.0)	(83.0, 40667.0)	(84.0, 32603.0)	(85.0, 27328.0)	(86.0, 22053.0)	(87.0, 17936.0)	(88.0, 13819.0)	(89.0, 11192.0)	(90.0, 8565.0)	(91.0, 7293.0)	(92.0, 6021.0)	(93.0, 4154.5)	(94.0, 2288.0)	(95.0, 1446.5)	(96.0, 605.0)	(97.0, 387.0)	(98.0, 169.0)	(99.0, 174.5)	(100.0, 180.0)
SRR21188787_2	(0.0, 449.0)	(1.0, 629.5)	(2.0, 810.0)	(3.0, 1132.0)	(4.0, 1454.0)	(5.0, 2008.0)	(6.0, 2562.0)	(7.0, 3321.0)	(8.0, 4080.0)	(9.0, 5411.5)	(10.0, 6743.0)	(11.0, 9046.5)	(12.0, 11350.0)	(13.0, 15989.5)	(14.0, 20629.0)	(15.0, 29222.0)	(16.0, 37815.0)	(17.0, 53442.0)	(18.0, 69069.0)	(19.0, 93727.5)	(20.0, 118386.0)	(21.0, 150695.5)	(22.0, 183005.0)	(23.0, 231569.0)	(24.0, 280133.0)	(25.0, 349428.5)	(26.0, 500093.5)	(27.0, 581463.0)	(28.0, 689947.0)	(29.0, 798431.0)	(30.0, 926516.5)	(31.0, 1054602.0)	(32.0, 1203640.0)	(33.0, 1352678.0)	(34.0, 1511302.5)	(35.0, 1669927.0)	(36.0, 1812645.5)	(37.0, 1955364.0)	(38.0, 2082122.0)	(39.0, 2208880.0)	(40.0, 2315270.5)	(41.0, 2421661.0)	(42.0, 2477592.0)	(43.0, 2533523.0)	(44.0, 2541504.5)	(45.0, 2549486.0)	(46.0, 2544340.5)	(47.0, 2539195.0)	(48.0, 2556902.0)	(49.0, 2574609.0)	(50.0, 2529566.5)	(51.0, 2484524.0)	(52.0, 2445641.0)	(53.0, 2406758.0)	(54.0, 2364735.5)	(55.0, 2322713.0)	(56.0, 2314447.0)	(57.0, 2306181.0)	(58.0, 2236597.5)	(59.0, 2167014.0)	(60.0, 2082551.5)	(61.0, 1998089.0)	(62.0, 1840777.5)	(63.0, 1683466.0)	(64.0, 1544136.5)	(65.0, 1404807.0)	(66.0, 1270479.0)	(67.0, 1136151.0)	(68.0, 981736.5)	(69.0, 827322.0)	(70.0, 702360.5)	(71.0, 577399.0)	(72.0, 485889.0)	(73.0, 394379.0)	(74.0, 338476.0)	(75.0, 247369.0)	(76.0, 212165.0)	(77.0, 181364.5)	(78.0, 150564.0)	(79.0, 126198.0)	(80.0, 101832.0)	(81.0, 88886.0)	(82.0, 75940.0)	(83.0, 67556.0)	(84.0, 59172.0)	(85.0, 48916.5)	(86.0, 38661.0)	(87.0, 32140.5)	(88.0, 25620.0)	(89.0, 20616.0)	(90.0, 15612.0)	(91.0, 12696.0)	(92.0, 9780.0)	(93.0, 8646.0)	(94.0, 7512.0)	(95.0, 8568.0)	(96.0, 9624.0)	(97.0, 17006.0)	(98.0, 24388.0)	(99.0, 195716.5)	(100.0, 367045.0)
SRR21188788_1	(0.0, 176.0)	(1.0, 413.5)	(2.0, 651.0)	(3.0, 876.0)	(4.0, 1101.0)	(5.0, 1499.0)	(6.0, 1897.0)	(7.0, 2579.0)	(8.0, 3261.0)	(9.0, 4439.5)	(10.0, 5618.0)	(11.0, 7924.0)	(12.0, 10230.0)	(13.0, 15241.0)	(14.0, 20252.0)	(15.0, 28533.5)	(16.0, 36815.0)	(17.0, 51749.5)	(18.0, 66684.0)	(19.0, 94207.0)	(20.0, 121730.0)	(21.0, 160818.0)	(22.0, 199906.0)	(23.0, 249673.0)	(24.0, 299440.0)	(25.0, 370298.5)	(26.0, 527170.0)	(27.0, 613183.0)	(28.0, 713366.5)	(29.0, 813550.0)	(30.0, 935508.5)	(31.0, 1057467.0)	(32.0, 1189658.5)	(33.0, 1321850.0)	(34.0, 1460999.5)	(35.0, 1600149.0)	(36.0, 1735193.5)	(37.0, 1870238.0)	(38.0, 1992822.5)	(39.0, 2115407.0)	(40.0, 2220358.5)	(41.0, 2325310.0)	(42.0, 2387473.5)	(43.0, 2449637.0)	(44.0, 2469714.5)	(45.0, 2489792.0)	(46.0, 2538277.0)	(47.0, 2586762.0)	(48.0, 2601061.0)	(49.0, 2615360.0)	(50.0, 2520807.0)	(51.0, 2426254.0)	(52.0, 2429801.5)	(53.0, 2433349.0)	(54.0, 2386355.0)	(55.0, 2339361.0)	(56.0, 2234084.5)	(57.0, 2128808.0)	(58.0, 2072783.5)	(59.0, 2016759.0)	(60.0, 1871249.0)	(61.0, 1725739.0)	(62.0, 1594585.0)	(63.0, 1463431.0)	(64.0, 1357726.5)	(65.0, 1252022.0)	(66.0, 1105896.5)	(67.0, 959771.0)	(68.0, 816979.0)	(69.0, 674187.0)	(70.0, 586177.0)	(71.0, 498167.0)	(72.0, 417593.0)	(73.0, 337019.0)	(74.0, 281395.5)	(75.0, 190901.0)	(76.0, 156030.0)	(77.0, 141044.5)	(78.0, 126059.0)	(79.0, 103432.0)	(80.0, 80805.0)	(81.0, 70552.5)	(82.0, 60300.0)	(83.0, 51041.0)	(84.0, 41782.0)	(85.0, 35057.0)	(86.0, 28332.0)	(87.0, 23360.0)	(88.0, 18388.0)	(89.0, 15056.5)	(90.0, 11725.0)	(91.0, 9456.5)	(92.0, 7188.0)	(93.0, 4958.5)	(94.0, 2729.0)	(95.0, 1764.5)	(96.0, 800.0)	(97.0, 517.0)	(98.0, 234.0)	(99.0, 238.0)	(100.0, 242.0)
SRR21188788_2	(0.0, 531.0)	(1.0, 694.0)	(2.0, 857.0)	(3.0, 1189.0)	(4.0, 1521.0)	(5.0, 2067.0)	(6.0, 2613.0)	(7.0, 3306.0)	(8.0, 3999.0)	(9.0, 5161.0)	(10.0, 6323.0)	(11.0, 8351.5)	(12.0, 10380.0)	(13.0, 14368.5)	(14.0, 18357.0)	(15.0, 25928.0)	(16.0, 33499.0)	(17.0, 47368.0)	(18.0, 61237.0)	(19.0, 81947.0)	(20.0, 102657.0)	(21.0, 131710.0)	(22.0, 160763.0)	(23.0, 202196.0)	(24.0, 243629.0)	(25.0, 304882.5)	(26.0, 436647.5)	(27.0, 507159.0)	(28.0, 604779.0)	(29.0, 702399.0)	(30.0, 818980.0)	(31.0, 935561.0)	(32.0, 1069224.5)	(33.0, 1202888.0)	(34.0, 1353307.5)	(35.0, 1503727.0)	(36.0, 1644609.0)	(37.0, 1785491.0)	(38.0, 1917972.0)	(39.0, 2050453.0)	(40.0, 2165528.0)	(41.0, 2280603.0)	(42.0, 2343962.5)	(43.0, 2407322.0)	(44.0, 2427011.0)	(45.0, 2446700.0)	(46.0, 2454431.5)	(47.0, 2462163.0)	(48.0, 2488691.5)	(49.0, 2515220.0)	(50.0, 2474043.0)	(51.0, 2432866.0)	(52.0, 2394039.5)	(53.0, 2355213.0)	(54.0, 2309421.5)	(55.0, 2263630.0)	(56.0, 2238715.5)	(57.0, 2213801.0)	(58.0, 2136517.0)	(59.0, 2059233.0)	(60.0, 1953920.0)	(61.0, 1848607.0)	(62.0, 1706016.5)	(63.0, 1563426.0)	(64.0, 1435963.5)	(65.0, 1308501.0)	(66.0, 1178167.0)	(67.0, 1047833.0)	(68.0, 908733.5)	(69.0, 769634.0)	(70.0, 664120.0)	(71.0, 558606.0)	(72.0, 478013.5)	(73.0, 397421.0)	(74.0, 344495.0)	(75.0, 256916.0)	(76.0, 222263.0)	(77.0, 193623.0)	(78.0, 164983.0)	(79.0, 138891.5)	(80.0, 112800.0)	(81.0, 100293.5)	(82.0, 87787.0)	(83.0, 79020.0)	(84.0, 70253.0)	(85.0, 58295.0)	(86.0, 46337.0)	(87.0, 39118.5)	(88.0, 31900.0)	(89.0, 25593.5)	(90.0, 19287.0)	(91.0, 15932.5)	(92.0, 12578.0)	(93.0, 10822.0)	(94.0, 9066.0)	(95.0, 9964.0)	(96.0, 10862.0)	(97.0, 17430.5)	(98.0, 23999.0)	(99.0, 186116.0)	(100.0, 348233.0)
SRR21188789_1	(0.0, 229.0)	(1.0, 617.5)	(2.0, 1006.0)	(3.0, 1281.0)	(4.0, 1556.0)	(5.0, 2181.5)	(6.0, 2807.0)	(7.0, 3752.5)	(8.0, 4698.0)	(9.0, 6456.5)	(10.0, 8215.0)	(11.0, 11486.0)	(12.0, 14757.0)	(13.0, 21642.5)	(14.0, 28528.0)	(15.0, 40771.5)	(16.0, 53015.0)	(17.0, 74499.5)	(18.0, 95984.0)	(19.0, 134366.5)	(20.0, 172749.0)	(21.0, 227328.0)	(22.0, 281907.0)	(23.0, 354705.0)	(24.0, 427503.0)	(25.0, 527533.0)	(26.0, 752915.0)	(27.0, 878267.0)	(28.0, 1019204.5)	(29.0, 1160142.0)	(30.0, 1321352.5)	(31.0, 1482563.0)	(32.0, 1658592.5)	(33.0, 1834622.0)	(34.0, 2004131.5)	(35.0, 2173641.0)	(36.0, 2323718.0)	(37.0, 2473795.0)	(38.0, 2600842.5)	(39.0, 2727890.0)	(40.0, 2818248.0)	(41.0, 2908606.0)	(42.0, 2945811.5)	(43.0, 2983017.0)	(44.0, 2975552.5)	(45.0, 2968088.0)	(46.0, 2984261.0)	(47.0, 3000434.0)	(48.0, 2978767.0)	(49.0, 2957100.0)	(50.0, 2908218.5)	(51.0, 2859337.0)	(52.0, 2751664.0)	(53.0, 2643991.0)	(54.0, 2589186.5)	(55.0, 2534382.0)	(56.0, 2420914.0)	(57.0, 2307446.0)	(58.0, 2209696.5)	(59.0, 2111947.0)	(60.0, 1963532.5)	(61.0, 1815118.0)	(62.0, 1673457.5)	(63.0, 1531797.0)	(64.0, 1408503.0)	(65.0, 1285209.0)	(66.0, 1133231.0)	(67.0, 981253.0)	(68.0, 836735.5)	(69.0, 692218.0)	(70.0, 601158.5)	(71.0, 510099.0)	(72.0, 425729.5)	(73.0, 341360.0)	(74.0, 287376.5)	(75.0, 198663.0)	(76.0, 163933.0)	(77.0, 152827.0)	(78.0, 141721.0)	(79.0, 115717.0)	(80.0, 89713.0)	(81.0, 79342.0)	(82.0, 68971.0)	(83.0, 57622.5)	(84.0, 46274.0)	(85.0, 38196.5)	(86.0, 30119.0)	(87.0, 24949.0)	(88.0, 19779.0)	(89.0, 16535.5)	(90.0, 13292.0)	(91.0, 10596.5)	(92.0, 7901.0)	(93.0, 5646.5)	(94.0, 3392.0)	(95.0, 2156.0)	(96.0, 920.0)	(97.0, 619.5)	(98.0, 319.0)	(99.0, 322.0)	(100.0, 325.0)
SRR21188789_2	(0.0, 635.0)	(1.0, 880.0)	(2.0, 1125.0)	(3.0, 1495.5)	(4.0, 1866.0)	(5.0, 2508.5)	(6.0, 3151.0)	(7.0, 4162.5)	(8.0, 5174.0)	(9.0, 6811.5)	(10.0, 8449.0)	(11.0, 11588.5)	(12.0, 14728.0)	(13.0, 20747.5)	(14.0, 26767.0)	(15.0, 38406.5)	(16.0, 50046.0)	(17.0, 70533.0)	(18.0, 91020.0)	(19.0, 124670.0)	(20.0, 158320.0)	(21.0, 202567.5)	(22.0, 246815.0)	(23.0, 312646.5)	(24.0, 378478.0)	(25.0, 471626.5)	(26.0, 675475.0)	(27.0, 786175.0)	(28.0, 925488.5)	(29.0, 1064802.0)	(30.0, 1226282.5)	(31.0, 1387763.0)	(32.0, 1569138.0)	(33.0, 1750513.0)	(34.0, 1930864.0)	(35.0, 2111215.0)	(36.0, 2263118.0)	(37.0, 2415021.0)	(38.0, 2538702.0)	(39.0, 2662383.0)	(40.0, 2757501.0)	(41.0, 2852619.0)	(42.0, 2888219.5)	(43.0, 2923820.0)	(44.0, 2915505.0)	(45.0, 2907190.0)	(46.0, 2878562.5)	(47.0, 2849935.0)	(48.0, 2847986.5)	(49.0, 2846038.0)	(50.0, 2790265.5)	(51.0, 2734493.0)	(52.0, 2684376.5)	(53.0, 2634260.0)	(54.0, 2566374.0)	(55.0, 2498488.0)	(56.0, 2458415.5)	(57.0, 2418343.0)	(58.0, 2313186.0)	(59.0, 2208029.0)	(60.0, 2066632.0)	(61.0, 1925235.0)	(62.0, 1762567.5)	(63.0, 1599900.0)	(64.0, 1460685.0)	(65.0, 1321470.0)	(66.0, 1179596.5)	(67.0, 1037723.0)	(68.0, 899180.5)	(69.0, 760638.0)	(70.0, 660585.0)	(71.0, 560532.0)	(72.0, 479809.0)	(73.0, 399086.0)	(74.0, 346296.5)	(75.0, 261582.0)	(76.0, 229657.0)	(77.0, 203662.0)	(78.0, 177667.0)	(79.0, 149810.5)	(80.0, 121954.0)	(81.0, 108757.0)	(82.0, 95560.0)	(83.0, 86450.0)	(84.0, 77340.0)	(85.0, 62783.5)	(86.0, 48227.0)	(87.0, 40851.5)	(88.0, 33476.0)	(89.0, 26433.0)	(90.0, 19390.0)	(91.0, 15850.5)	(92.0, 12311.0)	(93.0, 10623.0)	(94.0, 8935.0)	(95.0, 9924.0)	(96.0, 10913.0)	(97.0, 17054.5)	(98.0, 23196.0)	(99.0, 183467.0)	(100.0, 343738.0)
SRR21188790_1	(0.0, 140.0)	(1.0, 362.0)	(2.0, 584.0)	(3.0, 724.0)	(4.0, 864.0)	(5.0, 1162.0)	(6.0, 1460.0)	(7.0, 2076.0)	(8.0, 2692.0)	(9.0, 3697.0)	(10.0, 4702.0)	(11.0, 6715.0)	(12.0, 8728.0)	(13.0, 13215.0)	(14.0, 17702.0)	(15.0, 25637.5)	(16.0, 33573.0)	(17.0, 47529.0)	(18.0, 61485.0)	(19.0, 88386.0)	(20.0, 115287.0)	(21.0, 153947.0)	(22.0, 192607.0)	(23.0, 236735.0)	(24.0, 280863.0)	(25.0, 349800.5)	(26.0, 495001.0)	(27.0, 571264.0)	(28.0, 663261.5)	(29.0, 755259.0)	(30.0, 874691.0)	(31.0, 994123.0)	(32.0, 1111010.5)	(33.0, 1227898.0)	(34.0, 1364545.5)	(35.0, 1501193.0)	(36.0, 1649671.5)	(37.0, 1798150.0)	(38.0, 1955775.5)	(39.0, 2113401.0)	(40.0, 2229163.5)	(41.0, 2344926.0)	(42.0, 2424501.0)	(43.0, 2504076.0)	(44.0, 2587782.5)	(45.0, 2671489.0)	(46.0, 2804859.0)	(47.0, 2938229.0)	(48.0, 3013632.5)	(49.0, 3089036.0)	(50.0, 2958153.0)	(51.0, 2827270.0)	(52.0, 2828552.0)	(53.0, 2829834.0)	(54.0, 2857921.0)	(55.0, 2886008.0)	(56.0, 2748836.0)	(57.0, 2611664.0)	(58.0, 2686949.0)	(59.0, 2762234.0)	(60.0, 2527971.5)	(61.0, 2293709.0)	(62.0, 2110426.0)	(63.0, 1927143.0)	(64.0, 1866196.0)	(65.0, 1805249.0)	(66.0, 1522131.5)	(67.0, 1239014.0)	(68.0, 1061469.5)	(69.0, 883925.0)	(70.0, 775476.5)	(71.0, 667028.0)	(72.0, 571267.5)	(73.0, 475507.0)	(74.0, 447843.0)	(75.0, 337831.0)	(76.0, 255483.0)	(77.0, 231623.0)	(78.0, 207763.0)	(79.0, 176559.5)	(80.0, 145356.0)	(81.0, 127814.0)	(82.0, 110272.0)	(83.0, 96331.0)	(84.0, 82390.0)	(85.0, 74722.0)	(86.0, 67054.0)	(87.0, 58240.5)	(88.0, 49427.0)	(89.0, 41211.0)	(90.0, 32995.0)	(91.0, 27633.0)	(92.0, 22271.0)	(93.0, 15988.0)	(94.0, 9705.0)	(95.0, 5896.0)	(96.0, 2087.0)	(97.0, 1327.0)	(98.0, 567.0)	(99.0, 419.5)	(100.0, 272.0)
SRR21188790_2	(0.0, 340.0)	(1.0, 495.5)	(2.0, 651.0)	(3.0, 866.5)	(4.0, 1082.0)	(5.0, 1508.5)	(6.0, 1935.0)	(7.0, 2434.5)	(8.0, 2934.0)	(9.0, 3750.0)	(10.0, 4566.0)	(11.0, 6194.0)	(12.0, 7822.0)	(13.0, 11176.5)	(14.0, 14531.0)	(15.0, 20465.5)	(16.0, 26400.0)	(17.0, 37990.0)	(18.0, 49580.0)	(19.0, 67038.5)	(20.0, 84497.0)	(21.0, 107856.0)	(22.0, 131215.0)	(23.0, 164732.0)	(24.0, 198249.0)	(25.0, 252173.5)	(26.0, 366699.5)	(27.0, 427301.0)	(28.0, 513896.5)	(29.0, 600492.0)	(30.0, 705500.0)	(31.0, 810508.0)	(32.0, 933915.0)	(33.0, 1057322.0)	(34.0, 1205455.5)	(35.0, 1353589.0)	(36.0, 1504237.5)	(37.0, 1654886.0)	(38.0, 1802999.5)	(39.0, 1951113.0)	(40.0, 2123753.5)	(41.0, 2296394.0)	(42.0, 2453557.5)	(43.0, 2610721.0)	(44.0, 2602112.0)	(45.0, 2593503.0)	(46.0, 2649008.0)	(47.0, 2704513.0)	(48.0, 2802089.0)	(49.0, 2899665.0)	(50.0, 2870945.0)	(51.0, 2842225.0)	(52.0, 2793774.0)	(53.0, 2745323.0)	(54.0, 2639092.5)	(55.0, 2532862.0)	(56.0, 2642416.5)	(57.0, 2751971.0)	(58.0, 2696710.5)	(59.0, 2641450.0)	(60.0, 2655219.5)	(61.0, 2668989.0)	(62.0, 2430986.5)	(63.0, 2192984.0)	(64.0, 2026125.0)	(65.0, 1859266.0)	(66.0, 1702058.5)	(67.0, 1544851.0)	(68.0, 1359764.5)	(69.0, 1174678.0)	(70.0, 1003552.0)	(71.0, 832426.0)	(72.0, 688934.0)	(73.0, 545442.0)	(74.0, 486891.0)	(75.0, 391886.0)	(76.0, 355432.0)	(77.0, 294164.5)	(78.0, 232897.0)	(79.0, 205243.5)	(80.0, 177590.0)	(81.0, 170660.0)	(82.0, 163730.0)	(83.0, 154767.5)	(84.0, 145805.0)	(85.0, 112835.0)	(86.0, 79865.0)	(87.0, 65891.0)	(88.0, 51917.0)	(89.0, 47724.5)	(90.0, 43532.0)	(91.0, 40973.0)	(92.0, 38414.0)	(93.0, 28813.5)	(94.0, 19213.0)	(95.0, 16517.5)	(96.0, 13822.0)	(97.0, 19714.0)	(98.0, 25606.0)	(99.0, 194972.0)	(100.0, 364338.0)
SRR21188791_1	(0.0, 162.0)	(1.0, 370.0)	(2.0, 578.0)	(3.0, 792.5)	(4.0, 1007.0)	(5.0, 1435.0)	(6.0, 1863.0)	(7.0, 2574.0)	(8.0, 3285.0)	(9.0, 4680.0)	(10.0, 6075.0)	(11.0, 8525.0)	(12.0, 10975.0)	(13.0, 16229.0)	(14.0, 21483.0)	(15.0, 31182.0)	(16.0, 40881.0)	(17.0, 56755.5)	(18.0, 72630.0)	(19.0, 103396.0)	(20.0, 134162.0)	(21.0, 178551.5)	(22.0, 222941.0)	(23.0, 276323.5)	(24.0, 329706.0)	(25.0, 404693.5)	(26.0, 568433.0)	(27.0, 657185.0)	(28.0, 757793.5)	(29.0, 858402.0)	(30.0, 984016.5)	(31.0, 1109631.0)	(32.0, 1248308.5)	(33.0, 1386986.0)	(34.0, 1525099.0)	(35.0, 1663212.0)	(36.0, 1804154.0)	(37.0, 1945096.0)	(38.0, 2094027.0)	(39.0, 2242958.0)	(40.0, 2376986.0)	(41.0, 2511014.0)	(42.0, 2606863.5)	(43.0, 2702713.0)	(44.0, 2752911.0)	(45.0, 2803109.0)	(46.0, 2920550.0)	(47.0, 3037991.0)	(48.0, 3111466.5)	(49.0, 3184942.0)	(50.0, 3038611.5)	(51.0, 2892281.0)	(52.0, 2891079.5)	(53.0, 2889878.0)	(54.0, 2873952.0)	(55.0, 2858026.0)	(56.0, 2763147.5)	(57.0, 2668269.0)	(58.0, 2742079.0)	(59.0, 2815889.0)	(60.0, 2573299.5)	(61.0, 2330710.0)	(62.0, 2142291.5)	(63.0, 1953873.0)	(64.0, 1862300.0)	(65.0, 1770727.0)	(66.0, 1501774.5)	(67.0, 1232822.0)	(68.0, 1050919.5)	(69.0, 869017.0)	(70.0, 762212.5)	(71.0, 655408.0)	(72.0, 559591.5)	(73.0, 463775.0)	(74.0, 398489.5)	(75.0, 280339.5)	(76.0, 227475.0)	(77.0, 208182.5)	(78.0, 188890.0)	(79.0, 156332.5)	(80.0, 123775.0)	(81.0, 110304.5)	(82.0, 96834.0)	(83.0, 82785.0)	(84.0, 68736.0)	(85.0, 60048.0)	(86.0, 51360.0)	(87.0, 42728.5)	(88.0, 34097.0)	(89.0, 28786.5)	(90.0, 23476.0)	(91.0, 20180.5)	(92.0, 16885.0)	(93.0, 11827.5)	(94.0, 6770.0)	(95.0, 4146.5)	(96.0, 1523.0)	(97.0, 1012.0)	(98.0, 501.0)	(99.0, 429.5)	(100.0, 358.0)
SRR21188791_2	(0.0, 438.0)	(1.0, 610.0)	(2.0, 782.0)	(3.0, 1111.0)	(4.0, 1440.0)	(5.0, 1946.0)	(6.0, 2452.0)	(7.0, 3212.0)	(8.0, 3972.0)	(9.0, 4983.5)	(10.0, 5995.0)	(11.0, 8068.5)	(12.0, 10142.0)	(13.0, 14285.0)	(14.0, 18428.0)	(15.0, 25929.5)	(16.0, 33431.0)	(17.0, 47353.0)	(18.0, 61275.0)	(19.0, 82229.0)	(20.0, 103183.0)	(21.0, 131033.5)	(22.0, 158884.0)	(23.0, 199472.0)	(24.0, 240060.0)	(25.0, 298912.5)	(26.0, 427088.5)	(27.0, 496412.0)	(28.0, 586754.0)	(29.0, 677096.0)	(30.0, 785111.0)	(31.0, 893126.0)	(32.0, 1025277.0)	(33.0, 1157428.0)	(34.0, 1312818.5)	(35.0, 1468209.0)	(36.0, 1622804.5)	(37.0, 1777400.0)	(38.0, 1934896.0)	(39.0, 2092392.0)	(40.0, 2255171.5)	(41.0, 2417951.0)	(42.0, 2538770.0)	(43.0, 2659589.0)	(44.0, 2699805.0)	(45.0, 2740021.0)	(46.0, 2793964.5)	(47.0, 2847908.0)	(48.0, 2892878.5)	(49.0, 2937849.0)	(50.0, 2911470.5)	(51.0, 2885092.0)	(52.0, 2851494.5)	(53.0, 2817897.0)	(54.0, 2772967.5)	(55.0, 2728038.0)	(56.0, 2765826.0)	(57.0, 2803614.0)	(58.0, 2753963.5)	(59.0, 2704313.0)	(60.0, 2669270.5)	(61.0, 2634228.0)	(62.0, 2437864.5)	(63.0, 2241501.0)	(64.0, 2068414.0)	(65.0, 1895327.0)	(66.0, 1727456.0)	(67.0, 1559585.0)	(68.0, 1365171.5)	(69.0, 1170758.0)	(70.0, 991998.0)	(71.0, 813238.0)	(72.0, 676877.5)	(73.0, 540517.0)	(74.0, 475237.5)	(75.0, 369844.5)	(76.0, 329731.0)	(77.0, 283157.0)	(78.0, 236583.0)	(79.0, 203586.5)	(80.0, 170590.0)	(81.0, 156361.0)	(82.0, 142132.0)	(83.0, 130829.5)	(84.0, 119527.0)	(85.0, 97332.5)	(86.0, 75138.0)	(87.0, 64237.5)	(88.0, 53337.0)	(89.0, 44493.5)	(90.0, 35650.0)	(91.0, 30522.0)	(92.0, 25394.0)	(93.0, 19813.0)	(94.0, 14232.0)	(95.0, 14036.0)	(96.0, 13840.0)	(97.0, 20976.5)	(98.0, 28113.0)	(99.0, 209689.5)	(100.0, 391266.0)
SRR21188792_1	(0.0, 181.0)	(1.0, 454.5)	(2.0, 728.0)	(3.0, 929.0)	(4.0, 1130.0)	(5.0, 1561.0)	(6.0, 1992.0)	(7.0, 2742.5)	(8.0, 3493.0)	(9.0, 4801.5)	(10.0, 6110.0)	(11.0, 8577.0)	(12.0, 11044.0)	(13.0, 16526.5)	(14.0, 22009.0)	(15.0, 31617.0)	(16.0, 41225.0)	(17.0, 57741.5)	(18.0, 74258.0)	(19.0, 105221.5)	(20.0, 136185.0)	(21.0, 181495.5)	(22.0, 226806.0)	(23.0, 282608.5)	(24.0, 338411.0)	(25.0, 419248.5)	(26.0, 596104.5)	(27.0, 692123.0)	(28.0, 802300.0)	(29.0, 912477.0)	(30.0, 1049323.0)	(31.0, 1186169.0)	(32.0, 1338784.0)	(33.0, 1491399.0)	(34.0, 1645614.0)	(35.0, 1799829.0)	(36.0, 1955211.5)	(37.0, 2110594.0)	(38.0, 2249283.0)	(39.0, 2387972.0)	(40.0, 2511696.5)	(41.0, 2635421.0)	(42.0, 2710989.0)	(43.0, 2786557.0)	(44.0, 2799845.0)	(45.0, 2813133.0)	(46.0, 2906264.5)	(47.0, 2999396.0)	(48.0, 3056316.0)	(49.0, 3113236.0)	(50.0, 2952786.5)	(51.0, 2792337.0)	(52.0, 2802249.0)	(53.0, 2812161.0)	(54.0, 2779968.5)	(55.0, 2747776.0)	(56.0, 2647033.0)	(57.0, 2546290.0)	(58.0, 2623523.5)	(59.0, 2700757.0)	(60.0, 2461492.5)	(61.0, 2222228.0)	(62.0, 2030808.0)	(63.0, 1839388.0)	(64.0, 1750919.0)	(65.0, 1662450.0)	(66.0, 1412290.0)	(67.0, 1162130.0)	(68.0, 983646.5)	(69.0, 805163.0)	(70.0, 704358.5)	(71.0, 603554.0)	(72.0, 505778.5)	(73.0, 408003.0)	(74.0, 327608.0)	(75.0, 202605.0)	(76.0, 157997.0)	(77.0, 136975.5)	(78.0, 115954.0)	(79.0, 95942.0)	(80.0, 75930.0)	(81.0, 64097.5)	(82.0, 52265.0)	(83.0, 43683.5)	(84.0, 35102.0)	(85.0, 28866.0)	(86.0, 22630.0)	(87.0, 18710.0)	(88.0, 14790.0)	(89.0, 11814.0)	(90.0, 8838.0)	(91.0, 7575.0)	(92.0, 6312.0)	(93.0, 4277.0)	(94.0, 2242.0)	(95.0, 1482.5)	(96.0, 723.0)	(97.0, 446.0)	(98.0, 169.0)	(99.0, 156.5)	(100.0, 144.0)
SRR21188792_2	(0.0, 437.0)	(1.0, 616.5)	(2.0, 796.0)	(3.0, 1125.0)	(4.0, 1454.0)	(5.0, 1958.5)	(6.0, 2463.0)	(7.0, 3165.0)	(8.0, 3867.0)	(9.0, 4933.5)	(10.0, 6000.0)	(11.0, 8009.0)	(12.0, 10018.0)	(13.0, 14312.5)	(14.0, 18607.0)	(15.0, 26354.5)	(16.0, 34102.0)	(17.0, 49176.5)	(18.0, 64251.0)	(19.0, 86596.5)	(20.0, 108942.0)	(21.0, 138264.5)	(22.0, 167587.0)	(23.0, 210932.0)	(24.0, 254277.0)	(25.0, 320655.0)	(26.0, 463970.0)	(27.0, 540907.0)	(28.0, 645675.5)	(29.0, 750444.0)	(30.0, 878672.5)	(31.0, 1006901.0)	(32.0, 1158948.5)	(33.0, 1310996.0)	(34.0, 1482768.5)	(35.0, 1654541.0)	(36.0, 1817216.5)	(37.0, 1979892.0)	(38.0, 2127962.0)	(39.0, 2276032.0)	(40.0, 2415218.5)	(41.0, 2554405.0)	(42.0, 2634944.5)	(43.0, 2715484.0)	(44.0, 2740828.0)	(45.0, 2766172.0)	(46.0, 2785663.5)	(47.0, 2805155.0)	(48.0, 2858884.0)	(49.0, 2912613.0)	(50.0, 2850448.0)	(51.0, 2788283.0)	(52.0, 2742327.0)	(53.0, 2696371.0)	(54.0, 2662609.5)	(55.0, 2628848.0)	(56.0, 2645039.0)	(57.0, 2661230.0)	(58.0, 2622139.0)	(59.0, 2583048.0)	(60.0, 2534100.5)	(61.0, 2485153.0)	(62.0, 2295246.0)	(63.0, 2105339.0)	(64.0, 1940100.0)	(65.0, 1774861.0)	(66.0, 1613323.5)	(67.0, 1451786.0)	(68.0, 1254693.5)	(69.0, 1057601.0)	(70.0, 891118.0)	(71.0, 724635.0)	(72.0, 600801.5)	(73.0, 476968.0)	(74.0, 409873.0)	(75.0, 295590.0)	(76.0, 248402.0)	(77.0, 209655.0)	(78.0, 170908.0)	(79.0, 142644.5)	(80.0, 114381.0)	(81.0, 99320.5)	(82.0, 84260.0)	(83.0, 74708.5)	(84.0, 65157.0)	(85.0, 53155.5)	(86.0, 41154.0)	(87.0, 34743.0)	(88.0, 28332.0)	(89.0, 22583.0)	(90.0, 16834.0)	(91.0, 14209.0)	(92.0, 11584.0)	(93.0, 9813.0)	(94.0, 8042.0)	(95.0, 9143.5)	(96.0, 10245.0)	(97.0, 18266.5)	(98.0, 26288.0)	(99.0, 212467.0)	(100.0, 398646.0)
SRR21188793_1	(0.0, 128.0)	(1.0, 325.5)	(2.0, 523.0)	(3.0, 697.0)	(4.0, 871.0)	(5.0, 1266.0)	(6.0, 1661.0)	(7.0, 2322.0)	(8.0, 2983.0)	(9.0, 4117.0)	(10.0, 5251.0)	(11.0, 7218.5)	(12.0, 9186.0)	(13.0, 13779.5)	(14.0, 18373.0)	(15.0, 26522.5)	(16.0, 34672.0)	(17.0, 47788.5)	(18.0, 60905.0)	(19.0, 85460.0)	(20.0, 110015.0)	(21.0, 146347.0)	(22.0, 182679.0)	(23.0, 228053.5)	(24.0, 273428.0)	(25.0, 338873.5)	(26.0, 481711.5)	(27.0, 559104.0)	(28.0, 649052.0)	(29.0, 739000.0)	(30.0, 853724.0)	(31.0, 968448.0)	(32.0, 1086927.5)	(33.0, 1205407.0)	(34.0, 1343973.5)	(35.0, 1482540.0)	(36.0, 1620148.0)	(37.0, 1757756.0)	(38.0, 1877502.5)	(39.0, 1997249.0)	(40.0, 2114538.0)	(41.0, 2231827.0)	(42.0, 2302259.5)	(43.0, 2372692.0)	(44.0, 2404878.0)	(45.0, 2437064.0)	(46.0, 2512515.5)	(47.0, 2587967.0)	(48.0, 2631963.0)	(49.0, 2675959.0)	(50.0, 2644275.0)	(51.0, 2612591.0)	(52.0, 2505978.5)	(53.0, 2399366.0)	(54.0, 2388479.5)	(55.0, 2377593.0)	(56.0, 2305958.5)	(57.0, 2234324.0)	(58.0, 2239530.0)	(59.0, 2244736.0)	(60.0, 2082338.0)	(61.0, 1919940.0)	(62.0, 1760412.0)	(63.0, 1600884.0)	(64.0, 1510270.5)	(65.0, 1419657.0)	(66.0, 1224001.0)	(67.0, 1028345.0)	(68.0, 869970.5)	(69.0, 711596.0)	(70.0, 618837.5)	(71.0, 526079.0)	(72.0, 441283.5)	(73.0, 356488.0)	(74.0, 293416.0)	(75.0, 189527.5)	(76.0, 148711.0)	(77.0, 129679.0)	(78.0, 110647.0)	(79.0, 91899.5)	(80.0, 73152.0)	(81.0, 62099.5)	(82.0, 51047.0)	(83.0, 42434.5)	(84.0, 33822.0)	(85.0, 27635.0)	(86.0, 21448.0)	(87.0, 17996.0)	(88.0, 14544.0)	(89.0, 11679.0)	(90.0, 8814.0)	(91.0, 7374.5)	(92.0, 5935.0)	(93.0, 4036.0)	(94.0, 2137.0)	(95.0, 1444.5)	(96.0, 752.0)	(97.0, 513.0)	(98.0, 274.0)	(99.0, 224.5)	(100.0, 175.0)
SRR21188793_2	(0.0, 440.0)	(1.0, 624.5)	(2.0, 809.0)	(3.0, 1091.5)	(4.0, 1374.0)	(5.0, 1807.0)	(6.0, 2240.0)	(7.0, 2974.0)	(8.0, 3708.0)	(9.0, 4727.0)	(10.0, 5746.0)	(11.0, 7664.0)	(12.0, 9582.0)	(13.0, 13498.5)	(14.0, 17415.0)	(15.0, 24296.0)	(16.0, 31177.0)	(17.0, 44142.5)	(18.0, 57108.0)	(19.0, 76101.5)	(20.0, 95095.0)	(21.0, 121974.5)	(22.0, 148854.0)	(23.0, 186611.5)	(24.0, 224369.0)	(25.0, 278726.0)	(26.0, 396789.5)	(27.0, 460496.0)	(28.0, 548812.5)	(29.0, 637129.0)	(30.0, 742858.0)	(31.0, 848587.0)	(32.0, 970906.0)	(33.0, 1093225.0)	(34.0, 1235149.0)	(35.0, 1377073.0)	(36.0, 1520042.5)	(37.0, 1663012.0)	(38.0, 1797946.0)	(39.0, 1932880.0)	(40.0, 2053189.0)	(41.0, 2173498.0)	(42.0, 2252285.5)	(43.0, 2331073.0)	(44.0, 2364651.0)	(45.0, 2398229.0)	(46.0, 2421031.0)	(47.0, 2443833.0)	(48.0, 2466934.0)	(49.0, 2490035.0)	(50.0, 2462230.0)	(51.0, 2434425.0)	(52.0, 2399359.0)	(53.0, 2364293.0)	(54.0, 2335218.5)	(55.0, 2306144.0)	(56.0, 2313283.0)	(57.0, 2320422.0)	(58.0, 2276926.0)	(59.0, 2233430.0)	(60.0, 2160753.0)	(61.0, 2088076.0)	(62.0, 1928583.0)	(63.0, 1769090.0)	(64.0, 1625866.0)	(65.0, 1482642.0)	(66.0, 1318486.5)	(67.0, 1154331.0)	(68.0, 1011418.0)	(69.0, 868505.0)	(70.0, 742103.5)	(71.0, 615702.0)	(72.0, 511421.0)	(73.0, 407140.0)	(74.0, 353279.0)	(75.0, 258572.5)	(76.0, 217727.0)	(77.0, 185556.5)	(78.0, 153386.0)	(79.0, 128908.5)	(80.0, 104431.0)	(81.0, 91391.5)	(82.0, 78352.0)	(83.0, 69671.5)	(84.0, 60991.0)	(85.0, 50675.0)	(86.0, 40359.0)	(87.0, 33780.0)	(88.0, 27201.0)	(89.0, 22004.5)	(90.0, 16808.0)	(91.0, 14289.0)	(92.0, 11770.0)	(93.0, 10540.0)	(94.0, 9310.0)	(95.0, 10713.5)	(96.0, 12117.0)	(97.0, 20391.5)	(98.0, 28666.0)	(99.0, 198634.0)	(100.0, 368602.0)
SRR21188794_1	(0.0, 179.0)	(1.0, 474.5)	(2.0, 770.0)	(3.0, 1021.5)	(4.0, 1273.0)	(5.0, 1702.5)	(6.0, 2132.0)	(7.0, 2906.0)	(8.0, 3680.0)	(9.0, 5039.0)	(10.0, 6398.0)	(11.0, 8771.0)	(12.0, 11144.0)	(13.0, 16117.5)	(14.0, 21091.0)	(15.0, 29988.0)	(16.0, 38885.0)	(17.0, 54536.0)	(18.0, 70187.0)	(19.0, 98475.0)	(20.0, 126763.0)	(21.0, 168364.5)	(22.0, 209966.0)	(23.0, 265655.5)	(24.0, 321345.0)	(25.0, 399726.0)	(26.0, 579401.0)	(27.0, 680695.0)	(28.0, 796795.5)	(29.0, 912896.0)	(30.0, 1053128.5)	(31.0, 1193361.0)	(32.0, 1343674.0)	(33.0, 1493987.0)	(34.0, 1650847.0)	(35.0, 1807707.0)	(36.0, 1956155.0)	(37.0, 2104603.0)	(38.0, 2225641.0)	(39.0, 2346679.0)	(40.0, 2459108.0)	(41.0, 2571537.0)	(42.0, 2620297.0)	(43.0, 2669057.0)	(44.0, 2680407.5)	(45.0, 2691758.0)	(46.0, 2735592.5)	(47.0, 2779427.0)	(48.0, 2788697.0)	(49.0, 2797967.0)	(50.0, 2699703.5)	(51.0, 2601440.0)	(52.0, 2557663.0)	(53.0, 2513886.0)	(54.0, 2456075.0)	(55.0, 2398264.0)	(56.0, 2301589.5)	(57.0, 2204915.0)	(58.0, 2154336.0)	(59.0, 2103757.0)	(60.0, 1950794.0)	(61.0, 1797831.0)	(62.0, 1652188.5)	(63.0, 1506546.0)	(64.0, 1413534.5)	(65.0, 1320523.0)	(66.0, 1150775.5)	(67.0, 981028.0)	(68.0, 828138.5)	(69.0, 675249.0)	(70.0, 584984.0)	(71.0, 494719.0)	(72.0, 413206.5)	(73.0, 331694.0)	(74.0, 274983.5)	(75.0, 179608.0)	(76.0, 140943.0)	(77.0, 124775.5)	(78.0, 108608.0)	(79.0, 89984.5)	(80.0, 71361.0)	(81.0, 60516.0)	(82.0, 49671.0)	(83.0, 41174.0)	(84.0, 32677.0)	(85.0, 26144.5)	(86.0, 19612.0)	(87.0, 16401.5)	(88.0, 13191.0)	(89.0, 10605.0)	(90.0, 8019.0)	(91.0, 6154.0)	(92.0, 4289.0)	(93.0, 3007.0)	(94.0, 1725.0)	(95.0, 1160.0)	(96.0, 595.0)	(97.0, 377.0)	(98.0, 159.0)	(99.0, 141.0)	(100.0, 123.0)
SRR21188794_2	(0.0, 526.0)	(1.0, 777.0)	(2.0, 1028.0)	(3.0, 1372.0)	(4.0, 1716.0)	(5.0, 2274.0)	(6.0, 2832.0)	(7.0, 3643.0)	(8.0, 4454.0)	(9.0, 5816.5)	(10.0, 7179.0)	(11.0, 9558.5)	(12.0, 11938.0)	(13.0, 16689.0)	(14.0, 21440.0)	(15.0, 30588.5)	(16.0, 39737.0)	(17.0, 55944.5)	(18.0, 72152.0)	(19.0, 97693.0)	(20.0, 123234.0)	(21.0, 157004.0)	(22.0, 190774.0)	(23.0, 243447.0)	(24.0, 296120.0)	(25.0, 369288.0)	(26.0, 526934.5)	(27.0, 611413.0)	(28.0, 727768.5)	(29.0, 844124.0)	(30.0, 979626.5)	(31.0, 1115129.0)	(32.0, 1270827.0)	(33.0, 1426525.0)	(34.0, 1589570.5)	(35.0, 1752616.0)	(36.0, 1899290.0)	(37.0, 2045964.0)	(38.0, 2177906.0)	(39.0, 2309848.0)	(40.0, 2414438.5)	(41.0, 2519029.0)	(42.0, 2572866.5)	(43.0, 2626704.0)	(44.0, 2636343.0)	(45.0, 2645982.0)	(46.0, 2633528.0)	(47.0, 2621074.0)	(48.0, 2623513.0)	(49.0, 2625952.0)	(50.0, 2579022.5)	(51.0, 2532093.0)	(52.0, 2480542.0)	(53.0, 2428991.0)	(54.0, 2375114.0)	(55.0, 2321237.0)	(56.0, 2300082.0)	(57.0, 2278927.0)	(58.0, 2204280.5)	(59.0, 2129634.0)	(60.0, 2025758.0)	(61.0, 1921882.0)	(62.0, 1764974.0)	(63.0, 1608066.0)	(64.0, 1478463.5)	(65.0, 1348861.0)	(66.0, 1189994.0)	(67.0, 1031127.0)	(68.0, 897004.0)	(69.0, 762881.0)	(70.0, 653417.0)	(71.0, 543953.0)	(72.0, 458737.5)	(73.0, 373522.0)	(74.0, 323035.5)	(75.0, 236667.5)	(76.0, 200786.0)	(77.0, 172243.5)	(78.0, 143701.0)	(79.0, 120085.0)	(80.0, 96469.0)	(81.0, 84758.0)	(82.0, 73047.0)	(83.0, 64453.0)	(84.0, 55859.0)	(85.0, 45876.0)	(86.0, 35893.0)	(87.0, 30044.5)	(88.0, 24196.0)	(89.0, 19304.5)	(90.0, 14413.0)	(91.0, 12106.5)	(92.0, 9800.0)	(93.0, 8549.5)	(94.0, 7299.0)	(95.0, 8209.5)	(96.0, 9120.0)	(97.0, 15169.0)	(98.0, 21218.0)	(99.0, 178220.0)	(100.0, 335222.0)
SRR21188795_1	(0.0, 184.0)	(1.0, 535.5)	(2.0, 887.0)	(3.0, 1244.5)	(4.0, 1602.0)	(5.0, 2240.5)	(6.0, 2879.0)	(7.0, 3962.5)	(8.0, 5046.0)	(9.0, 6785.5)	(10.0, 8525.0)	(11.0, 12218.5)	(12.0, 15912.0)	(13.0, 23866.5)	(14.0, 31821.0)	(15.0, 45935.5)	(16.0, 60050.0)	(17.0, 87014.5)	(18.0, 113979.0)	(19.0, 159997.0)	(20.0, 206015.0)	(21.0, 274290.0)	(22.0, 342565.0)	(23.0, 435581.5)	(24.0, 528598.0)	(25.0, 648350.5)	(26.0, 905587.5)	(27.0, 1043072.0)	(28.0, 1200242.5)	(29.0, 1357413.0)	(30.0, 1512391.5)	(31.0, 1667370.0)	(32.0, 1816253.5)	(33.0, 1965137.0)	(34.0, 2095987.0)	(35.0, 2226837.0)	(36.0, 2325212.0)	(37.0, 2423587.0)	(38.0, 2486392.0)	(39.0, 2549197.0)	(40.0, 2584157.0)	(41.0, 2619117.0)	(42.0, 2600927.5)	(43.0, 2582738.0)	(44.0, 2536889.0)	(45.0, 2491040.0)	(46.0, 2471566.5)	(47.0, 2452093.0)	(48.0, 2420437.5)	(49.0, 2388782.0)	(50.0, 2310651.5)	(51.0, 2232521.0)	(52.0, 2125806.5)	(53.0, 2019092.0)	(54.0, 1966184.0)	(55.0, 1913276.0)	(56.0, 1812811.5)	(57.0, 1712347.0)	(58.0, 1655784.0)	(59.0, 1599221.0)	(60.0, 1465647.5)	(61.0, 1332074.0)	(62.0, 1213554.5)	(63.0, 1095035.0)	(64.0, 1013584.5)	(65.0, 932134.0)	(66.0, 804038.0)	(67.0, 675942.0)	(68.0, 568076.5)	(69.0, 460211.0)	(70.0, 395108.5)	(71.0, 330006.0)	(72.0, 271727.0)	(73.0, 213448.0)	(74.0, 174208.5)	(75.0, 110738.0)	(76.0, 86507.0)	(77.0, 77263.5)	(78.0, 68020.0)	(79.0, 55866.0)	(80.0, 43712.0)	(81.0, 37046.5)	(82.0, 30381.0)	(83.0, 24900.0)	(84.0, 19419.0)	(85.0, 15542.0)	(86.0, 11665.0)	(87.0, 9666.5)	(88.0, 7668.0)	(89.0, 6013.5)	(90.0, 4359.0)	(91.0, 3463.5)	(92.0, 2568.0)	(93.0, 1824.0)	(94.0, 1080.0)	(95.0, 705.0)	(96.0, 330.0)	(97.0, 196.5)	(98.0, 63.0)	(99.0, 69.0)	(100.0, 75.0)
SRR21188795_2	(0.0, 553.0)	(1.0, 747.0)	(2.0, 941.0)	(3.0, 1341.0)	(4.0, 1741.0)	(5.0, 2335.5)	(6.0, 2930.0)	(7.0, 4061.0)	(8.0, 5192.0)	(9.0, 7284.5)	(10.0, 9377.0)	(11.0, 13725.5)	(12.0, 18074.0)	(13.0, 27007.0)	(14.0, 35940.0)	(15.0, 53100.5)	(16.0, 70261.0)	(17.0, 100848.0)	(18.0, 131435.0)	(19.0, 182674.0)	(20.0, 233913.0)	(21.0, 302503.5)	(22.0, 371094.0)	(23.0, 467309.0)	(24.0, 563524.0)	(25.0, 689440.0)	(26.0, 951726.0)	(27.0, 1088096.0)	(28.0, 1241609.0)	(29.0, 1395122.0)	(30.0, 1543530.5)	(31.0, 1691939.0)	(32.0, 1831455.5)	(33.0, 1970972.0)	(34.0, 2083236.5)	(35.0, 2195501.0)	(36.0, 2279014.0)	(37.0, 2362527.0)	(38.0, 2409503.5)	(39.0, 2456480.0)	(40.0, 2481091.5)	(41.0, 2505703.0)	(42.0, 2492400.5)	(43.0, 2479098.0)	(44.0, 2429759.0)	(45.0, 2380420.0)	(46.0, 2327977.5)	(47.0, 2275535.0)	(48.0, 2257609.5)	(49.0, 2239684.0)	(50.0, 2169819.5)	(51.0, 2099955.0)	(52.0, 2030714.0)	(53.0, 1961473.0)	(54.0, 1899484.0)	(55.0, 1837495.0)	(56.0, 1793003.0)	(57.0, 1748511.0)	(58.0, 1676435.0)	(59.0, 1604359.0)	(60.0, 1520083.0)	(61.0, 1435807.0)	(62.0, 1304062.5)	(63.0, 1172318.0)	(64.0, 1053804.5)	(65.0, 935291.0)	(66.0, 820197.0)	(67.0, 705103.0)	(68.0, 609091.0)	(69.0, 513079.0)	(70.0, 436678.0)	(71.0, 360277.0)	(72.0, 299859.0)	(73.0, 239441.0)	(74.0, 204736.0)	(75.0, 148270.5)	(76.0, 126510.0)	(77.0, 108562.5)	(78.0, 90615.0)	(79.0, 74587.0)	(80.0, 58559.0)	(81.0, 50984.5)	(82.0, 43410.0)	(83.0, 37493.5)	(84.0, 31577.0)	(85.0, 26351.5)	(86.0, 21126.0)	(87.0, 18194.0)	(88.0, 15262.0)	(89.0, 12516.5)	(90.0, 9771.0)	(91.0, 8446.0)	(92.0, 7121.0)	(93.0, 6663.5)	(94.0, 6206.0)	(95.0, 7633.0)	(96.0, 9060.0)	(97.0, 15793.5)	(98.0, 22527.0)	(99.0, 137453.5)	(100.0, 252380.0)
SRR21188796_1	(0.0, 139.0)	(1.0, 283.0)	(2.0, 427.0)	(3.0, 627.0)	(4.0, 827.0)	(5.0, 1230.5)	(6.0, 1634.0)	(7.0, 2232.0)	(8.0, 2830.0)	(9.0, 3840.5)	(10.0, 4851.0)	(11.0, 6857.0)	(12.0, 8863.0)	(13.0, 12540.0)	(14.0, 16217.0)	(15.0, 23530.0)	(16.0, 30843.0)	(17.0, 42742.5)	(18.0, 54642.0)	(19.0, 77661.0)	(20.0, 100680.0)	(21.0, 136297.5)	(22.0, 171915.0)	(23.0, 216242.0)	(24.0, 260569.0)	(25.0, 323792.0)	(26.0, 460876.5)	(27.0, 534738.0)	(28.0, 623731.5)	(29.0, 712725.0)	(30.0, 818830.0)	(31.0, 924935.0)	(32.0, 1027532.5)	(33.0, 1130130.0)	(34.0, 1257660.0)	(35.0, 1385190.0)	(36.0, 1505880.0)	(37.0, 1626570.0)	(38.0, 1739133.0)	(39.0, 1851696.0)	(40.0, 1976159.5)	(41.0, 2100623.0)	(42.0, 2178985.5)	(43.0, 2257348.0)	(44.0, 2308293.5)	(45.0, 2359239.0)	(46.0, 2432898.0)	(47.0, 2506557.0)	(48.0, 2554155.0)	(49.0, 2601753.0)	(50.0, 2491256.0)	(51.0, 2380759.0)	(52.0, 2391891.5)	(53.0, 2403024.0)	(54.0, 2465851.0)	(55.0, 2528678.0)	(56.0, 2371757.0)	(57.0, 2214836.0)	(58.0, 2152971.0)	(59.0, 2091106.0)	(60.0, 1923883.5)	(61.0, 1756661.0)	(62.0, 1619325.5)	(63.0, 1481990.0)	(64.0, 1406921.0)	(65.0, 1331852.0)	(66.0, 1131456.0)	(67.0, 931060.0)	(68.0, 787536.5)	(69.0, 644013.0)	(70.0, 558314.5)	(71.0, 472616.0)	(72.0, 396745.5)	(73.0, 320875.0)	(74.0, 274585.0)	(75.0, 196757.0)	(76.0, 165219.0)	(77.0, 159561.5)	(78.0, 153904.0)	(79.0, 126141.0)	(80.0, 98378.0)	(81.0, 88725.0)	(82.0, 79072.0)	(83.0, 66289.5)	(84.0, 53507.0)	(85.0, 41997.0)	(86.0, 30487.0)	(87.0, 26273.0)	(88.0, 22059.0)	(89.0, 17655.5)	(90.0, 13252.0)	(91.0, 9552.5)	(92.0, 5853.0)	(93.0, 4203.5)	(94.0, 2554.0)	(95.0, 1711.5)	(96.0, 869.0)	(97.0, 625.5)	(98.0, 382.0)	(99.0, 337.5)	(100.0, 293.0)
SRR21188796_2	(0.0, 473.0)	(1.0, 667.0)	(2.0, 861.0)	(3.0, 1240.5)	(4.0, 1620.0)	(5.0, 2089.0)	(6.0, 2558.0)	(7.0, 3299.5)	(8.0, 4041.0)	(9.0, 5314.0)	(10.0, 6587.0)	(11.0, 8750.0)	(12.0, 10913.0)	(13.0, 15305.0)	(14.0, 19697.0)	(15.0, 27550.0)	(16.0, 35403.0)	(17.0, 49183.5)	(18.0, 62964.0)	(19.0, 83737.0)	(20.0, 104510.0)	(21.0, 132574.0)	(22.0, 160638.0)	(23.0, 201332.5)	(24.0, 242027.0)	(25.0, 296173.0)	(26.0, 412979.0)	(27.0, 475639.0)	(28.0, 554000.0)	(29.0, 632361.0)	(30.0, 724000.0)	(31.0, 815639.0)	(32.0, 926605.5)	(33.0, 1037572.0)	(34.0, 1161775.5)	(35.0, 1285979.0)	(36.0, 1414773.0)	(37.0, 1543567.0)	(38.0, 1678114.0)	(39.0, 1812661.0)	(40.0, 1934752.0)	(41.0, 2056843.0)	(42.0, 2147262.0)	(43.0, 2237681.0)	(44.0, 2284614.5)	(45.0, 2331548.0)	(46.0, 2363211.5)	(47.0, 2394875.0)	(48.0, 2393773.0)	(49.0, 2392671.0)	(50.0, 2367799.5)	(51.0, 2342928.0)	(52.0, 2298833.5)	(53.0, 2254739.0)	(54.0, 2221851.5)	(55.0, 2188964.0)	(56.0, 2185193.5)	(57.0, 2181423.0)	(58.0, 2110940.0)	(59.0, 2040457.0)	(60.0, 1962922.5)	(61.0, 1885388.0)	(62.0, 1747761.0)	(63.0, 1610134.0)	(64.0, 1480637.0)	(65.0, 1351140.0)	(66.0, 1171613.5)	(67.0, 992087.0)	(68.0, 880797.0)	(69.0, 769507.0)	(70.0, 663746.0)	(71.0, 557985.0)	(72.0, 458022.5)	(73.0, 358060.0)	(74.0, 316818.5)	(75.0, 256187.0)	(76.0, 236797.0)	(77.0, 211072.0)	(78.0, 185347.0)	(79.0, 155656.5)	(80.0, 125966.0)	(81.0, 116952.5)	(82.0, 107939.0)	(83.0, 97321.0)	(84.0, 86703.0)	(85.0, 75505.0)	(86.0, 64307.0)	(87.0, 55372.0)	(88.0, 46437.0)	(89.0, 38915.5)	(90.0, 31394.0)	(91.0, 25757.0)	(92.0, 20120.0)	(93.0, 18172.0)	(94.0, 16224.0)	(95.0, 18828.5)	(96.0, 21433.0)	(97.0, 34638.0)	(98.0, 47843.0)	(99.0, 336923.5)	(100.0, 626004.0)
SRR21188797_1	(0.0, 106.0)	(1.0, 272.5)	(2.0, 439.0)	(3.0, 588.5)	(4.0, 738.0)	(5.0, 1090.5)	(6.0, 1443.0)	(7.0, 1977.5)	(8.0, 2512.0)	(9.0, 3371.0)	(10.0, 4230.0)	(11.0, 6184.0)	(12.0, 8138.0)	(13.0, 11635.0)	(14.0, 15132.0)	(15.0, 22178.5)	(16.0, 29225.0)	(17.0, 41186.5)	(18.0, 53148.0)	(19.0, 76637.5)	(20.0, 100127.0)	(21.0, 137355.5)	(22.0, 174584.0)	(23.0, 217726.5)	(24.0, 260869.0)	(25.0, 322902.5)	(26.0, 454417.5)	(27.0, 523899.0)	(28.0, 612863.5)	(29.0, 701828.0)	(30.0, 811339.5)	(31.0, 920851.0)	(32.0, 1023606.0)	(33.0, 1126361.0)	(34.0, 1256844.0)	(35.0, 1387327.0)	(36.0, 1516398.5)	(37.0, 1645470.0)	(38.0, 1766309.5)	(39.0, 1887149.0)	(40.0, 2033159.5)	(41.0, 2179170.0)	(42.0, 2272689.5)	(43.0, 2366209.0)	(44.0, 2433840.5)	(45.0, 2501472.0)	(46.0, 2591026.5)	(47.0, 2680581.0)	(48.0, 2739810.5)	(49.0, 2799040.0)	(50.0, 2835657.5)	(51.0, 2872275.0)	(52.0, 2726709.0)	(53.0, 2581143.0)	(54.0, 2529940.0)	(55.0, 2478737.0)	(56.0, 2395200.0)	(57.0, 2311663.0)	(58.0, 2277856.0)	(59.0, 2244049.0)	(60.0, 2079146.5)	(61.0, 1914244.0)	(62.0, 1762809.5)	(63.0, 1611375.0)	(64.0, 1523355.5)	(65.0, 1435336.0)	(66.0, 1235543.0)	(67.0, 1035750.0)	(68.0, 879278.0)	(69.0, 722806.0)	(70.0, 630574.0)	(71.0, 538342.0)	(72.0, 458008.5)	(73.0, 377675.0)	(74.0, 323893.0)	(75.0, 236730.0)	(76.0, 203349.0)	(77.0, 197444.5)	(78.0, 191540.0)	(79.0, 158861.5)	(80.0, 126183.0)	(81.0, 114998.0)	(82.0, 103813.0)	(83.0, 86174.5)	(84.0, 68536.0)	(85.0, 53883.5)	(86.0, 39231.0)	(87.0, 33710.0)	(88.0, 28189.0)	(89.0, 23085.0)	(90.0, 17981.0)	(91.0, 13395.5)	(92.0, 8810.0)	(93.0, 6241.5)	(94.0, 3673.0)	(95.0, 2517.0)	(96.0, 1361.0)	(97.0, 942.5)	(98.0, 524.0)	(99.0, 477.5)	(100.0, 431.0)
SRR21188797_2	(0.0, 401.0)	(1.0, 584.0)	(2.0, 767.0)	(3.0, 1055.5)	(4.0, 1344.0)	(5.0, 1712.5)	(6.0, 2081.0)	(7.0, 2764.0)	(8.0, 3447.0)	(9.0, 4432.0)	(10.0, 5417.0)	(11.0, 7311.0)	(12.0, 9205.0)	(13.0, 12791.5)	(14.0, 16378.0)	(15.0, 22858.5)	(16.0, 29339.0)	(17.0, 41542.0)	(18.0, 53745.0)	(19.0, 71120.0)	(20.0, 88495.0)	(21.0, 112223.5)	(22.0, 135952.0)	(23.0, 169768.0)	(24.0, 203584.0)	(25.0, 251389.5)	(26.0, 356875.5)	(27.0, 414556.0)	(28.0, 488899.0)	(29.0, 563242.0)	(30.0, 650234.0)	(31.0, 737226.0)	(32.0, 848359.5)	(33.0, 959493.0)	(34.0, 1089899.0)	(35.0, 1220305.0)	(36.0, 1363825.0)	(37.0, 1507345.0)	(38.0, 1655615.0)	(39.0, 1803885.0)	(40.0, 1949622.0)	(41.0, 2095359.0)	(42.0, 2216253.0)	(43.0, 2337147.0)	(44.0, 2399733.5)	(45.0, 2462320.0)	(46.0, 2520731.0)	(47.0, 2579142.0)	(48.0, 2597211.0)	(49.0, 2615280.0)	(50.0, 2601811.5)	(51.0, 2588343.0)	(52.0, 2540355.5)	(53.0, 2492368.0)	(54.0, 2460295.5)	(55.0, 2428223.0)	(56.0, 2413597.5)	(57.0, 2398972.0)	(58.0, 2326210.0)	(59.0, 2253448.0)	(60.0, 2163818.5)	(61.0, 2074189.0)	(62.0, 1930905.0)	(63.0, 1787621.0)	(64.0, 1646726.5)	(65.0, 1505832.0)	(66.0, 1324629.5)	(67.0, 1143427.0)	(68.0, 1011718.5)	(69.0, 880010.0)	(70.0, 762069.0)	(71.0, 644128.0)	(72.0, 536760.5)	(73.0, 429393.0)	(74.0, 382826.5)	(75.0, 314161.0)	(76.0, 292062.0)	(77.0, 264998.0)	(78.0, 237934.0)	(79.0, 199556.0)	(80.0, 161178.0)	(81.0, 149800.0)	(82.0, 138422.0)	(83.0, 127070.0)	(84.0, 115718.0)	(85.0, 97043.0)	(86.0, 78368.0)	(87.0, 67734.0)	(88.0, 57100.0)	(89.0, 45109.0)	(90.0, 33118.0)	(91.0, 26379.5)	(92.0, 19641.0)	(93.0, 16448.0)	(94.0, 13255.0)	(95.0, 14843.5)	(96.0, 16432.0)	(97.0, 27493.5)	(98.0, 38555.0)	(99.0, 336009.5)	(100.0, 633464.0)
SRR21188798_1	(0.0, 134.0)	(1.0, 351.5)	(2.0, 569.0)	(3.0, 809.0)	(4.0, 1049.0)	(5.0, 1454.0)	(6.0, 1859.0)	(7.0, 2560.5)	(8.0, 3262.0)	(9.0, 4445.0)	(10.0, 5628.0)	(11.0, 7999.0)	(12.0, 10370.0)	(13.0, 14965.5)	(14.0, 19561.0)	(15.0, 27745.5)	(16.0, 35930.0)	(17.0, 50573.0)	(18.0, 65216.0)	(19.0, 93188.5)	(20.0, 121161.0)	(21.0, 161820.0)	(22.0, 202479.0)	(23.0, 253087.0)	(24.0, 303695.0)	(25.0, 377828.5)	(26.0, 539872.0)	(27.0, 627782.0)	(28.0, 732635.5)	(29.0, 837489.0)	(30.0, 967375.5)	(31.0, 1097262.0)	(32.0, 1228523.5)	(33.0, 1359785.0)	(34.0, 1512441.0)	(35.0, 1665097.0)	(36.0, 1807709.5)	(37.0, 1950322.0)	(38.0, 2068479.5)	(39.0, 2186637.0)	(40.0, 2306374.5)	(41.0, 2426112.0)	(42.0, 2485643.0)	(43.0, 2545174.0)	(44.0, 2576568.0)	(45.0, 2607962.0)	(46.0, 2651346.0)	(47.0, 2694730.0)	(48.0, 2712875.5)	(49.0, 2731021.0)	(50.0, 2720509.5)	(51.0, 2709998.0)	(52.0, 2546229.0)	(53.0, 2382460.0)	(54.0, 2344127.0)	(55.0, 2305794.0)	(56.0, 2228031.5)	(57.0, 2150269.0)	(58.0, 2105508.0)	(59.0, 2060747.0)	(60.0, 1902475.0)	(61.0, 1744203.0)	(62.0, 1602688.5)	(63.0, 1461174.0)	(64.0, 1367419.5)	(65.0, 1273665.0)	(66.0, 1098223.0)	(67.0, 922781.0)	(68.0, 784462.0)	(69.0, 646143.0)	(70.0, 562867.5)	(71.0, 479592.0)	(72.0, 405945.5)	(73.0, 332299.0)	(74.0, 284203.0)	(75.0, 204197.0)	(76.0, 172287.0)	(77.0, 164296.5)	(78.0, 156306.0)	(79.0, 128171.0)	(80.0, 100036.0)	(81.0, 88653.5)	(82.0, 77271.0)	(83.0, 64011.5)	(84.0, 50752.0)	(85.0, 39526.5)	(86.0, 28301.0)	(87.0, 24623.5)	(88.0, 20946.0)	(89.0, 17236.0)	(90.0, 13526.0)	(91.0, 11192.0)	(92.0, 8858.0)	(93.0, 5841.5)	(94.0, 2825.0)	(95.0, 1952.5)	(96.0, 1080.0)	(97.0, 731.0)	(98.0, 382.0)	(99.0, 367.5)	(100.0, 353.0)
SRR21188798_2	(0.0, 550.0)	(1.0, 751.0)	(2.0, 952.0)	(3.0, 1293.5)	(4.0, 1635.0)	(5.0, 2167.5)	(6.0, 2700.0)	(7.0, 3459.5)	(8.0, 4219.0)	(9.0, 5486.0)	(10.0, 6753.0)	(11.0, 9122.0)	(12.0, 11491.0)	(13.0, 16171.0)	(14.0, 20851.0)	(15.0, 29334.0)	(16.0, 37817.0)	(17.0, 52990.5)	(18.0, 68164.0)	(19.0, 92090.5)	(20.0, 116017.0)	(21.0, 147098.0)	(22.0, 178179.0)	(23.0, 224434.5)	(24.0, 270690.0)	(25.0, 337780.0)	(26.0, 483426.5)	(27.0, 561983.0)	(28.0, 663502.5)	(29.0, 765022.0)	(30.0, 885496.0)	(31.0, 1005970.0)	(32.0, 1150162.0)	(33.0, 1294354.0)	(34.0, 1446899.0)	(35.0, 1599444.0)	(36.0, 1746134.0)	(37.0, 1892824.0)	(38.0, 2026036.0)	(39.0, 2159248.0)	(40.0, 2271177.5)	(41.0, 2383107.0)	(42.0, 2444134.0)	(43.0, 2505161.0)	(44.0, 2521132.0)	(45.0, 2537103.0)	(46.0, 2538098.5)	(47.0, 2539094.0)	(48.0, 2523646.5)	(49.0, 2508199.0)	(50.0, 2469651.5)	(51.0, 2431104.0)	(52.0, 2379117.0)	(53.0, 2327130.0)	(54.0, 2282998.0)	(55.0, 2238866.0)	(56.0, 2218902.0)	(57.0, 2198938.0)	(58.0, 2126198.5)	(59.0, 2053459.0)	(60.0, 1963443.5)	(61.0, 1873428.0)	(62.0, 1725935.5)	(63.0, 1578443.0)	(64.0, 1445116.0)	(65.0, 1311789.0)	(66.0, 1158442.0)	(67.0, 1005095.0)	(68.0, 886003.0)	(69.0, 766911.0)	(70.0, 660585.0)	(71.0, 554259.0)	(72.0, 464824.0)	(73.0, 375389.0)	(74.0, 332907.0)	(75.0, 267958.5)	(76.0, 245492.0)	(77.0, 219460.0)	(78.0, 193428.0)	(79.0, 163495.0)	(80.0, 133562.0)	(81.0, 120929.0)	(82.0, 108296.0)	(83.0, 98436.0)	(84.0, 88576.0)	(85.0, 74108.0)	(86.0, 59640.0)	(87.0, 50503.0)	(88.0, 41366.0)	(89.0, 33225.0)	(90.0, 25084.0)	(91.0, 20745.0)	(92.0, 16406.0)	(93.0, 14647.0)	(94.0, 12888.0)	(95.0, 14471.0)	(96.0, 16054.0)	(97.0, 24938.0)	(98.0, 33822.0)	(99.0, 233989.0)	(100.0, 434156.0)
SRR21188799_1	(0.0, 201.0)	(1.0, 456.5)	(2.0, 712.0)	(3.0, 890.5)	(4.0, 1069.0)	(5.0, 1416.5)	(6.0, 1764.0)	(7.0, 2524.5)	(8.0, 3285.0)	(9.0, 4584.5)	(10.0, 5884.0)	(11.0, 8575.0)	(12.0, 11266.0)	(13.0, 16562.5)	(14.0, 21859.0)	(15.0, 32012.0)	(16.0, 42165.0)	(17.0, 58761.0)	(18.0, 75357.0)	(19.0, 108101.0)	(20.0, 140845.0)	(21.0, 188966.0)	(22.0, 237087.0)	(23.0, 293206.5)	(24.0, 349326.0)	(25.0, 428505.5)	(26.0, 596125.0)	(27.0, 684565.0)	(28.0, 793696.5)	(29.0, 902828.0)	(30.0, 1041902.5)	(31.0, 1180977.0)	(32.0, 1322043.5)	(33.0, 1463110.0)	(34.0, 1617203.5)	(35.0, 1771297.0)	(36.0, 1924439.5)	(37.0, 2077582.0)	(38.0, 2231105.5)	(39.0, 2384629.0)	(40.0, 2547014.5)	(41.0, 2709400.0)	(42.0, 2814135.5)	(43.0, 2918871.0)	(44.0, 2961239.0)	(45.0, 3003607.0)	(46.0, 3117431.0)	(47.0, 3231255.0)	(48.0, 3304733.0)	(49.0, 3378211.0)	(50.0, 3286330.0)	(51.0, 3194449.0)	(52.0, 3091008.5)	(53.0, 2987568.0)	(54.0, 2976695.5)	(55.0, 2965823.0)	(56.0, 2891123.0)	(57.0, 2816423.0)	(58.0, 2916304.5)	(59.0, 3016186.0)	(60.0, 2751267.5)	(61.0, 2486349.0)	(62.0, 2266354.5)	(63.0, 2046360.0)	(64.0, 1942539.5)	(65.0, 1838719.0)	(66.0, 1545269.5)	(67.0, 1251820.0)	(68.0, 1068540.5)	(69.0, 885261.0)	(70.0, 781694.5)	(71.0, 678128.0)	(72.0, 586312.0)	(73.0, 494496.0)	(74.0, 417886.5)	(75.0, 305437.5)	(76.0, 269598.0)	(77.0, 265266.5)	(78.0, 260935.0)	(79.0, 213032.5)	(80.0, 165130.0)	(81.0, 150309.0)	(82.0, 135488.0)	(83.0, 113279.5)	(84.0, 91071.0)	(85.0, 72904.0)	(86.0, 54737.0)	(87.0, 47665.5)	(88.0, 40594.0)	(89.0, 33998.0)	(90.0, 27402.0)	(91.0, 21231.0)	(92.0, 15060.0)	(93.0, 10675.0)	(94.0, 6290.0)	(95.0, 4117.0)	(96.0, 1944.0)	(97.0, 1281.5)	(98.0, 619.0)	(99.0, 746.5)	(100.0, 874.0)
SRR21188799_2	(0.0, 536.0)	(1.0, 729.0)	(2.0, 922.0)	(3.0, 1282.0)	(4.0, 1642.0)	(5.0, 2200.5)	(6.0, 2759.0)	(7.0, 3563.5)	(8.0, 4368.0)	(9.0, 5628.0)	(10.0, 6888.0)	(11.0, 9061.5)	(12.0, 11235.0)	(13.0, 15487.0)	(14.0, 19739.0)	(15.0, 27536.0)	(16.0, 35333.0)	(17.0, 49698.0)	(18.0, 64063.0)	(19.0, 85196.5)	(20.0, 106330.0)	(21.0, 135274.5)	(22.0, 164219.0)	(23.0, 205258.0)	(24.0, 246297.0)	(25.0, 307054.0)	(26.0, 441117.0)	(27.0, 514423.0)	(28.0, 610295.5)	(29.0, 706168.0)	(30.0, 819974.0)	(31.0, 933780.0)	(32.0, 1077509.5)	(33.0, 1221239.0)	(34.0, 1385449.5)	(35.0, 1549660.0)	(36.0, 1729792.0)	(37.0, 1909924.0)	(38.0, 2082876.0)	(39.0, 2255828.0)	(40.0, 2424901.5)	(41.0, 2593975.0)	(42.0, 2708646.0)	(43.0, 2823317.0)	(44.0, 2877388.5)	(45.0, 2931460.0)	(46.0, 2982693.5)	(47.0, 3033927.0)	(48.0, 3064796.0)	(49.0, 3095665.0)	(50.0, 3068721.5)	(51.0, 3041778.0)	(52.0, 2991417.5)	(53.0, 2941057.0)	(54.0, 2920235.0)	(55.0, 2899413.0)	(56.0, 2910013.0)	(57.0, 2920613.0)	(58.0, 2868463.0)	(59.0, 2816313.0)	(60.0, 2776591.0)	(61.0, 2736869.0)	(62.0, 2545811.5)	(63.0, 2354754.0)	(64.0, 2173750.5)	(65.0, 1992747.0)	(66.0, 1822147.5)	(67.0, 1651548.0)	(68.0, 1440375.0)	(69.0, 1229202.0)	(70.0, 1032148.0)	(71.0, 835094.0)	(72.0, 698609.0)	(73.0, 562124.0)	(74.0, 504760.5)	(75.0, 417100.0)	(76.0, 386803.0)	(77.0, 350200.0)	(78.0, 313597.0)	(79.0, 268386.0)	(80.0, 223175.0)	(81.0, 202137.0)	(82.0, 181099.0)	(83.0, 167348.5)	(84.0, 153598.0)	(85.0, 127044.0)	(86.0, 100490.0)	(87.0, 88774.5)	(88.0, 77059.0)	(89.0, 60596.0)	(90.0, 44133.0)	(91.0, 35161.0)	(92.0, 26189.0)	(93.0, 22268.5)	(94.0, 18348.0)	(95.0, 20104.5)	(96.0, 21861.0)	(97.0, 29710.0)	(98.0, 37559.0)	(99.0, 300334.5)	(100.0, 563110.0)
