Sample	0	1	2	3	4	5	6	7	8	9	10	11	12	13	14	15	16	17	18	19	20	21	22	23	24	25	26	27	28	29	30	31	32	33	34	35	36	37	38	39
SRR21188779_1 - polya	(1, 0.00022324401374794516)	(2, 0.0012815860048493147)	(3, 0.0026396537551493142)	(4, 0.007240960927398629)	(5, 0.011170468984202736)	(6, 0.017208392726404106)	(7, 0.02435426824053972)	(8, 0.030995777649541086)	(9, 0.04532680308763835)	(10, 0.05702437599319039)	(11, 0.06394907456777943)	(12, 0.06918704059405066)	(13, 0.07451182373677943)	(14, 0.08290621206854244)	(15, 0.0897130874136534)	(16, 0.09612928573470546)	(17, 0.0991926897011356)	(18, 0.1023883864164534)	(19, 0.10592515037499724)	(20, 0.10917459101955065)	(21, 0.11299454414368217)	(22, 0.11643622268896299)	(23, 0.12019209651285202)	(24, 0.1241030009018438)	(25, 0.12761909411837394)	(26, 0.13189380356680683)	(27, 0.13654678759409036)	(28, 0.1409971983496397)	(29, 0.14595197521032324)	(30, 0.151785258606589)	(31, 0.15726713938862188)	(32, 0.16215990402326433)	(33, 0.1674309432367575)	(34, 0.17466777001575337)	(35, 0.17952539438897255)	(36, 0.18333501214209721)	(37, 0.1873285994991438)	(38, 0.190621448701926)	(39, 0.19359596847769722)	(40, 0.19677306152520269)
SRR21188779_2 - polya	(1, 0.0018355618908164379)	(2, 0.004192026480378081)	(3, 0.006093734745638355)	(4, 0.00886568124967534)	(5, 0.011774054651002737)	(6, 0.014661757310316435)	(7, 0.017218728097410953)	(8, 0.021536846104072596)	(9, 0.026340726548056158)	(10, 0.032723851681886296)	(11, 0.036492127950983555)	(12, 0.04063454465052876)	(13, 0.044911321173163)	(14, 0.049221170883019166)	(15, 0.05380387438745615)	(16, 0.05923201124025341)	(17, 0.06400901971961916)	(18, 0.06864753422749313)	(19, 0.07272173747839313)	(20, 0.0778749534624082)	(21, 0.0821682665786534)	(22, 0.08708170195530957)	(23, 0.09127579550988901)	(24, 0.09546162076766299)	(25, 0.099932702265226)	(26, 0.1046518326669534)	(27, 0.10899475556403147)	(28, 0.11284571480118354)	(29, 0.116380411685526)	(30, 0.11997091957330545)	(31, 0.12321002484685202)	(32, 0.12638091667175338)	(33, 0.12986600377526297)	(34, 0.13307617000999036)	(35, 0.13650131196166024)	(36, 0.1402964601953753)	(37, 0.14329165071316025)	(38, 0.1462496338953205)	(39, 0.14923655611629996)	(40, 0.1526430944001575)
SRR21188779_2 - polyg	(1, 1.2573144195768298)	(2, 1.3188326148837983)	(3, 1.3200253166979887)	(4, 1.321457799119538)	(5, 1.322346641026127)	(6, 1.32340705009143)	(7, 1.3246183555734325)	(8, 1.3266544236617819)	(9, 1.3293808945333887)	(10, 1.3315657919642367)	(11, 1.3336432015366133)	(12, 1.3366094530155792)	(13, 1.3389927895697586)	(14, 1.3404004671008913)	(15, 1.3417481994801845)	(16, 1.3452064146190763)	(17, 1.3460642504126448)	(18, 1.3469014154641996)	(19, 1.3478853427840518)	(20, 1.3487741846906407)	(21, 1.349423245989871)	(22, 1.350043368250282)	(23, 1.3507213685883313)	(24, 1.3513848994069708)	(25, 1.3523088815749833)	(26, 1.3531026380683093)	(27, 1.3537620347385462)	(28, 1.354251931324271)	(29, 1.354795571839231)	(30, 1.355258596460338)	(31, 1.3556017307777655)	(32, 1.3560234139148448)	(33, 1.3564554324229312)	(34, 1.3567985667403586)	(35, 1.3572305852484448)	(36, 1.3576047256788928)	(37, 1.3579375246253134)	(38, 1.3584253541368367)	(39, 1.3588036287156873)	(40, 1.3593017935982175)
SRR21188780_1 - polya	(1, 0.00026968117851378526)	(2, 0.0022747021144206236)	(3, 0.004572854766103316)	(4, 0.011097966759273815)	(5, 0.016303986031452975)	(6, 0.024549781196227735)	(7, 0.03378343024316712)	(8, 0.0433424554946177)	(9, 0.06279174483634559)	(10, 0.08060242788688646)	(11, 0.09091773296503873)	(12, 0.09841017962026956)	(13, 0.10593193944707796)	(14, 0.11656089546111041)	(15, 0.12490635540924895)	(16, 0.1325307113365789)	(17, 0.13723254405762358)	(18, 0.14190213228993295)	(19, 0.14666845398844833)	(20, 0.150933520452987)	(21, 0.15606039416190667)	(22, 0.16134262768018756)	(23, 0.16684470998530032)	(24, 0.1723379983389398)	(25, 0.1773798638502845)	(26, 0.1844414068833248)	(27, 0.19136810932710824)	(28, 0.19770854833933996)	(29, 0.2044857536080777)	(30, 0.21340282040197914)	(31, 0.2208776791542634)	(32, 0.22746141749058907)	(33, 0.23373150489103459)	(34, 0.2431762087733326)	(35, 0.25012049912006257)	(36, 0.25517995253435377)	(37, 0.26046218605263466)	(38, 0.2651552248222061)	(39, 0.26975153012557146)	(40, 0.27386709941506443)
SRR21188780_2 - polya	(1, 0.0021105483535861455)	(2, 0.006003337539089481)	(3, 0.008492025806026477)	(4, 0.012144446984593613)	(5, 0.015703066014112473)	(6, 0.019188402114687374)	(7, 0.022295598301911423)	(8, 0.027832856412917294)	(9, 0.03486508627438002)	(10, 0.043691282236390974)	(11, 0.048750735650682206)	(12, 0.053848296188024294)	(13, 0.05944124932502758)	(14, 0.06512214197676362)	(15, 0.07090856204617897)	(16, 0.07817822859742014)	(17, 0.08377118173442342)	(18, 0.0901849036755991)	(19, 0.09544368665661791)	(20, 0.10278077350248753)	(21, 0.10870496547831753)	(22, 0.115388368598007)	(23, 0.12135946164836113)	(24, 0.12709018669177907)	(25, 0.13309059291371078)	(26, 0.13992935584276145)	(27, 0.14622289378046902)	(28, 0.15156668495906284)	(29, 0.1560779820648532)	(30, 0.16080619664031773)	(31, 0.16509471364211847)	(32, 0.16938029932676146)	(33, 0.17422283527137855)	(34, 0.17847324515012844)	(35, 0.18294057249855245)	(36, 0.18753101516760232)	(37, 0.19150588123352288)	(38, 0.19539280778471071)	(39, 0.1991624816495882)	(40, 0.20349203709159752)
SRR21188780_2 - polyg	(1, 1.4930634629871522)	(2, 1.56738700952212)	(3, 1.5685302232136458)	(4, 1.5704355793661888)	(5, 1.5717869165759155)	(6, 1.5733932783783673)	(7, 1.5751755192102843)	(8, 1.5779045754841576)	(9, 1.5815863098343024)	(10, 1.5848342092450989)	(11, 1.5878388093318012)	(12, 1.5918312633006684)	(13, 1.5950850253457804)	(14, 1.5971281534047381)	(15, 1.599350091810319)	(16, 1.605347566715093)	(17, 1.6066871786561887)	(18, 1.6078215983962412)	(19, 1.609246218534912)	(20, 1.6103952948607532)	(21, 1.6114095305973377)	(22, 1.6125146371658126)	(23, 1.613370581775878)	(24, 1.6142470456060478)	(25, 1.6154928553980954)	(26, 1.6168178107534021)	(27, 1.61781445858704)	(28, 1.6186352273912124)	(29, 1.6197051581537942)	(30, 1.6205435148609133)	(31, 1.6212089238557243)	(32, 1.62186847021622)	(33, 1.6226863077032347)	(34, 1.623301884306364)	(35, 1.6239731559354906)	(36, 1.6246766720533528)	(37, 1.6253039739251132)	(38, 1.6261247427292855)	(39, 1.6267080748436795)	(40, 1.627552294185114)
SRR21188781_1 - polya	(1, 0.0005577615607941866)	(2, 0.005525176486841559)	(3, 0.010530728955507336)	(4, 0.022892059956698158)	(5, 0.031227496615233503)	(6, 0.04102884506816382)	(7, 0.051526203673880056)	(8, 0.06388753467507088)	(9, 0.08864833422007093)	(10, 0.11400980006131087)	(11, 0.12528421109787713)	(12, 0.13431089071637106)	(13, 0.14430769407522073)	(14, 0.15650455692386966)	(15, 0.16563849838097788)	(16, 0.17354012049222886)	(17, 0.17965881248606938)	(18, 0.18545571896406707)	(19, 0.1916506860431444)	(20, 0.19719969849412244)	(21, 0.20384754889179332)	(22, 0.2110960655857041)	(23, 0.21802518036018573)	(24, 0.22497336390597655)	(25, 0.23193346543383564)	(26, 0.24184922651462118)	(27, 0.25080201464429197)	(28, 0.2606128974828769)	(29, 0.26999473296700477)	(30, 0.281705342147269)	(31, 0.29139704516517145)	(32, 0.30021396829926417)	(33, 0.30878299740633725)	(34, 0.322126370129952)	(35, 0.33119595448389166)	(36, 0.3382966882001561)	(37, 0.34504464964720033)	(38, 0.350889228053471)	(39, 0.35730825319543147)	(40, 0.363174283969425)
SRR21188781_2 - polya	(1, 0.002843630521484892)	(2, 0.008325902272880744)	(3, 0.010928789556586948)	(4, 0.015147755208748104)	(5, 0.019083072887684866)	(6, 0.022477314180722994)	(7, 0.0257476084602513)	(8, 0.03204983737794288)	(9, 0.041217149184842206)	(10, 0.05317803598853976)	(11, 0.058424331694984226)	(12, 0.06448820097131078)	(13, 0.07063072892928778)	(14, 0.07712364556007138)	(15, 0.08415287138392633)	(16, 0.0939756722045795)	(17, 0.10111931065628967)	(18, 0.10955724196061198)	(19, 0.1158237169320988)	(20, 0.12535571899028664)	(21, 0.13261138647343837)	(22, 0.1412876774191257)	(23, 0.14919406672320398)	(24, 0.15639491148884174)	(25, 0.1639437613308725)	(26, 0.17370458864477073)	(27, 0.18193037986827817)	(28, 0.18835178860665228)	(29, 0.19356471396330563)	(30, 0.19897786141870563)	(31, 0.2036568611787013)	(32, 0.20865049566529884)	(33, 0.21405649233145788)	(34, 0.21910018234274206)	(35, 0.22506394056969528)	(36, 0.23065585775611905)	(37, 0.23499161963254905)	(38, 0.23954428878262127)	(39, 0.2439134210088424)	(40, 0.24912634636549577)
SRR21188781_2 - polyg	(1, 0.8403655187894019)	(2, 0.8832488018673857)	(3, 0.8841855552579503)	(4, 0.8855680411778675)	(5, 0.8863570115907858)	(6, 0.8873724236630008)	(7, 0.8885022483630711)	(8, 0.890037284453462)	(9, 0.8922182751719521)	(10, 0.8941346866885269)	(11, 0.8958937808418009)	(12, 0.8985062025111618)	(13, 0.9004154632384956)	(14, 0.9014642456605019)	(15, 0.9027919088629051)	(16, 0.9070919167931304)	(17, 0.9078189136992937)	(18, 0.9085101566592523)	(19, 0.9094111561036121)	(20, 0.909916478543306)	(21, 0.9105385972072688)	(22, 0.9110200836828262)	(23, 0.911573078050793)	(24, 0.9120903184725552)	(25, 0.9127672598540318)	(26, 0.913386994921581)	(27, 0.9138255766616926)	(28, 0.9142784599802862)	(29, 0.9147694808414982)	(30, 0.9152199805636781)	(31, 0.9156013559898621)	(32, 0.9160470885192148)	(33, 0.9165118898198766)	(34, 0.9168718128783379)	(35, 0.9172484211116946)	(36, 0.9176250293450513)	(37, 0.9180087883676491)	(38, 0.9183615606368694)	(39, 0.9187167165025032)	(40, 0.9191100099107555)
SRR21188782_1 - polya	(1, 0.0003328135447257477)	(2, 0.0032123742143093906)	(3, 0.006288315546929966)	(4, 0.015150251362080775)	(5, 0.021692828188521716)	(6, 0.030120659380117203)	(7, 0.03983426712338607)	(8, 0.04991789737911401)	(9, 0.07000040413073289)	(10, 0.08919816431624852)	(11, 0.09882288396993226)	(12, 0.10627914767071345)	(13, 0.11412403836782037)	(14, 0.124964250967459)	(15, 0.13318950000139534)	(16, 0.13979409177405847)	(17, 0.14448448887333004)	(18, 0.1489826396393128)	(19, 0.15383634276363614)	(20, 0.15798720983077466)	(21, 0.1635272116932902)	(22, 0.1686124372835097)	(23, 0.17355296133254408)	(24, 0.17891105268614121)	(25, 0.18417198729065692)	(26, 0.19080138504180894)	(27, 0.1977842679864274)	(28, 0.20478368825003848)	(29, 0.21179964583264213)	(30, 0.22105641013874086)	(31, 0.22907700985014398)	(32, 0.2356071836873405)	(33, 0.24264381291868486)	(34, 0.2530189134216571)	(35, 0.26001833368526817)	(36, 0.26548598477719115)	(37, 0.27126164343535103)	(38, 0.27606986893244473)	(39, 0.2808739600997903)	(40, 0.2854237899876249)
SRR21188782_2 - polya	(1, 0.002315224658961723)	(2, 0.0061952931275966825)	(3, 0.008498114797313968)	(4, 0.011685683033134482)	(5, 0.014955937863917915)	(6, 0.018321282278908706)	(7, 0.02095898465822581)	(8, 0.02622405359248966)	(9, 0.0326591378454788)	(10, 0.041800140918629464)	(11, 0.04604609756997534)	(12, 0.051197472436165174)	(13, 0.05627442936688838)	(14, 0.06172761030469287)	(15, 0.06737510474066022)	(16, 0.07502568193960427)	(17, 0.08050780318564578)	(18, 0.08665761868601285)	(19, 0.09188547865254339)	(20, 0.0990109959734729)	(21, 0.10487967705096606)	(22, 0.11181088087373271)	(23, 0.11785113663577391)	(24, 0.12370328039427449)	(25, 0.12966911822084906)	(26, 0.13699928486431182)	(27, 0.14323798845426403)	(28, 0.14849272156415752)	(29, 0.15276555135886632)	(30, 0.15744354546889347)	(31, 0.16183420366142445)	(32, 0.16580109305477048)	(33, 0.17052456479202718)	(34, 0.17486147669783228)	(35, 0.17967176935980006)	(36, 0.1843352933157087)	(37, 0.1881657498273659)	(38, 0.1920272138121342)	(39, 0.19580185687219143)	(40, 0.200407500211626)
SRR21188782_2 - polyg	(1, 1.060197184790173)	(2, 1.1184064804791936)	(3, 1.1194979435327042)	(4, 1.1211723470807033)	(5, 1.1220343548331917)	(6, 1.1230183253132504)	(7, 1.12425655707282)	(8, 1.1258565426853526)	(9, 1.1278658269429516)	(10, 1.1298565067166837)	(11, 1.131613596859646)	(12, 1.1338978140454965)	(13, 1.1360187252062952)	(14, 1.1371535987221613)	(15, 1.138224390126931)	(16, 1.1407235924596855)	(17, 1.141424361351996)	(18, 1.1421416675632994)	(19, 1.142894115577462)	(20, 1.1436134889536393)	(21, 1.1441840264588836)	(22, 1.1448289818995943)	(23, 1.145360243272231)	(24, 1.145957653920838)	(25, 1.1466377511644081)	(26, 1.1472186244940226)	(27, 1.1477498858666595)	(28, 1.1482336024471924)	(29, 1.1487173190277256)	(30, 1.1490646027265699)	(31, 1.1495710581207177)	(32, 1.1500444388768805)	(33, 1.150484744995058)	(34, 1.1509312526078577)	(35, 1.1513818945504055)	(36, 1.1517188424248794)	(37, 1.1520909321022126)	(38, 1.1525167680662716)	(39, 1.1528971264031012)	(40, 1.153343634015901)
SRR21188783_1 - polya	(1, 0.0005041281380651491)	(2, 0.0041343218799268075)	(3, 0.007743313971122174)	(4, 0.016509018652152173)	(5, 0.022377164408789025)	(6, 0.029722358495177507)	(7, 0.03792739730303225)	(8, 0.04733386298197683)	(9, 0.06687471767940867)	(10, 0.08569000477626075)	(11, 0.09443686354558738)	(12, 0.10160066573183092)	(13, 0.10965022576813285)	(14, 0.12020629206098302)	(15, 0.12747845823952095)	(16, 0.13402976829540494)	(17, 0.13876009213295085)	(18, 0.14351397336012595)	(19, 0.14850342848359316)	(20, 0.15281207504677613)	(21, 0.15815253527571863)	(22, 0.16351890863325325)	(23, 0.16916797066633843)	(24, 0.17451549811216968)	(25, 0.17975701730466948)	(26, 0.18659808325299282)	(27, 0.193622896840424)	(28, 0.20070189242400238)	(29, 0.20753824689439987)	(30, 0.21624976957928269)	(31, 0.22350544558508018)	(32, 0.23022872458525742)	(33, 0.23736896938187177)	(34, 0.24710523851562533)	(35, 0.25369424039491606)	(36, 0.25881090542238105)	(37, 0.26428328703324716)	(38, 0.2689688518304975)	(39, 0.2738758560902625)	(40, 0.2781797911755196)
SRR21188783_2 - polya	(1, 0.0022238175809976674)	(2, 0.0061861705166312226)	(3, 0.008421766792443497)	(4, 0.011590235697572587)	(5, 0.014801107904034261)	(6, 0.01770102256739033)	(7, 0.02060329296970932)	(8, 0.0257317366919889)	(9, 0.03300390287052682)	(10, 0.04218657334799388)	(11, 0.04640570183058586)	(12, 0.0512090535759823)	(13, 0.05614903818122818)	(14, 0.061647332920686394)	(15, 0.06744009503050977)	(16, 0.07483947111304544)	(17, 0.08058982992153622)	(18, 0.08683960539016632)	(19, 0.09193978024489084)	(20, 0.09899050696091417)	(21, 0.10459009847577799)	(22, 0.11095766089255416)	(23, 0.11667268361660113)	(24, 0.1224324653809436)	(25, 0.12810979628158384)	(26, 0.13554450844856333)	(27, 0.1417589478327496)	(28, 0.14696041946287974)	(29, 0.15122430698576722)	(30, 0.15595227508435017)	(31, 0.15984160011213316)	(32, 0.16389347112835773)	(33, 0.16844711454368452)	(34, 0.17253903312227875)	(35, 0.17721517496367745)	(36, 0.18172405933870875)	(37, 0.1852859366506457)	(38, 0.18891848613147025)	(39, 0.19270651438384764)	(40, 0.197003382252216)
SRR21188783_2 - polyg	(1, 0.978020366541204)	(2, 1.026065662689983)	(3, 1.0271516583518896)	(4, 1.028517986950384)	(5, 1.029295380808148)	(6, 1.0301128222282816)	(7, 1.0312200195408547)	(8, 1.0328525466421592)	(9, 1.0348172329372354)	(10, 1.036682978195869)	(11, 1.0384450709401343)	(12, 1.0407136475614274)	(13, 1.042579392820061)	(14, 1.0437690409963363)	(15, 1.0448338350075765)	(16, 1.047156593625017)	(17, 1.0478397579242642)	(18, 1.0484852304001047)	(19, 1.0491683946993517)	(20, 1.049849203259636)	(21, 1.0503957346990338)	(22, 1.0508810169253955)	(23, 1.0514134139310156)	(24, 1.0518704272898225)	(25, 1.0525253227215146)	(26, 1.0530270951206169)	(27, 1.0534605510897943)	(28, 1.053889295581046)	(29, 1.054365154851556)	(30, 1.0547632747362898)	(31, 1.0551967307054673)	(32, 1.0556136965019043)	(33, 1.056009460647675)	(34, 1.0563604657531505)	(35, 1.056878728324993)	(36, 1.057298049860393)	(37, 1.0576773238334234)	(38, 1.0580542420674908)	(39, 1.0583934684781513)	(40, 1.0588222129694032)
SRR21188784_1 - polya	(1, 0.0003546368905226574)	(2, 0.003395408607233821)	(3, 0.006151033094403118)	(4, 0.011789280414672124)	(5, 0.015635173720677967)	(6, 0.01974225230416334)	(7, 0.024726338333130416)	(8, 0.030244775893087713)	(9, 0.04196456664677904)	(10, 0.05289121678720687)	(11, 0.057810605545605624)	(12, 0.062298679166882226)	(13, 0.06715097445950642)	(14, 0.07384354767051846)	(15, 0.07805845503828437)	(16, 0.08163118209077952)	(17, 0.08446827721496078)	(18, 0.08735808863367919)	(19, 0.0905354434771457)	(20, 0.09340848152942047)	(21, 0.09664574125304284)	(22, 0.10018012918223825)	(23, 0.10405956922113137)	(24, 0.10754124085578962)	(25, 0.11104927063771644)	(26, 0.11589916973513441)	(27, 0.12071312590445886)	(28, 0.1255127049025459)	(29, 0.13039135834243867)	(30, 0.13561506389202918)	(31, 0.14047215157506585)	(32, 0.14450255191195172)	(33, 0.14866953537559294)	(34, 0.15513447004201272)	(35, 0.1590091176904934)	(36, 0.1621169828729791)	(37, 0.16552676865145033)	(38, 0.1683015627002695)	(39, 0.17128482573203105)	(40, 0.17431361647271104)
SRR21188784_1 - polyg	(1, 0.0)	(2, 0.0)	(3, 0.00013658312675534777)	(4, 0.0002707700583044614)	(5, 0.00039776840423487247)	(6, 0.0008770074454817067)	(7, 0.001382604633997117)	(8, 0.0017803730382319894)	(9, 0.002501627795308475)	(10, 0.002995244007792714)	(11, 0.003814742768324801)	(12, 0.0045503746966386914)	(13, 0.005765245666199416)	(14, 0.007895463204541596)	(15, 0.010186225821701462)	(16, 0.012862775867065033)	(17, 0.017458678272622173)	(18, 0.020370055448196693)	(19, 0.022780627825668268)	(20, 0.026068207648621552)	(21, 0.029034697313939456)	(22, 0.03370248557568362)	(23, 0.03791978913865576)	(24, 0.04115225647186566)	(25, 0.046119569134389096)	(26, 0.05075620685845222)	(27, 0.05377541281830728)	(28, 0.058330579905358435)	(29, 0.06573003070220956)	(30, 0.07562631690395669)	(31, 0.08696750881506302)	(32, 0.09291007292652377)	(33, 0.09846445341457458)	(34, 0.10136864200453038)	(35, 0.10453641206717197)	(36, 0.10673132687608247)	(37, 0.10848054937663341)	(38, 0.11069463374719378)	(39, 0.11811325410569479)	(40, 0.12559417553955787)
SRR21188784_2 - polya	(1, 0.0014161513668843953)	(2, 0.003548765100432808)	(3, 0.004794786607674577)	(4, 0.006711742772661914)	(5, 0.008659849475330295)	(6, 0.010262904068300957)	(7, 0.011849185294827978)	(8, 0.014741392908752622)	(9, 0.01866156826615173)	(10, 0.023997894990435226)	(11, 0.02649712659053747)	(12, 0.02902511253311452)	(13, 0.03192930112307033)	(14, 0.03519531518916751)	(15, 0.038576346625163925)	(16, 0.043119532736183915)	(17, 0.04660120437084217)	(18, 0.05038958899189839)	(19, 0.05346390744149684)	(20, 0.05739366757972088)	(21, 0.06087294301917289)	(22, 0.06473321349641614)	(23, 0.06823165849751803)	(24, 0.07178761218356955)	(25, 0.07567184461287514)	(26, 0.08013116389167693)	(27, 0.08371587192020324)	(28, 0.08680217134583286)	(29, 0.08951706051449618)	(30, 0.09239009856677095)	(31, 0.09483421767712981)	(32, 0.09719446995527047)	(33, 0.10029514655213748)	(34, 0.10325205143663045)	(35, 0.10653483886917127)	(36, 0.11021299851074072)	(37, 0.11347901257683789)	(38, 0.11663000927303582)	(39, 0.11924905063344977)	(40, 0.12251985708995942)
SRR21188784_2 - polyg	(1, 1.1677018669260053)	(2, 1.2112095832855991)	(3, 1.212539471625059)	(4, 1.214667292968195)	(5, 1.2161864807289475)	(6, 1.2181681341645032)	(7, 1.2208327032338355)	(8, 1.2233103690770817)	(9, 1.2269621705713827)	(10, 1.2299430374079379)	(11, 1.2325548901827332)	(12, 1.2360437504030102)	(13, 1.2391564079759083)	(14, 1.2409271962333153)	(15, 1.2431029414805759)	(16, 1.2474232814374162)	(17, 1.2487363964104325)	(18, 1.2502124526574727)	(19, 1.251750809979875)	(20, 1.253703709072956)	(21, 1.254861071357567)	(22, 1.2573914534953503)	(23, 1.258750096177285)	(24, 1.2596726313316853)	(25, 1.260712580051191)	(26, 1.2616926238905406)	(27, 1.2638707653330075)	(28, 1.2647286032168394)	(29, 1.2670529125668866)	(30, 1.268327688416603)	(31, 1.2690489431736796)	(32, 1.2699930440849359)	(33, 1.2708556743591801)	(34, 1.2720705453287409)	(35, 1.2737119390450113)	(36, 1.2747111524460109)	(37, 1.2759763435149025)	(38, 1.276973160720696)	(39, 1.2780346751970577)	(40, 1.2791680755296064)
SRR21188785_1 - polya	(1, 0.0006395511103618331)	(2, 0.003924304423506983)	(3, 0.0076910723602704265)	(4, 0.020672549126107487)	(5, 0.030152953820882896)	(6, 0.04288284246609968)	(7, 0.05508604196160671)	(8, 0.06921965124243384)	(9, 0.09471469789557117)	(10, 0.12386129923397296)	(11, 0.1364313001015993)	(12, 0.14607159257396515)	(13, 0.15622681774180616)	(14, 0.16827248075056966)	(15, 0.17809382261814824)	(16, 0.18687589393138887)	(17, 0.19348537250207679)	(18, 0.20039111371947643)	(19, 0.20747320175039496)	(20, 0.21365004280524988)	(21, 0.22086380312359583)	(22, 0.22870770938891596)	(23, 0.23637526884071722)	(24, 0.2438076992078266)	(25, 0.2517127390351666)	(26, 0.26226062977444303)	(27, 0.2726956585530673)	(28, 0.28466372896388253)	(29, 0.2957547678887971)	(30, 0.30873154207294035)	(31, 0.31946753607997025)	(32, 0.32817201479526253)	(33, 0.3376876888527417)	(34, 0.34978037767844355)	(35, 0.359606422127716)	(36, 0.3676219726248612)	(37, 0.3761759687259507)	(38, 0.38301822509048356)	(39, 0.38949603137374406)	(40, 0.3961854538332272)
SRR21188785_2 - polya	(1, 0.006842256364532846)	(2, 0.016712975339896727)	(3, 0.021163968913113455)	(4, 0.028351865032143323)	(5, 0.033630512983475365)	(6, 0.038326040804771616)	(7, 0.042332640407920744)	(8, 0.04989204048076374)	(9, 0.059856811090004354)	(10, 0.0760383946984975)	(11, 0.08259849616140012)	(12, 0.0903718637013127)	(13, 0.09779959148672826)	(14, 0.10540366608566269)	(15, 0.1135226733800723)	(16, 0.1242610186779491)	(17, 0.1325822369851937)	(18, 0.14174286612478817)	(19, 0.14884141319163513)	(20, 0.1592082545356988)	(21, 0.16730610021248615)	(22, 0.17720268338716613)	(23, 0.1857637333607964)	(24, 0.19350653411969904)	(25, 0.2011764448623472)	(26, 0.2099679213389755)	(27, 0.2177201272612658)	(28, 0.22437663164889207)	(29, 0.23028072296550445)	(30, 0.23619186815465756)	(31, 0.24159748581172322)	(32, 0.24701485992302344)	(33, 0.2534385865168048)	(34, 0.25886066320979884)	(35, 0.2646824593467691)	(36, 0.27092043396364385)	(37, 0.27559244887647094)	(38, 0.28052310578245904)	(39, 0.2856348120836599)	(40, 0.29067833095030005)
SRR21188785_2 - polyg	(1, 0.724752485490772)	(2, 0.7500077004775236)	(3, 0.7506731157872016)	(4, 0.7518087892662633)	(5, 0.7524248274681559)	(6, 0.7531913482842513)	(7, 0.7540542720250704)	(8, 0.7551100016153368)	(9, 0.7566289355024461)	(10, 0.7578422015794561)	(11, 0.7590789805649353)	(12, 0.7604591882920764)	(13, 0.7617665060029631)	(14, 0.762403705822478)	(15, 0.7629868259525138)	(16, 0.7642541717190029)	(17, 0.7647220785975397)	(18, 0.7651288519140566)	(19, 0.7656132178285218)	(20, 0.7660435040535079)	(21, 0.7664831954418816)	(22, 0.766875861013317)	(23, 0.7673155524016908)	(24, 0.7676917589371978)	(25, 0.7680750193452455)	(26, 0.7684676849166808)	(27, 0.7687945143444025)	(28, 0.7690790205368796)	(29, 0.7693940935103667)	(30, 0.7696785997028439)	(31, 0.7699372416960049)	(32, 0.7703205021040526)	(33, 0.7706238186233051)	(34, 0.7709553506327206)	(35, 0.7712727748970546)	(36, 0.7715314168902156)	(37, 0.7717947614650705)	(38, 0.7721356986378737)	(39, 0.7724390151571262)	(40, 0.7727164674770626)
SRR21188786_1 - polya	(1, 0.0008098479718194954)	(2, 0.008541564079740176)	(3, 0.014907986748258354)	(4, 0.02930504846717509)	(5, 0.037920813277317576)	(6, 0.04745454712358006)	(7, 0.057653967522594704)	(8, 0.07029141192054238)	(9, 0.09701639499058573)	(10, 0.1255730760911318)	(11, 0.13688762746704974)	(12, 0.14665032356712507)	(13, 0.157432749705015)	(14, 0.170191035292475)	(15, 0.17877075974785064)	(16, 0.18675899838087645)	(17, 0.19336498340755068)	(18, 0.1994346031544596)	(19, 0.20576074542647368)	(20, 0.21200632690547952)	(21, 0.2196405220534429)	(22, 0.2274930793508759)	(23, 0.23544527762913486)	(24, 0.24321091407095374)	(25, 0.2512924336221996)	(26, 0.26243314328688927)	(27, 0.2721809992408841)	(28, 0.2832369080708283)	(29, 0.29390273306094317)	(30, 0.30630909518420935)	(31, 0.31667599723184636)	(32, 0.32623941137026974)	(33, 0.33576678515392633)	(34, 0.34971440244869195)	(35, 0.3590976148132812)	(36, 0.36665972925171086)	(37, 0.37352859686609613)	(38, 0.37993741995198704)	(39, 0.3866939264603345)	(40, 0.39307730929580176)
SRR21188786_2 - polya	(1, 0.002830227859630959)	(2, 0.008384682535461006)	(3, 0.011091949184710995)	(4, 0.015399831589782238)	(5, 0.019391830885426505)	(6, 0.022720263649187257)	(7, 0.025879094743457016)	(8, 0.03238331876843663)	(9, 0.042262616016287016)	(10, 0.05565054780173234)	(11, 0.06079583844991537)	(12, 0.06655169510826597)	(13, 0.07265311516820447)	(14, 0.07960254357559794)	(15, 0.08682757469591428)	(16, 0.09688071365499293)	(17, 0.10404850421185606)	(18, 0.11196254211447956)	(19, 0.11811060263352809)	(20, 0.1272097322017199)	(21, 0.13471248605582775)	(22, 0.1435084526398044)	(23, 0.15114052776689912)	(24, 0.15840371926285093)	(25, 0.16567327082140865)	(26, 0.17570732959266958)	(27, 0.18367648803787764)	(28, 0.19006835095681948)	(29, 0.1957288066760814)	(30, 0.2015525040022284)	(31, 0.2064243119583572)	(32, 0.2114720816465829)	(33, 0.21700533611372658)	(34, 0.22229054813923965)	(35, 0.22856792993127506)	(36, 0.23419234529577015)	(37, 0.23855958828516324)	(38, 0.2433338752813347)	(39, 0.24773715862549464)	(40, 0.25310081142314733)
SRR21188786_2 - polyg	(1, 0.7590501517860742)	(2, 0.7931231271868148)	(3, 0.7941428572246294)	(4, 0.7956883524378661)	(5, 0.7964982004096856)	(6, 0.7975624508857415)	(7, 0.7986966620504625)	(8, 0.7999411143003528)	(9, 0.8015629302648604)	(10, 0.8029409438294747)	(11, 0.8044397985836014)	(12, 0.8060149740889989)	(13, 0.8076240699282947)	(14, 0.8085144786931224)	(15, 0.809277686205832)	(16, 0.8104458177044511)	(17, 0.81100762323464)	(18, 0.8115969890361213)	(19, 0.8121821147958652)	(20, 0.8126972798669441)	(21, 0.8132209250214976)	(22, 0.8136724894665173)	(23, 0.8142618552679985)	(24, 0.8147282598590988)	(25, 0.8153388258692663)	(26, 0.8157988703977607)	(27, 0.8162419547593058)	(28, 0.8167655999138593)	(29, 0.8172086842754045)	(30, 0.8175902880317593)	(31, 0.8180227722889613)	(32, 0.818573977714807)	(33, 0.8190191820972209)	(34, 0.819368985540546)	(35, 0.819737869171689)	(36, 0.820117352907175)	(37, 0.8205159168304789)	(38, 0.820971721317236)	(39, 0.8213512050527221)	(40, 0.8217730892055809)
SRR21188787_1 - polya	(1, 0.0008002820049914668)	(2, 0.008326529624967396)	(3, 0.01469956188381798)	(4, 0.02905518234414244)	(5, 0.03768069372940159)	(6, 0.04694013636580567)	(7, 0.05681777437123405)	(8, 0.06934803250556673)	(9, 0.09510092758753932)	(10, 0.12226555609404743)	(11, 0.13272991770425888)	(12, 0.14226361428619375)	(13, 0.15272572791324512)	(14, 0.16592588502928413)	(15, 0.1744322533070586)	(16, 0.18192028521331302)	(17, 0.18812921470147717)	(18, 0.19421225713267634)	(19, 0.20020088427115182)	(20, 0.2063243903992326)	(21, 0.21383040617076773)	(22, 0.22154998034251125)	(23, 0.22933025005957716)	(24, 0.2367396025552285)	(25, 0.24427933807416496)	(26, 0.2547481956506966)	(27, 0.2642256926536293)	(28, 0.2749238445124899)	(29, 0.28503752074972755)	(30, 0.2972081015784461)	(31, 0.3068317174867845)	(32, 0.3162260391127939)	(33, 0.32518425200574613)	(34, 0.33971296716939736)	(35, 0.34922867988605155)	(36, 0.3564514497794155)	(37, 0.36343818144097023)	(38, 0.3695639355522111)	(39, 0.3767642256139742)	(40, 0.38314400182230507)
SRR21188787_2 - polya	(1, 0.0030055534850381774)	(2, 0.008283817944925716)	(3, 0.01083527883162604)	(4, 0.015016527509390443)	(5, 0.01890329039318327)	(6, 0.022167361941631613)	(7, 0.025415697607959337)	(8, 0.0318898891090139)	(9, 0.041763031148122104)	(10, 0.055014891876843164)	(11, 0.05990200726687532)	(12, 0.06552646113341648)	(13, 0.07135323348436558)	(14, 0.0780095116213873)	(15, 0.08560994268564615)	(16, 0.09592144144097159)	(17, 0.10337575359982469)	(18, 0.11160786793206838)	(19, 0.11770889422854827)	(20, 0.1269188812354304)	(21, 0.1346676791882551)	(22, 0.14344380544524016)	(23, 0.1513926738993127)	(24, 0.15873233891700128)	(25, 0.1661821551095342)	(26, 0.17646443008377852)	(27, 0.18474150407922396)	(28, 0.19133483868776321)	(29, 0.19707393969546888)	(30, 0.20283327255161532)	(31, 0.20772263592480758)	(32, 0.2126524629948814)	(33, 0.21875798525768148)	(34, 0.22380695543524)	(35, 0.2298472861863975)	(36, 0.23581343349327208)	(37, 0.24026219216708702)	(38, 0.24513581965815864)	(39, 0.24981612059746267)	(40, 0.2550831451415498)
SRR21188787_2 - polyg	(1, 0.9140456887740599)	(2, 0.9542306357438)	(3, 0.9553119156438025)	(4, 0.9568382962095024)	(5, 0.9577487293893383)	(6, 0.958708618198696)	(7, 0.9598573375935012)	(8, 0.9612645750517166)	(9, 0.9630989293103487)	(10, 0.9647736767646146)	(11, 0.9664754000168014)	(12, 0.9683704498207559)	(13, 0.9701306206351051)	(14, 0.9711646928887459)	(15, 0.9720144305232592)	(16, 0.9736801860448847)	(17, 0.9742848935149485)	(18, 0.9748896009850123)	(19, 0.9755055483708764)	(20, 0.9760608002114183)	(21, 0.9765755883550785)	(22, 0.9770634007008178)	(23, 0.9776636122045613)	(24, 0.9781266967355395)	(25, 0.9787831078182854)	(26, 0.9793203757935465)	(27, 0.9797722204087242)	(28, 0.9802308089733823)	(29, 0.9806916455212004)	(30, 0.9811007784563365)	(31, 0.981545879122034)	(32, 0.9819819878550912)	(33, 0.9824473203692294)	(34, 0.9828497093548852)	(35, 0.9832408584247406)	(36, 0.9836252635451157)	(37, 0.9839759489180896)	(38, 0.9843895778195458)	(39, 0.984852662350524)	(40, 0.9852775311677807)
SRR21188788_1 - polya	(1, 0.000710502770770705)	(2, 0.00670343918509752)	(3, 0.011909832398337034)	(4, 0.02445650340057557)	(5, 0.03205341764189311)	(6, 0.04052479683185151)	(7, 0.05038391387508782)	(8, 0.062013347186632393)	(9, 0.08700926238976632)	(10, 0.11157745017236939)	(11, 0.12200449417953278)	(12, 0.13079904519833674)	(13, 0.14070331124707353)	(14, 0.15363731319123722)	(15, 0.1622655257687236)	(16, 0.16960342729427522)	(17, 0.1755322045955224)	(18, 0.18122097928858286)	(19, 0.18684321860511624)	(20, 0.1927838772236004)	(21, 0.19962513968864676)	(22, 0.20644026325577178)	(23, 0.21338370504905607)	(24, 0.22012278818586448)	(25, 0.2274226694962578)	(26, 0.2374813926690752)	(27, 0.24646129223677582)	(28, 0.2565936795764624)	(29, 0.265965662612983)	(30, 0.2775642044997115)	(31, 0.28729500331678853)	(32, 0.29631292309964746)	(33, 0.30480093613373765)	(34, 0.31858088786517347)	(35, 0.32729464592676605)	(36, 0.33419293871454986)	(37, 0.34081083241554117)	(38, 0.3466207965444187)	(39, 0.35323393771851525)	(40, 0.35897023768052355)
SRR21188788_2 - polya	(1, 0.002908546459609842)	(2, 0.007898699699136532)	(3, 0.01043417279750557)	(4, 0.01428134331883591)	(5, 0.018069107253981406)	(6, 0.02152419430649179)	(7, 0.024675119637735787)	(8, 0.030991227880908138)	(9, 0.039897463281739584)	(10, 0.05193323764278848)	(11, 0.0570992343774223)	(12, 0.06253850140850639)	(13, 0.06847678376354316)	(14, 0.0748713087004795)	(15, 0.08176247269792113)	(16, 0.09150277656878775)	(17, 0.09814680916770042)	(18, 0.10578174362417625)	(19, 0.11193626595292584)	(20, 0.12101359232196963)	(21, 0.12830872110546818)	(22, 0.13667316844029387)	(23, 0.14402532754652986)	(24, 0.15102579966255159)	(25, 0.15815221374128519)	(26, 0.16772380290738684)	(27, 0.17555596722999636)	(28, 0.18143484299884827)	(29, 0.18679806959961576)	(30, 0.1921850588348572)	(31, 0.19708016153648814)	(32, 0.20179942074301196)	(33, 0.20716739987067423)	(34, 0.21215042431985875)	(35, 0.21817187589555428)	(36, 0.22354460755011135)	(37, 0.227719702427182)	(38, 0.23242708031646886)	(39, 0.23670197825833006)	(40, 0.24188936136399042)
SRR21188788_2 - polyg	(1, 0.9326929081558019)	(2, 0.9785809315884209)	(3, 0.9795480708115101)	(4, 0.9811544249019483)	(5, 0.9820146322699047)	(6, 0.9830316730253892)	(7, 0.9843481229752453)	(8, 0.9858831891622616)	(9, 0.9880123212111264)	(10, 0.989863430436646)	(11, 0.9917810750386927)	(12, 0.9939933763082162)	(13, 0.9958230991627093)	(14, 0.997070637472591)	(15, 0.9984084737934736)	(16, 1.001554646597823)	(17, 1.0022770306858304)	(18, 1.003035058725549)	(19, 1.0038025918190572)	(20, 1.0044180440519321)	(21, 1.0051499331937295)	(22, 1.0057059788404195)	(23, 1.0063642038153475)	(24, 1.006939259569617)	(25, 1.0075784744369658)	(26, 1.0082462044656835)	(27, 1.0087713586875573)	(28, 1.009222848742562)	(29, 1.0098050332871735)	(30, 1.0103254349821529)	(31, 1.0107602911930258)	(32, 1.0112212863018202)	(33, 1.011739311733352)	(34, 1.012209811895936)	(35, 1.0127278373274677)	(36, 1.01318170364592)	(37, 1.013621312383688)	(38, 1.0141227039710878)	(39, 1.0146478581929619)	(40, 1.015168259887941)
SRR21188789_1 - polya	(1, 0.0007725908740399024)	(2, 0.008508559391444655)	(3, 0.014862314548262394)	(4, 0.030195426660392852)	(5, 0.03941621826384304)	(6, 0.049377409454914804)	(7, 0.06026410013051353)	(8, 0.07416872390783064)	(9, 0.10298193720763647)	(10, 0.13419742525641012)	(11, 0.14674196718255283)	(12, 0.157441546005845)	(13, 0.16899017000842065)	(14, 0.18326298162414736)	(15, 0.19286403279841408)	(16, 0.20135247263584727)	(17, 0.20844059151408315)	(18, 0.2149935302556143)	(19, 0.2212527235085782)	(20, 0.22827243590317514)	(21, 0.2367588637852072)	(22, 0.24528955468606445)	(23, 0.25360697831440027)	(24, 0.2618942226117189)	(25, 0.27095405778307746)	(26, 0.28349055188761557)	(27, 0.29394266019656684)	(28, 0.3068734975597295)	(29, 0.31845230089332227)	(30, 0.33245551048529554)	(31, 0.3432576990340461)	(32, 0.3536574965025676)	(33, 0.36390840927140433)	(34, 0.37983303627147164)	(35, 0.3906613802404371)	(36, 0.3991276885684577)	(37, 0.4068656690412636)	(38, 0.41370631740515856)	(39, 0.42173804336653176)	(40, 0.4286189308384496)
SRR21188789_2 - polya	(1, 0.0033217383672913513)	(2, 0.009599039218865558)	(3, 0.012560637569351852)	(4, 0.0171358241515569)	(5, 0.021338798984550014)	(6, 0.025101155584692246)	(7, 0.028646221001510756)	(8, 0.03563374210968935)	(9, 0.046353440486993)	(10, 0.06083549546443888)	(11, 0.06663998679674388)	(12, 0.072957526756341)	(13, 0.07969154148397525)	(14, 0.08709553736019097)	(15, 0.09535863819269587)	(16, 0.10699176432211961)	(17, 0.11488466536081372)	(18, 0.12371513761644166)	(19, 0.1305980370437607)	(20, 0.14075841181954588)	(21, 0.14903157242905649)	(22, 0.15880766372322286)	(23, 0.16732427093627208)	(24, 0.17534996103144182)	(25, 0.18335553157260007)	(26, 0.19452188404895804)	(27, 0.20365213765935666)	(28, 0.21059539574871006)	(29, 0.21656687937931016)	(30, 0.22280997698906488)	(31, 0.22816379031151326)	(32, 0.23364636877963496)	(33, 0.23984117945976222)	(34, 0.2456235392826546)	(35, 0.2524440680925381)	(36, 0.2585081016715909)	(37, 0.26323418490888184)	(38, 0.26837070704800653)	(39, 0.2733281651564292)	(40, 0.27923526621419265)
SRR21188789_2 - polyg	(1, 0.7810692541003299)	(2, 0.8154958229693319)	(3, 0.8164354061416669)	(4, 0.8181033171692166)	(5, 0.8190147329659355)	(6, 0.8198577422790155)	(7, 0.8210608916089006)	(8, 0.8225094994977254)	(9, 0.8243967136639999)	(10, 0.826028409494329)	(11, 0.8278633128201738)	(12, 0.8301348104680671)	(13, 0.831915390998081)	(14, 0.8329998349592984)	(15, 0.8341889006013755)	(16, 0.8374140651094119)	(17, 0.8381524527416323)	(18, 0.8388868164630504)	(19, 0.8396091084520617)	(20, 0.8401362407671619)	(21, 0.8407840904063307)	(22, 0.8413192705430355)	(23, 0.8418826180553561)	(24, 0.8424439536122758)	(25, 0.8431058869392527)	(26, 0.8437637963554273)	(27, 0.8442426417408999)	(28, 0.8447114273493669)	(29, 0.8452848346386933)	(30, 0.8457837995781775)	(31, 0.8461942384800112)	(32, 0.8466388806236643)	(33, 0.8471821085819736)	(34, 0.8476730256998531)	(35, 0.8480754167800822)	(36, 0.8485019513251252)	(37, 0.8489304978255692)	(38, 0.8494173910326464)	(39, 0.8498600212208984)	(40, 0.8503811176697951)
SRR21188790_1 - polya	(1, 0.00044962095606612744)	(2, 0.004852591147957929)	(3, 0.008789364496002362)	(4, 0.01758080097797738)	(5, 0.023081923735376313)	(6, 0.0290450993646773)	(7, 0.0364110094974657)	(8, 0.04456427429986299)	(9, 0.06223209868869188)	(10, 0.07780928923111191)	(11, 0.08472350642186152)	(12, 0.0908482969570296)	(13, 0.09828465461288827)	(14, 0.10837937027166326)	(15, 0.11508431687917473)	(16, 0.12013167470856222)	(17, 0.12412024770592303)	(18, 0.12836574696389305)	(19, 0.1330650111498745)	(20, 0.13725042281463753)	(21, 0.14254641896074363)	(22, 0.14773674382224433)	(23, 0.1532399385656159)	(24, 0.15819198504026127)	(25, 0.16314817548685195)	(26, 0.16997536926675005)	(27, 0.17680463503262084)	(28, 0.183505437668187)	(29, 0.1900798491594212)	(30, 0.1978228607392328)	(31, 0.20468113430872073)	(32, 0.2110504191886621)	(33, 0.21711305014465052)	(34, 0.22664004164691806)	(35, 0.23243745839840665)	(36, 0.2370496991735366)	(37, 0.24180905095272506)	(38, 0.24565465691797267)	(39, 0.25003690725013794)	(40, 0.25401097634569014)
SRR21188790_2 - polya	(1, 0.0018792912771980533)	(2, 0.005148885142047589)	(3, 0.007191863311085384)	(4, 0.009875085145673564)	(5, 0.01242777186398448)	(6, 0.014731820265576802)	(7, 0.017008932849524608)	(8, 0.021401543111553133)	(9, 0.027232111638604208)	(10, 0.034881883849646335)	(11, 0.038489211428038635)	(12, 0.04233274540731359)	(13, 0.046105831863518285)	(14, 0.05021872401923839)	(15, 0.05504230736357915)	(16, 0.06155248728966105)	(17, 0.06640922240956429)	(18, 0.07156432350952983)	(19, 0.07584090255708968)	(20, 0.08161345547690642)	(21, 0.0866297335167041)	(22, 0.09216608003563816)	(23, 0.09691921585690864)	(24, 0.10155217649176515)	(25, 0.10662232616685186)	(26, 0.11283206812689878)	(27, 0.11799338518478229)	(28, 0.12223681245677967)	(29, 0.12590837160032425)	(30, 0.12983685700447808)	(31, 0.1334939122462141)	(32, 0.13718204727753994)	(33, 0.141361242984385)	(34, 0.14528351243062085)	(35, 0.14951865175872758)	(36, 0.15391333400672877)	(37, 0.1572761672403478)	(38, 0.16082133523956044)	(39, 0.16412200889399978)	(40, 0.16816030955470432)
SRR21188790_2 - polyg	(1, 0.840913435016045)	(2, 0.8847359383376975)	(3, 0.8860495774443607)	(4, 0.8878604931844611)	(5, 0.8889441418481597)	(6, 0.8902619249267683)	(7, 0.8917019551777634)	(8, 0.8932890964328172)	(9, 0.8955744969606556)	(10, 0.8974641481677169)	(11, 0.8992647039779541)	(12, 0.9013988495297887)	(13, 0.9034397557128538)	(14, 0.9045047565027985)	(15, 0.9056111970121963)	(16, 0.9074822003455036)	(17, 0.9082571230992766)	(18, 0.9090672696145847)	(19, 0.909954079610881)	(20, 0.9107725140700798)	(21, 0.9115246449781536)	(22, 0.9124321748341764)	(23, 0.9131718738264142)	(24, 0.9138307653657185)	(25, 0.9144958728629408)	(26, 0.915154764402245)	(27, 0.9160187825528421)	(28, 0.916511915214334)	(29, 0.9174173730843842)	(30, 0.9180555447639619)	(31, 0.9185673252992077)	(32, 0.9191226175398792)	(33, 0.9199161881674061)	(34, 0.9204818403379409)	(35, 0.9213272106147842)	(36, 0.9219032227151822)	(37, 0.922468874885717)	(38, 0.9230407430141698)	(39, 0.9236188271005406)	(40, 0.9242466388502549)
SRR21188791_1 - polya	(1, 0.0005499645052908285)	(2, 0.005777627111946195)	(3, 0.01050732185744732)	(4, 0.021048641520676255)	(5, 0.027968194932699045)	(6, 0.03544571233372598)	(7, 0.04384117049085652)	(8, 0.05360054062110831)	(9, 0.07413921505506034)	(10, 0.09450390071824764)	(11, 0.10354731705615719)	(12, 0.111326814967362)	(13, 0.12017024421243853)	(14, 0.13153751056906787)	(15, 0.13858305584957548)	(16, 0.1448846491447442)	(17, 0.15011431162232788)	(18, 0.15501599526766544)	(19, 0.15993967749321458)	(20, 0.16474536733399225)	(21, 0.17064298670163827)	(22, 0.17671659471097736)	(23, 0.182866197815593)	(24, 0.18873381911931403)	(25, 0.19439945345927373)	(26, 0.2020109622124988)	(27, 0.20953447664487734)	(28, 0.2173179742979388)	(29, 0.2248714867942423)	(30, 0.23415688751447983)	(31, 0.24224036580679084)	(32, 0.2498458749472309)	(33, 0.25678342719760866)	(34, 0.26846467328998586)	(35, 0.2752762336718788)	(36, 0.28108185897682164)	(37, 0.28658950351344326)	(38, 0.29141519206350425)	(39, 0.29704682859768233)	(40, 0.30189651559888325)
SRR21188791_2 - polya	(1, 0.002373846791928049)	(2, 0.006411586196226895)	(3, 0.00867943982895344)	(4, 0.012019224279265016)	(5, 0.015219017764593473)	(6, 0.01799683848404424)	(7, 0.020610669787371923)	(8, 0.02582833303938564)	(9, 0.03339384476125911)	(10, 0.04278923838255479)	(11, 0.04700096655761837)	(12, 0.05143668027665495)	(13, 0.056256369213930936)	(14, 0.06152602911008124)	(15, 0.0673876508010173)	(16, 0.07491316510432416)	(17, 0.08030081738524596)	(18, 0.086622409389698)	(19, 0.09158008942102877)	(20, 0.09842764747963166)	(21, 0.10428526942871107)	(22, 0.11079084955856949)	(23, 0.11642248609274758)	(24, 0.1217601416004611)	(25, 0.12756776677633225)	(26, 0.13466730857190476)	(27, 0.14068891993710725)	(28, 0.14565859919400803)	(29, 0.14999431936662808)	(30, 0.15462802030756934)	(31, 0.1587197562269331)	(32, 0.16259350621510887)	(33, 0.16717321064098523)	(34, 0.17150093132989197)	(35, 0.1761846290440415)	(36, 0.18071633656763791)	(37, 0.18416611391900767)	(38, 0.18802986455254178)	(39, 0.1916236326107513)	(40, 0.19576136556146667)
SRR21188791_2 - polyg	(1, 0.8638802451689768)	(2, 0.9104112420584376)	(3, 0.9114991718434492)	(4, 0.9130230734908369)	(5, 0.9139830115364355)	(6, 0.9151829340934337)	(7, 0.9164788504549917)	(8, 0.9182107386789257)	(9, 0.9205445880522871)	(10, 0.9226464523979623)	(11, 0.9247803146784906)	(12, 0.9278181186186244)	(13, 0.9300359754781427)	(14, 0.9313778888710522)	(15, 0.9329997841939281)	(16, 0.9368375365053939)	(17, 0.9377074803592176)	(18, 0.9385174280851913)	(19, 0.9393073771018818)	(20, 0.9399713342500875)	(21, 0.9405952939797265)	(22, 0.9412792498372156)	(23, 0.9419392072435645)	(24, 0.9425191698127803)	(25, 0.9432711212818324)	(26, 0.9439170795916831)	(27, 0.9445830366108171)	(28, 0.9452129959532412)	(29, 0.945828956199167)	(30, 0.9463109250928945)	(31, 0.9467648957936254)	(32, 0.9472988613314897)	(33, 0.9477768304833606)	(34, 0.9482428004096616)	(35, 0.9487587671091707)	(36, 0.9492207372936151)	(37, 0.9497007063164143)	(38, 0.950110679856722)	(39, 0.9505986483632346)	(40, 0.9511006159662455)
SRR21188792_1 - polya	(1, 0.0005959317321688205)	(2, 0.005768781325688651)	(3, 0.010337591272316276)	(4, 0.020865718540632107)	(5, 0.027358131255382896)	(6, 0.03504443441315217)	(7, 0.043582068616876905)	(8, 0.05325278390319474)	(9, 0.07416917691084801)	(10, 0.09501462566467164)	(11, 0.10406711245333135)	(12, 0.11186489943854717)	(13, 0.12045928904533561)	(14, 0.1315022688985864)	(15, 0.13907303427154744)	(16, 0.1451924829090225)	(17, 0.15003898893492607)	(18, 0.15509021980759513)	(19, 0.16035022948439134)	(20, 0.16547443158957087)	(21, 0.17184117162610918)	(22, 0.17807818502707334)	(23, 0.18431519842803748)	(24, 0.19027248877104486)	(25, 0.1962905884744776)	(26, 0.2046174168953943)	(27, 0.2124091229445676)	(28, 0.22076230208833533)	(29, 0.2286898157091253)	(30, 0.23809702376693312)	(31, 0.24633061116853092)	(32, 0.25381421645821556)	(33, 0.2615390322109209)	(34, 0.27300767758714944)	(35, 0.2801162918208775)	(36, 0.2859864220806085)	(37, 0.29171263685399934)	(38, 0.29653481913573276)	(39, 0.30211306446542185)	(40, 0.30708727014821874)
SRR21188792_2 - polya	(1, 0.002470887011951674)	(2, 0.006682948710750345)	(3, 0.00893289504648977)	(4, 0.012121332511461044)	(5, 0.015368552358176862)	(6, 0.01814754012961718)	(7, 0.021102875046291127)	(8, 0.02656558259117198)	(9, 0.034474853403834355)	(10, 0.044680691061895615)	(11, 0.04912788228767246)	(12, 0.0540210088232355)	(13, 0.05897899867658562)	(14, 0.06455521702759387)	(15, 0.07061791026200524)	(16, 0.07872177102802885)	(17, 0.08473784375278076)	(18, 0.09135390216706318)	(19, 0.09675580035151864)	(20, 0.10424143261988414)	(21, 0.1103385844918699)	(22, 0.1173965242585768)	(23, 0.12375110242303004)	(24, 0.12963542153352695)	(25, 0.1354042028592156)	(26, 0.14369657264255792)	(27, 0.15034506271573386)	(28, 0.15575709579359356)	(29, 0.1604536053971145)	(30, 0.16518457363820985)	(31, 0.16959122529036977)	(32, 0.17390463592321076)	(33, 0.17894978585983726)	(34, 0.18337265334144395)	(35, 0.18837320974709185)	(36, 0.1933676852166972)	(37, 0.1970608403731992)	(38, 0.20102763765161547)	(39, 0.20472281978679832)	(40, 0.2092409552664048)
SRR21188792_2 - polyg	(1, 0.8913213083498752)	(2, 0.9326189719934382)	(3, 0.9335959757176062)	(4, 0.9350878320267091)	(5, 0.9358945695416859)	(6, 0.9368736002445347)	(7, 0.938031005071298)	(8, 0.9394052966169117)	(9, 0.9411099856875035)	(10, 0.9426808941651594)	(11, 0.9442923422164323)	(12, 0.9461632435388534)	(13, 0.9478375279292325)	(14, 0.948794261866592)	(15, 0.9496678896780367)	(16, 0.9510969096480334)	(17, 0.9516948683588831)	(18, 0.9522603954108392)	(19, 0.9528765969298165)	(20, 0.9534036113868365)	(21, 0.9539367067798991)	(22, 0.9544860180024085)	(23, 0.9550110054807477)	(24, 0.9555258580656826)	(25, 0.9561643563501492)	(26, 0.9566650200843183)	(27, 0.9570927125859768)	(28, 0.957526486023678)	(29, 0.9579582324826982)	(30, 0.9583494393681016)	(31, 0.9587001066798879)	(32, 0.9591115833520998)	(33, 0.9595129251309074)	(34, 0.959912239931034)	(35, 0.9603520943047777)	(36, 0.960690599744479)	(37, 0.9610615368430739)	(38, 0.9614345009203497)	(39, 0.9618338157204764)	(40, 0.9622006988617096)
SRR21188793_1 - polya	(1, 0.00036920098847411314)	(2, 0.003649409770686426)	(3, 0.007234919370290794)	(4, 0.017380846534319788)	(5, 0.024845333185905382)	(6, 0.034844526623745944)	(7, 0.04515138755198161)	(8, 0.05649011790954235)	(9, 0.07811677581131445)	(10, 0.10084867000550583)	(11, 0.1120075332148356)	(12, 0.12035242222355176)	(13, 0.1288345782664442)	(14, 0.14009284174190162)	(15, 0.14861523122584575)	(16, 0.15585015059613652)	(17, 0.1613857987502452)	(18, 0.1667131796800864)	(19, 0.17249496182651114)	(20, 0.17769217574118518)	(21, 0.18398752592926942)	(22, 0.19074674402594935)	(23, 0.19724089474628886)	(24, 0.2034818114553032)	(25, 0.2096730280312537)	(26, 0.21803921709699725)	(27, 0.226237372379525)	(28, 0.2345065278521439)	(29, 0.2427188831726899)	(30, 0.2525263760972843)	(31, 0.26145820001075415)	(32, 0.26907178706153123)	(33, 0.27689600800957875)	(34, 0.28777797047755294)	(35, 0.29567792496169776)	(36, 0.30210344216494917)	(37, 0.3079822579044985)	(38, 0.31331910552635184)	(39, 0.3189872873686307)	(40, 0.3239999007890677)
SRR21188793_2 - polya	(1, 0.0027358739915133)	(2, 0.007961487982223825)	(3, 0.01056246161256389)	(4, 0.014576339025718352)	(5, 0.018292015640489875)	(6, 0.021600624498738657)	(7, 0.02464653265365009)	(8, 0.030390448032026198)	(9, 0.038115268713946104)	(10, 0.049020897911950675)	(11, 0.05376844395604728)	(12, 0.05965909306061182)	(13, 0.06542904184202136)	(14, 0.0713622910606406)	(15, 0.0777641415338616)	(16, 0.08621553082771453)	(17, 0.09233574721357388)	(18, 0.09908786529124468)	(19, 0.1046874136164354)	(20, 0.1129139689749996)	(21, 0.11955248674852452)	(22, 0.12722524062437757)	(23, 0.13379985822682042)	(24, 0.14022774210307487)	(25, 0.14653965900218036)	(26, 0.15463841401858047)	(27, 0.16151596576541236)	(28, 0.167172314242676)	(29, 0.17212576083803702)	(30, 0.17704370733835245)	(31, 0.18175338661440044)	(32, 0.18616959843807154)	(33, 0.19128634547064227)	(34, 0.195858757712514)	(35, 0.20123820544842205)	(36, 0.2062531855418621)	(37, 0.21038776327817155)	(38, 0.21489390867595817)	(39, 0.21884151924502754)	(40, 0.22347546498497825)
SRR21188793_2 - polyg	(1, 1.007992065397423)	(2, 1.0516335155734657)	(3, 1.0525872847936906)	(4, 1.0539836218654837)	(5, 1.0548001240515321)	(6, 1.055763359963769)	(7, 1.0568685962561883)	(8, 1.058231799905939)	(9, 1.0600328380612518)	(10, 1.061739209296443)	(11, 1.0632444133263759)	(12, 1.0650975182877556)	(13, 1.066983756671178)	(14, 1.0679446259104117)	(15, 1.0688131949025272)	(16, 1.070680499901925)	(17, 1.0713029349017245)	(18, 1.071889869806478)	(19, 1.0726306384564293)	(20, 1.0731915399581498)	(21, 1.073754808132873)	(22, 1.0743157096345932)	(23, 1.0747819442161919)	(24, 1.0752884122388424)	(25, 1.0759013805466295)	(26, 1.0764220486072982)	(27, 1.0768930165349029)	(28, 1.0773521510974926)	(29, 1.0777923522760577)	(30, 1.078223086762611)	(31, 1.0785970210970912)	(32, 1.0789827887965866)	(33, 1.0794490233781853)	(34, 1.0798182243666594)	(35, 1.0802039920661548)	(36, 1.0805305929405742)	(37, 1.0809258273320816)	(38, 1.081304495012568)	(39, 1.0816997294040755)	(40, 1.0821564972936621)
SRR21188794_1 - polya	(1, 0.00044058066573607725)	(2, 0.003415612736893326)	(3, 0.006946933527414309)	(4, 0.017507518575815433)	(5, 0.025800670804089976)	(6, 0.03657487072072677)	(7, 0.048125649689595346)	(8, 0.06198168911150723)	(9, 0.08601781209777544)	(10, 0.1136609111403981)	(11, 0.126626888611328)	(12, 0.13696495817198365)	(13, 0.1472718755643549)	(14, 0.15979504721467128)	(15, 0.1699306276814785)	(16, 0.17803686690004683)	(17, 0.18414269188378318)	(18, 0.1902062389248479)	(19, 0.19650342722804534)	(20, 0.20230218083869292)	(21, 0.20956063604895092)	(22, 0.21695927601648857)	(23, 0.22399966604875599)	(24, 0.23137827962239657)	(25, 0.23820282963155084)	(26, 0.2475128776388223)	(27, 0.25587945997805284)	(28, 0.26570574391689383)	(29, 0.27565886168374976)	(30, 0.28858701152176297)	(31, 0.2991231198665121)	(32, 0.3082996585811362)	(33, 0.3174005420299269)	(34, 0.3308849805873038)	(35, 0.3410072101248463)	(36, 0.3491535021312088)	(37, 0.3564008315670796)	(38, 0.362947237216552)	(39, 0.3702435200597267)	(40, 0.37625588853861)
SRR21188794_2 - polya	(1, 0.003006184239441618)	(2, 0.009626019999870051)	(3, 0.012569899902742931)	(4, 0.016966805940593882)	(5, 0.021130070716312066)	(6, 0.024901708233598184)	(7, 0.02826391725343259)	(8, 0.03436751708229148)	(9, 0.04257611342522274)	(10, 0.05559994492296647)	(11, 0.061354195436064934)	(12, 0.06768253590754678)	(13, 0.07430237166797521)	(14, 0.08121592787222769)	(15, 0.08864572000804972)	(16, 0.09872789675779803)	(17, 0.10584616721077637)	(18, 0.11441523864385533)	(19, 0.12075247973484698)	(20, 0.13107719836623788)	(21, 0.13894312085804109)	(22, 0.14799505089952775)	(23, 0.15643951365946923)	(24, 0.16379587568433526)	(25, 0.17103652965557362)	(26, 0.18072262883713494)	(27, 0.18901800622028694)	(28, 0.1953396712271364)	(29, 0.2005999373574399)	(30, 0.20647657138879838)	(31, 0.21139416366797378)	(32, 0.2162516767654579)	(33, 0.22221731699191458)	(34, 0.2272839946478795)	(35, 0.23376142049615078)	(36, 0.23922862603005757)	(37, 0.24350537370452596)	(38, 0.24820267565083332)	(39, 0.25250612518383114)	(40, 0.2572724069313396)
SRR21188794_2 - polyg	(1, 0.8310196914635849)	(2, 0.8689541318144367)	(3, 0.8698731207788256)	(4, 0.871161485452872)	(5, 0.8720070443063048)	(6, 0.872961635748733)	(7, 0.87397853152773)	(8, 0.8752535452725116)	(9, 0.8770803974269021)	(10, 0.8785979530533263)	(11, 0.8800198270200201)	(12, 0.8819112086658568)	(13, 0.8835956509080901)	(14, 0.8844857128590722)	(15, 0.8854024766685835)	(16, 0.8877633659935632)	(17, 0.8884487136958193)	(18, 0.8889783005566536)	(19, 0.8895968936125861)	(20, 0.8901487320221949)	(21, 0.8906538421793773)	(22, 0.8911767535755791)	(23, 0.8916529367193545)	(24, 0.892100192849723)	(25, 0.8926364551751895)	(26, 0.8931504659518816)	(27, 0.8935977220822501)	(28, 0.8941095077040647)	(29, 0.8945189362015165)	(30, 0.8949350401636005)	(31, 0.8953311177317875)	(32, 0.8957271952999745)	(33, 0.8961254980230389)	(34, 0.8964726221839219)	(35, 0.896835322428947)	(36, 0.8971957975190947)	(37, 0.8975273455958355)	(38, 0.8979568004871843)	(39, 0.898370679294391)	(40, 0.8987600813979455)
SRR21188795_1 - polya	(1, 0.0009490710698078706)	(2, 0.0066341470347653616)	(3, 0.012312210159305554)	(4, 0.030858835449590394)	(5, 0.04316637038195108)	(6, 0.05910421903700049)	(7, 0.07405325719321067)	(8, 0.091323545527547)	(9, 0.12368079121296706)	(10, 0.1602200274005701)	(11, 0.1756646396129361)	(12, 0.18832047895268933)	(13, 0.20050412037101106)	(14, 0.21413708214224134)	(15, 0.2255609991820223)	(16, 0.23562442518084714)	(17, 0.24402347038729955)	(18, 0.2517001930307701)	(19, 0.2593605523799336)	(20, 0.266151319517352)	(21, 0.2748565920886932)	(22, 0.2835945912486484)	(23, 0.29149104955852767)	(24, 0.30029683950918346)	(25, 0.30920314683915384)	(26, 0.32148730563679023)	(27, 0.3326096705386273)	(28, 0.3467428815929583)	(29, 0.3596324822799548)	(30, 0.3749812523399511)	(31, 0.3877422842859638)	(32, 0.39820777980204713)	(33, 0.4097953297848984)	(34, 0.4229046661383037)	(35, 0.43442676294392685)	(36, 0.4433237198200075)	(37, 0.45272560120613375)	(38, 0.46016154966194367)	(39, 0.4675039935788563)	(40, 0.47479033477243054)
SRR21188795_2 - polya	(1, 0.00827281407894102)	(2, 0.020232044603909163)	(3, 0.025475311622576782)	(4, 0.034080066814603314)	(5, 0.040211626952795544)	(6, 0.04548995817354966)	(7, 0.050095056714243025)	(8, 0.058774615537387415)	(9, 0.07164785293007693)	(10, 0.09181444435675797)	(11, 0.09892078931295482)	(12, 0.10738295008316294)	(13, 0.11577965767614291)	(14, 0.12433298537177592)	(15, 0.13410187207307417)	(16, 0.14715510570314105)	(17, 0.15650322197940134)	(18, 0.16729130815468043)	(19, 0.17497270602509588)	(20, 0.18665843577378932)	(21, 0.19591070989767986)	(22, 0.20712891695188668)	(23, 0.21701000909986173)	(24, 0.22629734742583874)	(25, 0.23506339794746317)	(26, 0.24631433159028407)	(27, 0.25523933982803393)	(28, 0.26269632680509575)	(29, 0.2687554209256426)	(30, 0.27528671296762086)	(31, 0.28087127155326375)	(32, 0.28699348123756624)	(33, 0.2940016464279209)	(34, 0.30013320656611314)	(35, 0.3070852690331294)	(36, 0.3139672030959727)	(37, 0.31930397465353766)	(38, 0.32493528550862916)	(39, 0.3305268569346893)	(40, 0.3365625749205118)
SRR21188795_2 - polyg	(1, 0.6864191576587511)	(2, 0.7105713800559307)	(3, 0.7112890273919676)	(4, 0.7124975735572157)	(5, 0.7131521053294969)	(6, 0.7140100094738799)	(7, 0.7148515503239559)	(8, 0.7159923056985033)	(9, 0.7174088994627977)	(10, 0.7187203006208327)	(11, 0.7200527403001197)	(12, 0.7214856973587211)	(13, 0.7227760599955043)	(14, 0.7235217586932104)	(15, 0.7242627821639718)	(16, 0.7257939189884155)	(17, 0.7263175444062405)	(18, 0.7268341569836483)	(19, 0.7273694704688355)	(20, 0.7277949161208184)	(21, 0.7281712718898801)	(22, 0.7285102258433829)	(23, 0.7288632054777203)	(24, 0.7292278731794198)	(25, 0.7297070839412687)	(26, 0.7300904525507477)	(27, 0.7304551202524473)	(28, 0.7307964118194226)	(29, 0.7311587419076497)	(30, 0.7314602940455935)	(31, 0.7317922351586791)	(32, 0.7321709285412132)	(33, 0.7325122201081885)	(34, 0.7328301355404394)	(35, 0.7332088289229736)	(36, 0.7335641461707835)	(37, 0.7339054377377586)	(38, 0.7342934815741826)	(39, 0.7346394483681027)	(40, 0.7350765820874476)
SRR21188796_1 - polya	(1, 0.0002991750433618374)	(2, 0.0017826876550734276)	(3, 0.003735979260493688)	(4, 0.0103549180297469)	(5, 0.016602978646072214)	(6, 0.02675762247323805)	(7, 0.037666385211357276)	(8, 0.05066442821097033)	(9, 0.07081547452005277)	(10, 0.09263299999629122)	(11, 0.10583873476154389)	(12, 0.11472992034773535)	(13, 0.12400929173399135)	(14, 0.1347029451434124)	(15, 0.14305759366836818)	(16, 0.15073229891295614)	(17, 0.1562188230552695)	(18, 0.16180672055938317)	(19, 0.16702621243158844)	(20, 0.17158059614954302)	(21, 0.17756656953779928)	(22, 0.18371572931334382)	(23, 0.18946434068372625)	(24, 0.19544784155096298)	(25, 0.20132996905639944)	(26, 0.20879451001432825)	(27, 0.2153392731529959)	(28, 0.2229200225988421)	(29, 0.23050324456570787)	(30, 0.24024250486159446)	(31, 0.2490051193547709)	(32, 0.2560072988820496)	(33, 0.2632765106794364)	(34, 0.2721751138286864)	(35, 0.27987207176245005)	(36, 0.2862734286819856)	(37, 0.2921852264396563)	(38, 0.2978077392380432)	(39, 0.30318299993447817)	(40, 0.3080415037378337)
SRR21188796_2 - polya	(1, 0.003417024048975696)	(2, 0.00905189945246022)	(3, 0.012184583584191194)	(4, 0.016815615453750876)	(5, 0.021382361776803055)	(6, 0.02567713078770811)	(7, 0.029069429626488612)	(8, 0.03516666646062325)	(9, 0.042786976242781785)	(10, 0.05379958486372082)	(11, 0.05935286707356121)	(12, 0.06559103760580845)	(13, 0.07206904267694905)	(14, 0.07879677237106111)	(15, 0.08577175416712511)	(16, 0.09464810462719946)	(17, 0.10140055953150671)	(18, 0.10961674687936941)	(19, 0.11577085169695299)	(20, 0.12510709106665793)	(21, 0.13243564336851318)	(22, 0.14069880861574674)	(23, 0.14795813032905547)	(24, 0.1548762441416705)	(25, 0.16174985257593422)	(26, 0.17007483084865574)	(27, 0.17718827382181282)	(28, 0.1829838630915661)	(29, 0.1885148926122308)	(30, 0.1942115810412033)	(31, 0.19882530526362638)	(32, 0.20345633713318606)	(33, 0.20871291682068413)	(34, 0.21340823423675132)	(35, 0.21876618728604966)	(36, 0.22411177773025043)	(37, 0.22817412976532067)	(38, 0.2325430744068113)	(39, 0.2366004813998425)	(40, 0.24113013990760188)
SRR21188796_2 - polyg	(1, 1.7892793961114661)	(2, 1.847811386206547)	(3, 1.848938855791448)	(4, 1.8505806097484085)	(5, 1.851596815887431)	(6, 1.8529023069857373)	(7, 1.8544649402700735)	(8, 1.8569968017940612)	(9, 1.8604781113895446)	(10, 1.8632498074524255)	(11, 1.866241557886044)	(12, 1.8704201184090317)	(13, 1.8733896161534744)	(14, 1.8750462052365522)	(15, 1.876940156337504)	(16, 1.883499754602289)	(17, 1.884753322759185)	(18, 1.8857596388141296)	(19, 1.8868228228525228)	(20, 1.8876708975622178)	(21, 1.8886104555496352)	(22, 1.8893200690822374)	(23, 1.8899110016059024)	(24, 1.890504406650587)	(25, 1.8912535805195014)	(26, 1.8919434138839473)	(27, 1.8924873685082415)	(28, 1.8931500041414726)	(29, 1.8937211564969816)	(30, 1.8941686828015147)	(31, 1.8945543960805598)	(32, 1.8950612628895611)	(33, 1.8956052175138554)	(34, 1.8959810407088222)	(35, 1.8964063143241796)	(36, 1.8968043902083223)	(37, 1.8971777408822696)	(38, 1.8976005419766075)	(39, 1.8980060354238086)	(40, 1.8984659243334392)
SRR21188797_1 - polya	(1, 0.0002678023909909785)	(2, 0.0018000978107480558)	(3, 0.0038353959822794927)	(4, 0.009957591511977601)	(5, 0.01522049067406118)	(6, 0.023159085029611143)	(7, 0.03209902745582303)	(8, 0.041576903380460266)	(9, 0.05958253892082762)	(10, 0.07661709970429725)	(11, 0.08653510303673706)	(12, 0.09421986729995645)	(13, 0.10156696767888286)	(14, 0.11189016767247423)	(15, 0.12014779618076997)	(16, 0.1272294228851488)	(17, 0.13175877636756145)	(18, 0.13663510860004063)	(19, 0.14136473169658567)	(20, 0.14535149424768615)	(21, 0.15016495113619355)	(22, 0.15497607930825757)	(23, 0.15982446694341598)	(24, 0.16486613804337658)	(25, 0.16970288209631798)	(26, 0.17624424658582807)	(27, 0.18299985298813093)	(28, 0.1894317678048012)	(29, 0.1958660113379149)	(30, 0.20387446718676686)	(31, 0.21124951216301407)	(32, 0.21745554148467455)	(33, 0.22379663636005226)	(34, 0.23248507741037697)	(35, 0.23870507903069788)	(36, 0.24404482583541362)	(37, 0.24896307496387404)	(38, 0.25347845614762626)	(39, 0.25794027685318033)	(40, 0.2623601806627532)
SRR21188797_2 - polya	(1, 0.0023310451598432132)	(2, 0.0062153441874341015)	(3, 0.008585977526815112)	(4, 0.011815907233810652)	(5, 0.015271722435815975)	(6, 0.018399188619301926)	(7, 0.021403232831287686)	(8, 0.026256277899332894)	(9, 0.03228532477129501)	(10, 0.04050802253293975)	(11, 0.0449698432384938)	(12, 0.05006973224953939)	(13, 0.05535591857605696)	(14, 0.060697994097216136)	(15, 0.0661006162459037)	(16, 0.07301690408280115)	(17, 0.0784824015754605)	(18, 0.0848118528686212)	(19, 0.08959969387625122)	(20, 0.09636694386077108)	(21, 0.10187202953296823)	(22, 0.10818517981102513)	(23, 0.11380437258894888)	(24, 0.11943055151620283)	(25, 0.12519645343006075)	(26, 0.13182863786086343)	(27, 0.137347695831721)	(28, 0.1422216993477568)	(29, 0.14636448590056506)	(30, 0.1508449363376663)	(31, 0.1547199204994836)	(32, 0.15855997391464988)	(33, 0.16264919998925995)	(34, 0.16648226725509604)	(35, 0.17083696700425371)	(36, 0.17524289851516614)	(37, 0.17878720494202066)	(38, 0.18244328975815838)	(39, 0.1858921188108335)	(40, 0.1897880614206414)
SRR21188797_2 - polyg	(1, 1.6074454281020325)	(2, 1.6668346835580579)	(3, 1.6678965782562483)	(4, 1.6695616105132791)	(5, 1.6707282974514224)	(6, 1.6721371708996793)	(7, 1.6736485078714458)	(8, 1.6759772243148456)	(9, 1.679351534441332)	(10, 1.6820481880827889)	(11, 1.6848193606504347)	(12, 1.6888480400975163)	(13, 1.691798523831304)	(14, 1.6935217739994197)	(15, 1.6952799549141866)	(16, 1.7009270922894313)	(17, 1.7020774782124708)	(18, 1.7029111586992078)	(19, 1.703977710830285)	(20, 1.704874266660994)	(21, 1.705759178909486)	(22, 1.7065369702015813)	(23, 1.7071727097906295)	(24, 1.7077548889014795)	(25, 1.7086421298664147)	(26, 1.7094897826518123)	(27, 1.7101604529875114)	(28, 1.7108474243383145)	(29, 1.7114202885833907)	(30, 1.7118441149760895)	(31, 1.7123238305634298)	(32, 1.7128920373756196)	(33, 1.7134392857398184)	(34, 1.7138724269982908)	(35, 1.714345156436301)	(36, 1.7148714463525092)	(37, 1.715346504506963)	(38, 1.7159473133493601)	(39, 1.7164060704887099)	(40, 1.7171512597505978)
SRR21188798_1 - polya	(1, 0.0003488071016571502)	(2, 0.0030953742796064987)	(3, 0.0062115383864640855)	(4, 0.01588111803902588)	(5, 0.02349712475534127)	(6, 0.03415999615434395)	(7, 0.045076965441971054)	(8, 0.05800130804973102)	(9, 0.08074306908161608)	(10, 0.10540673414382398)	(11, 0.11836803644447477)	(12, 0.12774424853471564)	(13, 0.13768640592234727)	(14, 0.14938876868390438)	(15, 0.1580904663788877)	(16, 0.1660137005423581)	(17, 0.1719064615776388)	(18, 0.17808335025201774)	(19, 0.18369660360981163)	(20, 0.18885248076808156)	(21, 0.19521416790691462)	(22, 0.2021117705926646)	(23, 0.20845959784666362)	(24, 0.21519550187601627)	(25, 0.22166113815110475)	(26, 0.2304044155005903)	(27, 0.23810820148752138)	(28, 0.24706168709032347)	(29, 0.25558089630165837)	(30, 0.26653713526298195)	(31, 0.2760819759520372)	(32, 0.28389202105602945)	(33, 0.29239275042091895)	(34, 0.30427991164693013)	(35, 0.3133696861172671)	(36, 0.32041281759377477)	(37, 0.3268530440800008)	(38, 0.33260951624774665)	(39, 0.3390520527147784)	(40, 0.34472767555432554)
SRR21188798_2 - polya	(1, 0.002975255277711321)	(2, 0.008807956812044462)	(3, 0.011755492320087664)	(4, 0.016292294622436292)	(5, 0.020678948172415952)	(6, 0.024467316693725396)	(7, 0.027969247595130958)	(8, 0.03426163530979372)	(9, 0.04244127734269418)	(10, 0.05440235795448705)	(11, 0.05999713146583551)	(12, 0.06646507772172969)	(13, 0.07263965641530294)	(14, 0.07934091073257045)	(15, 0.08652495103822434)	(16, 0.09576718424173598)	(17, 0.10288423510402525)	(18, 0.1111724462347925)	(19, 0.117402464467702)	(20, 0.12657539824704334)	(21, 0.13422836465624957)	(22, 0.14283535313820017)	(23, 0.15051141935546314)	(24, 0.15785253835590304)	(25, 0.16496265927577528)	(26, 0.1739323147442171)	(27, 0.18146054218991678)	(28, 0.1876374308642957)	(29, 0.1930751256808582)	(30, 0.19878308825168478)	(31, 0.20374030706066654)	(32, 0.20860281665661556)	(33, 0.2143084692466365)	(34, 0.21959601531082998)	(35, 0.2251538291292876)	(36, 0.23097036079798103)	(37, 0.23545172356099342)	(38, 0.24019411415504724)	(39, 0.24459000762824962)	(40, 0.24970430513201736)
SRR21188798_2 - polyg	(1, 1.180092964253532)	(2, 1.2266506273919418)	(3, 1.2278217876604198)	(4, 1.2296004728807908)	(5, 1.2307023337250984)	(6, 1.2319127636672729)	(7, 1.2333588116516263)	(8, 1.2352599258546981)	(9, 1.2379210237428375)	(10, 1.2400993356425905)	(11, 1.242335397062485)	(12, 1.2455162406319018)	(13, 1.2477892617446873)	(14, 1.2490713010918377)	(15, 1.2506443980205035)	(16, 1.2550934210522364)	(17, 1.2559989335280617)	(18, 1.25671040761621)	(19, 1.2575766504183388)	(20, 1.2582788845832644)	(21, 1.2590042185562467)	(22, 1.259523964237524)	(23, 1.260073739669275)	(24, 1.2606281350626374)	(25, 1.2612841696114494)	(26, 1.2618616648128687)	(27, 1.2625130794000694)	(28, 1.2630836446590714)	(29, 1.2636449699948509)	(30, 1.2640700064630952)	(31, 1.2645089028161738)	(32, 1.2649570390924751)	(33, 1.2654236552152218)	(34, 1.2658602415874947)	(35, 1.2662552483052651)	(36, 1.2666779747927042)	(37, 1.2671515208578676)	(38, 1.2675742473453064)	(39, 1.2679969738327452)	(40, 1.2684035304545445)
SRR21188799_1 - polya	(1, 0.000611161447830563)	(2, 0.005487289553137178)	(3, 0.009951588867444123)	(4, 0.019525197885614572)	(5, 0.02564245385420787)	(6, 0.03219222407818895)	(7, 0.039781909011863265)	(8, 0.048471684551632595)	(9, 0.06799876293400972)	(10, 0.0862959964336755)	(11, 0.09448555983460505)	(12, 0.1013832219596589)	(13, 0.10942610661310911)	(14, 0.12002458636687235)	(15, 0.12689968253077555)	(16, 0.13309591936339618)	(17, 0.13793067653992658)	(18, 0.1428538170642971)	(19, 0.1476283983444257)	(20, 0.15205508772348153)	(21, 0.1575498992636689)	(22, 0.16330609985385156)	(23, 0.16922778415913908)	(24, 0.17490124289176925)	(25, 0.18038289095461876)	(26, 0.18756638858758107)	(27, 0.19488716248420995)	(28, 0.20206501862688458)	(29, 0.20923723327927155)	(30, 0.2175998023823562)	(31, 0.22528351215415832)	(32, 0.2318201189008015)	(33, 0.2384281845244218)	(34, 0.24819360421237294)	(35, 0.2544368534640574)	(36, 0.25952547770353285)	(37, 0.2648905349671039)	(38, 0.26928713639795887)	(39, 0.27373639173816533)	(40, 0.2783191623485133)
SRR21188799_2 - polya	(1, 0.002343098966144251)	(2, 0.006008187156365074)	(3, 0.008283588239057324)	(4, 0.011738060791871922)	(5, 0.015012005655481183)	(6, 0.018003876004707108)	(7, 0.0208490676064537)	(8, 0.026298747224339766)	(9, 0.03351045230874041)	(10, 0.042251001261098736)	(11, 0.04654981686030079)	(12, 0.05119464386381307)	(13, 0.056125306375233795)	(14, 0.06140950227801497)	(15, 0.06699833865633015)	(16, 0.07440373490727402)	(17, 0.08012608655573064)	(18, 0.08620573258907283)	(19, 0.09142411110516456)	(20, 0.09807918914784876)	(21, 0.1038429117250816)	(22, 0.11026292767244635)	(23, 0.11583107858637341)	(24, 0.12129392168159737)	(25, 0.12711593965846946)	(26, 0.1339891553256101)	(27, 0.13988451267622182)	(28, 0.1450126273477109)	(29, 0.14965933484798571)	(30, 0.15432296681912355)	(31, 0.1584901476449467)	(32, 0.16261971853551876)	(33, 0.16702196145666137)	(34, 0.17126812314651188)	(35, 0.17567788805470472)	(36, 0.1801609923366372)	(37, 0.18392198586174835)	(38, 0.1877600797541243)	(39, 0.1914007214864319)	(40, 0.19588570626512694)
SRR21188799_2 - polyg	(1, 1.1596835485003998)	(2, 1.2177269615734403)	(3, 1.2187612347928458)	(4, 1.2208391837154697)	(5, 1.2219411548183272)	(6, 1.223355288383769)	(7, 1.2250496159668316)	(8, 1.227714279879373)	(9, 1.2318081213314565)	(10, 1.234944789931399)	(11, 1.238596714644282)	(12, 1.2448456053862542)	(13, 1.2478976516318818)	(14, 1.2501467257598984)	(15, 1.2532156964763892)	(16, 1.2634700453226047)	(17, 1.2648051980240191)	(18, 1.265982388997379)	(19, 1.2674360129948343)	(20, 1.2683029220023725)	(21, 1.2690607621976824)	(22, 1.2698599733217686)	(23, 1.27083971213506)	(24, 1.271638923259146)	(25, 1.272684479459127)	(26, 1.273713111188245)	(27, 1.2744859953576553)	(28, 1.275083993328148)	(29, 1.2758305505428824)	(30, 1.276428548513375)	(31, 1.2769532071101282)	(32, 1.2775248781259452)	(33, 1.2780946686449994)	(34, 1.2786024027708893)	(35, 1.279230488689583)	(36, 1.2797156568543224)	(37, 1.2801839005481987)	(38, 1.2807649740478284)	(39, 1.2813084376122068)	(40, 1.2819327625373753)
