.	Basic Statistics	Per Base Sequence Quality	Per Tile Sequence Quality	Per Sequence Quality Scores	Per Base Sequence Content	Per Sequence GC Content	Per Base N Content	Sequence Length Distribution	Sequence Duplication Levels	Overrepresented Sequences	Adapter Content
SRR21188779_1	1	1	0.25	1	0.5	0.25	1	1	0.25	0.5	1
SRR21188779_2	1	1	0.25	1	0.5	0.25	1	1	0.25	0.25	1
SRR21188780_1	1	1	0.25	1	0.5	1	1	1	0.25	0.5	1
SRR21188780_2	1	1	0.25	1	0.5	1	1	1	0.25	0.25	1
SRR21188781_1	1	1	0.25	1	0.5	1	1	1	0.25	0.5	1
SRR21188781_2	1	1	0.25	1	0.5	1	1	1	0.25	0.5	1
SRR21188782_1	1	1	0.25	1	0.5	1	1	1	0.25	0.5	1
SRR21188782_2	1	1	0.25	1	0.5	0.5	1	1	0.25	0.5	1
SRR21188783_1	1	1	0.25	1	0.5	1	1	1	0.25	0.5	1
SRR21188783_2	1	1	0.25	1	0.5	1	1	1	0.25	0.5	1
SRR21188784_1	1	1	0.25	1	0.5	1	1	1	0.25	0.5	1
SRR21188784_2	1	1	0.25	1	0.5	0.5	1	1	0.25	0.5	1
SRR21188785_1	1	1	0.25	1	0.25	1	1	1	0.25	0.5	1
SRR21188785_2	1	1	0.25	1	0.5	1	1	1	0.25	0.5	1
SRR21188786_1	1	1	0.25	1	0.5	1	1	1	0.25	0.5	1
SRR21188786_2	1	1	0.25	1	0.5	1	1	1	0.25	0.5	1
SRR21188787_1	1	1	0.25	1	0.5	1	1	1	0.25	0.5	1
SRR21188787_2	1	1	0.25	1	0.5	1	1	1	0.25	0.5	1
SRR21188788_1	1	1	0.25	1	0.5	1	1	1	0.25	0.5	1
SRR21188788_2	1	1	0.25	1	0.5	1	1	1	0.25	0.5	1
SRR21188789_1	1	1	0.25	1	0.5	1	1	1	0.25	0.5	1
SRR21188789_2	1	1	0.25	1	0.5	1	1	1	0.25	0.5	1
SRR21188790_1	1	1	0.25	1	0.5	1	1	1	0.25	0.5	1
SRR21188790_2	1	1	0.25	1	0.5	1	1	1	0.25	0.5	1
SRR21188791_1	1	1	0.25	1	0.5	1	1	1	0.25	0.5	1
SRR21188791_2	1	1	0.25	1	0.5	1	1	1	0.25	0.5	1
SRR21188792_1	1	1	0.25	1	0.5	1	1	1	0.25	0.5	1
SRR21188792_2	1	1	0.25	1	0.5	1	1	1	0.25	0.5	1
SRR21188793_1	1	1	0.25	1	0.5	1	1	1	0.25	0.5	1
SRR21188793_2	1	1	0.25	1	0.5	1	1	1	0.25	0.5	1
SRR21188794_1	1	1	0.25	1	0.5	1	1	1	0.25	0.5	1
SRR21188794_2	1	1	0.25	1	0.5	1	1	1	0.25	0.5	1
SRR21188795_1	1	1	0.25	1	0.25	1	1	1	0.25	0.5	1
SRR21188795_2	1	1	0.25	1	0.5	0.5	1	1	0.25	0.5	1
SRR21188796_1	1	1	0.25	1	0.5	1	1	1	0.25	0.5	1
SRR21188796_2	1	1	0.25	1	0.5	1	1	1	0.25	0.25	1
SRR21188797_1	1	1	0.25	1	0.5	1	1	1	0.25	0.5	1
SRR21188797_2	1	1	0.25	1	0.5	1	1	1	0.25	0.25	1
SRR21188798_1	1	1	0.25	1	0.5	1	1	1	0.25	0.5	1
SRR21188798_2	1	1	0.25	1	0.5	1	1	1	0.25	0.5	1
SRR21188799_1	1	1	0.25	1	0.5	1	1	1	0.25	0.5	1
SRR21188799_2	1	1	0.25	1	0.5	1	1	1	0.25	0.5	1
