Sample	0	1	2	3	4	5	6	7	8	9	10	11	12	13	14	15	16	17	18	19	20	21	22	23	24	25	26	27	28	29	30	31	32	33	34	35	36	37	38	39	40	41	42	43	44	45	46	47	48	49	50
SRR21188779_1	(1, 33.10180689777287)	(2, 33.29344881966652)	(3, 33.30647833250447)	(4, 33.323628351055426)	(5, 33.477507349120586)	(6, 33.49117376886146)	(7, 33.48991041445107)	(8, 33.40461772387555)	(9, 33.50090646371416)	(10, 33.47036965922029)	(11, 33.44760972531127)	(12, 33.493153157775204)	(13, 33.51511974860574)	(14, 33.47876123633114)	(15, 33.51713444314685)	(16, 33.51944439856688)	(17, 33.50770846076415)	(18, 33.518621082912475)	(19, 33.51771954917029)	(20, 33.51808910069601)	(21, 33.38238142120323)	(22, 33.49929637827722)	(23, 33.50031573524889)	(24, 33.29289021353435)	(25, 33.49863065635993)	(26, 33.43958220130876)	(27, 33.537815851263424)	(28, 33.52769202463035)	(29, 33.43255022158312)	(30, 33.53271976921034)	(31, 33.524328026733556)	(32, 33.42896529479568)	(33, 33.53171529517292)	(34, 33.53555682855172)	(35, 33.5273724963003)	(36, 33.511403934679876)	(37, 33.515194535350346)	(38, 33.50126183511085)	(39, 33.49433114202108)	(40, 33.498703334688855)	(41, 33.50374410183631)	(42, 33.46093834378615)	(43, 33.47627181752894)	(44, 33.383589543390954)	(45, 33.34823806832577)	(46, 33.35867877743392)	(47, 33.47218165646521)	(48, 33.45294616675249)	(49, 33.40700672421305)	(50, 33.44284966684035)	(51, 33.37054853762045)
SRR21188779_2	(1, 33.15156848453509)	(2, 33.32346352255861)	(3, 33.18895792939689)	(4, 33.264226054242464)	(5, 33.353233235816354)	(6, 33.31806659852626)	(7, 33.35625166024816)	(8, 33.3581681687647)	(9, 33.40437620692587)	(10, 33.33919160076645)	(11, 33.350057383013365)	(12, 33.352682525907625)	(13, 33.36965456936984)	(14, 33.35640061361511)	(15, 33.35048034773645)	(16, 33.364412097121814)	(17, 33.330442130428374)	(18, 33.349604983153654)	(19, 33.355161650680294)	(20, 33.3390338416634)	(21, 33.3424045368806)	(22, 33.33762277413057)	(23, 33.34763605363537)	(24, 33.34092323016642)	(25, 33.32978364327079)	(26, 33.38460009462652)	(27, 33.37583305415774)	(28, 33.36877970088486)	(29, 33.36162233243816)	(30, 33.348063896653564)	(31, 33.34693295901651)	(32, 33.34118082895339)	(33, 33.32890447527146)	(34, 33.32227565769805)	(35, 33.22836149001902)	(36, 33.32103206451703)	(37, 33.30982480161204)	(38, 33.30153318820957)	(39, 33.30158631201654)	(40, 33.30072640914877)	(41, 33.30952098304592)	(42, 33.30510562986883)	(43, 33.319677097378026)	(44, 33.30936905309212)	(45, 33.310432356061305)	(46, 33.31352593931107)	(47, 33.28873117755822)	(48, 33.286864609554385)	(49, 33.27650455768157)	(50, 33.27037394633218)	(51, 33.19581321561979)
SRR21188780_1	(1, 33.09862460547036)	(2, 33.28559585631351)	(3, 33.29043991654306)	(4, 33.31564009839025)	(5, 33.46597961673439)	(6, 33.474535955638856)	(7, 33.46751533379334)	(8, 33.38485535576707)	(9, 33.48076178015022)	(10, 33.44009807952705)	(11, 33.42765715912512)	(12, 33.46353396020332)	(13, 33.490592831633904)	(14, 33.45572903513908)	(15, 33.49383568917919)	(16, 33.49606882521631)	(17, 33.4821164590615)	(18, 33.49029729623806)	(19, 33.48894636941274)	(20, 33.48795370817044)	(21, 33.35639648726195)	(22, 33.470747814475885)	(23, 33.47230235059099)	(24, 33.266376206357926)	(25, 33.471532176320956)	(26, 33.42007776960298)	(27, 33.51322910761589)	(28, 33.50164542160358)	(29, 33.408634259177155)	(30, 33.507168785271254)	(31, 33.50015420193908)	(32, 33.40404070931192)	(33, 33.50489941815406)	(34, 33.50561325250832)	(35, 33.497768813288786)	(36, 33.4779055047117)	(37, 33.482971641529105)	(38, 33.464680808728126)	(39, 33.46142253245459)	(40, 33.464433288307326)	(41, 33.46164402277903)	(42, 33.428190893353204)	(43, 33.42683768010049)	(44, 33.3700136279866)	(45, 33.26740521593299)	(46, 33.297759063727916)	(47, 33.43214037421254)	(48, 33.320870388968494)	(49, 33.27877157409122)	(50, 33.31322551382106)	(51, 33.18568601483534)
SRR21188780_2	(1, 33.24809791959438)	(2, 33.33996745124055)	(3, 33.181351710659534)	(4, 33.24958902200619)	(5, 33.33260468605637)	(6, 33.29643528089947)	(7, 33.360832156385065)	(8, 33.36360090269326)	(9, 33.39417958251419)	(10, 33.33469547733232)	(11, 33.34126192089741)	(12, 33.33272662885013)	(13, 33.346384573509624)	(14, 33.333804884553444)	(15, 33.33160510690558)	(16, 33.33554256936456)	(17, 33.31080043513644)	(18, 33.323420107258656)	(19, 33.32921543853223)	(20, 33.31207579260544)	(21, 33.30996923084319)	(22, 33.3109006275569)	(23, 33.31274671247651)	(24, 33.30438272660393)	(25, 33.292737072546906)	(26, 33.34977546257137)	(27, 33.3399532636655)	(28, 33.33322952562172)	(29, 33.32723363362821)	(30, 33.31360611604082)	(31, 33.31424531906024)	(32, 33.30989735494648)	(33, 33.30183904682712)	(34, 33.30403360673044)	(35, 33.21645382323929)	(36, 33.30068311121913)	(37, 33.288304627872655)	(38, 33.27418277295978)	(39, 33.26996759751327)	(40, 33.26611912984319)	(41, 33.27378405519998)	(42, 33.26428394942341)	(43, 33.27522731851578)	(44, 33.26213558707848)	(45, 33.25612785256366)	(46, 33.255933037225354)	(47, 33.23666900712799)	(48, 33.22168153425844)	(49, 33.21310485201289)	(50, 33.20605526875386)	(51, 33.13403784805324)
SRR21188781_1	(1, 33.12533781818122)	(2, 33.30655636081653)	(3, 33.28441594415291)	(4, 33.30632586704333)	(5, 33.456016532243346)	(6, 33.447207713337065)	(7, 33.45056524724533)	(8, 33.386367511332985)	(9, 33.49195997436299)	(10, 33.44990232141077)	(11, 33.43362979472634)	(12, 33.45482706996101)	(13, 33.49018343228397)	(14, 33.453784389545824)	(15, 33.486498725931966)	(16, 33.49075344553033)	(17, 33.47377570801096)	(18, 33.48489084713517)	(19, 33.48541843236537)	(20, 33.48260488283062)	(21, 33.34640537333186)	(22, 33.46318615189597)	(23, 33.46713581882531)	(24, 33.25751877481428)	(25, 33.46344219782272)	(26, 33.41884634839346)	(27, 33.509934293542905)	(28, 33.49832527324179)	(29, 33.40076524409422)	(30, 33.499077631613794)	(31, 33.496295116504356)	(32, 33.392507703366476)	(33, 33.49539016028994)	(34, 33.49813549129533)	(35, 33.49191344656099)	(36, 33.47321594422918)	(37, 33.480086231844176)	(38, 33.457290087807166)	(39, 33.45679253589178)	(40, 33.46421662829752)	(41, 33.44917847085187)	(42, 33.440023077027035)	(43, 33.44382419822789)	(44, 33.397925904046275)	(45, 33.37137816994189)	(46, 33.375000044692435)	(47, 33.43597720814644)	(48, 33.378249601683166)	(49, 33.35202946906987)	(50, 33.41176949831326)	(51, 33.280323976517664)
SRR21188781_2	(1, 33.19190623141465)	(2, 33.3161603474864)	(3, 33.16370461510269)	(4, 33.221294974084465)	(5, 33.319922044002574)	(6, 33.29077747694937)	(7, 33.371413971560024)	(8, 33.377400183265195)	(9, 33.4169414258116)	(10, 33.35280122991668)	(11, 33.369881319066046)	(12, 33.358629123148056)	(13, 33.37995945073453)	(14, 33.37356702652855)	(15, 33.366436736216755)	(16, 33.374407482624)	(17, 33.347510265613444)	(18, 33.35826076215829)	(19, 33.365043857816474)	(20, 33.35090226632585)	(21, 33.34872113259158)	(22, 33.34619037293535)	(23, 33.346262929610184)	(24, 33.34033945416262)	(25, 33.33109863224232)	(26, 33.39924155392276)	(27, 33.389475721056385)	(28, 33.38733949427855)	(29, 33.3806534109944)	(30, 33.36830409331913)	(31, 33.369370323666885)	(32, 33.36734808046955)	(33, 33.35588016907612)	(34, 33.353126066435934)	(35, 33.25681985667387)	(36, 33.3452814599509)	(37, 33.335606775811385)	(38, 33.33217239475474)	(39, 33.32997371775087)	(40, 33.327361248409574)	(41, 33.332212391502566)	(42, 33.32430371394593)	(43, 33.33320492104921)	(44, 33.32105186870264)	(45, 33.31850938175206)	(46, 33.31627742974224)	(47, 33.303819515414375)	(48, 33.29229110834397)	(49, 33.28556998619254)	(50, 33.28318462591754)	(51, 33.19886881188278)
SRR21188782_1	(1, 33.112699741097934)	(2, 33.29515350094526)	(3, 33.29389447350706)	(4, 33.31520913455352)	(5, 33.466114650958694)	(6, 33.465900740737524)	(7, 33.46065109285322)	(8, 33.38820002342098)	(9, 33.489866292675195)	(10, 33.4507364739976)	(11, 33.434472930320936)	(12, 33.46744995678075)	(13, 33.49544147768387)	(14, 33.45838184194106)	(15, 33.496900937428265)	(16, 33.49992032112993)	(17, 33.485096805847846)	(18, 33.49456648813597)	(19, 33.49386881999097)	(20, 33.492869056371276)	(21, 33.35614135562812)	(22, 33.473024108206985)	(23, 33.47602426727532)	(24, 33.26725413425223)	(25, 33.474014983017724)	(26, 33.422917602704764)	(27, 33.52021595258007)	(28, 33.512169844054114)	(29, 33.41171795147682)	(30, 33.511700018821536)	(31, 33.50728583629274)	(32, 33.40728805849498)	(33, 33.512156407482436)	(34, 33.51481333449508)	(35, 33.507460098291624)	(36, 33.488933835943804)	(37, 33.4971433331814)	(38, 33.477644759163404)	(39, 33.47317067019656)	(40, 33.47660340418644)	(41, 33.46839762784562)	(42, 33.44613202961379)	(43, 33.46287804957206)	(44, 33.40712896948627)	(45, 33.37390243622615)	(46, 33.37533613909622)	(47, 33.45048324630052)	(48, 33.37283085929873)	(49, 33.354285785750555)	(50, 33.399797397170694)	(51, 33.26265961225982)
SRR21188782_2	(1, 33.190896826044046)	(2, 33.34222768229371)	(3, 33.173738820126374)	(4, 33.25503454387542)	(5, 33.34763935456084)	(6, 33.309648543728855)	(7, 33.376255572688905)	(8, 33.384475529780765)	(9, 33.42586108011225)	(10, 33.36296696866912)	(11, 33.376321019128824)	(12, 33.37518126710385)	(13, 33.385619416135484)	(14, 33.37269583208916)	(15, 33.37540571986588)	(16, 33.37737316470643)	(17, 33.35262969728334)	(18, 33.36404036470163)	(19, 33.371000219429554)	(20, 33.355150191414296)	(21, 33.35293352917653)	(22, 33.352936299177465)	(23, 33.35566185606393)	(24, 33.34793425630178)	(25, 33.339835724474625)	(26, 33.4003389530244)	(27, 33.39366746779641)	(28, 33.3866320375207)	(29, 33.382164191391766)	(30, 33.371219959055665)	(31, 33.370610145417814)	(32, 33.36602765432497)	(33, 33.35511600050728)	(34, 33.34951791131181)	(35, 33.25690884226674)	(36, 33.35249070111721)	(37, 33.344212532662496)	(38, 33.33778939662248)	(39, 33.33387455844066)	(40, 33.326436361760884)	(41, 33.3251030817604)	(42, 33.31606684260307)	(43, 33.32413730233124)	(44, 33.309657143134736)	(45, 33.30943984276317)	(46, 33.309465268891124)	(47, 33.29254961738329)	(48, 33.28929594121479)	(49, 33.28059425202068)	(50, 33.27760699206116)	(51, 33.19845537306279)
SRR21188783_1	(1, 33.13524620122369)	(2, 33.32077760587427)	(3, 33.30594752238099)	(4, 33.323843553019735)	(5, 33.47355236601587)	(6, 33.46933196543424)	(7, 33.476733461681846)	(8, 33.40729782017584)	(9, 33.511684712608684)	(10, 33.47481442960787)	(11, 33.45686921113958)	(12, 33.48672386793492)	(13, 33.51935509290151)	(14, 33.48226892998214)	(15, 33.517119732199596)	(16, 33.51966619178896)	(17, 33.50341050930488)	(18, 33.515332150359754)	(19, 33.514065045486376)	(20, 33.512852499527376)	(21, 33.38039363220201)	(22, 33.493878718313105)	(23, 33.49659073923677)	(24, 33.29075946079491)	(25, 33.495138614625255)	(26, 33.445066393557994)	(27, 33.53991749024282)	(28, 33.5278108294498)	(29, 33.43367243803081)	(30, 33.52996915748763)	(31, 33.52593203339731)	(32, 33.42823722998078)	(33, 33.528106757378325)	(34, 33.53284080328343)	(35, 33.526728932773686)	(36, 33.50979051002337)	(37, 33.49170022514975)	(38, 33.49602173404767)	(39, 33.48840035312527)	(40, 33.49797596086175)	(41, 33.49350947978805)	(42, 33.45456633495899)	(43, 33.47565085828404)	(44, 33.421588439446616)	(45, 33.38546836507594)	(46, 33.394722650017876)	(47, 33.47497118047846)	(48, 33.46530864597425)	(49, 33.42686213803335)	(50, 33.46158497651034)	(51, 33.37059356965714)
SRR21188783_2	(1, 33.16704170423579)	(2, 33.340826593466005)	(3, 33.19953535404695)	(4, 33.254842309778496)	(5, 33.3519504399637)	(6, 33.31345219999517)	(7, 33.3702479356365)	(8, 33.374960685661385)	(9, 33.42830630024718)	(10, 33.358820575730824)	(11, 33.37362149517574)	(12, 33.3747525796814)	(13, 33.38745199151227)	(14, 33.37904219187376)	(15, 33.376622471040605)	(16, 33.38400686462334)	(17, 33.353837999365126)	(18, 33.372244989784924)	(19, 33.37853504838982)	(20, 33.36246443275867)	(21, 33.36158522386293)	(22, 33.359150991677765)	(23, 33.365901927053365)	(24, 33.36038813155153)	(25, 33.35349684124852)	(26, 33.41734980544541)	(27, 33.408624383900644)	(28, 33.405908782253746)	(29, 33.40026919029129)	(30, 33.389958356424486)	(31, 33.39091968638047)	(32, 33.38920461418591)	(33, 33.38463514020475)	(34, 33.384989113541316)	(35, 33.29523376292197)	(36, 33.390282883024014)	(37, 33.38158874569268)	(38, 33.38154224340555)	(39, 33.38042741349874)	(40, 33.37485538412974)	(41, 33.37499418426943)	(42, 33.3607634478831)	(43, 33.36540726898593)	(44, 33.3456640091968)	(45, 33.34200785521157)	(46, 33.33864122154488)	(47, 33.31814035610528)	(48, 33.31132176390666)	(49, 33.30249160620761)	(50, 33.29479352242458)	(51, 33.21412331468962)
SRR21188784_1	(1, 33.11503737812921)	(2, 33.2988363333258)	(3, 33.269883921355245)	(4, 33.283918149134735)	(5, 33.451094218946636)	(6, 33.45170798038676)	(7, 33.45247346890734)	(8, 33.3929997601169)	(9, 33.48972860141969)	(10, 33.44986185575207)	(11, 33.432512156437426)	(12, 33.464576219578895)	(13, 33.492206075567324)	(14, 33.456718903802035)	(15, 33.48934123250265)	(16, 33.493540516677676)	(17, 33.47320630830976)	(18, 33.48644126121626)	(19, 33.48690957360736)	(20, 33.49282678597355)	(21, 33.3522003194272)	(22, 33.46125236136052)	(23, 33.46904464439948)	(24, 33.24875019849482)	(25, 33.45768605611118)	(26, 33.41081638202943)	(27, 33.499123891127724)	(28, 33.488986691459935)	(29, 33.39020963041876)	(30, 33.48921907447104)	(31, 33.48995130380216)	(32, 33.39447725408106)	(33, 33.478258973445534)	(34, 33.47854848175035)	(35, 33.46592024547007)	(36, 33.45318307815572)	(37, 33.451947024820534)	(38, 33.43475858944327)	(39, 33.42651294627129)	(40, 33.43676070638589)	(41, 33.42568860719644)	(42, 33.39637000867447)	(43, 33.41355676671508)	(44, 33.330385837508686)	(45, 33.283545109465024)	(46, 33.27688090720525)	(47, 33.404200918380155)	(48, 33.28033243470422)	(49, 33.24259216851041)	(50, 33.28388781330342)	(51, 33.14923362368909)
SRR21188784_2	(1, 33.09792250594478)	(2, 33.24524398982125)	(3, 33.108320651270525)	(4, 33.16982987996476)	(5, 33.26972270534177)	(6, 33.2463832368701)	(7, 33.308967015342624)	(8, 33.32338401134435)	(9, 33.354620093194264)	(10, 33.287687939280985)	(11, 33.30359450607072)	(12, 33.30658773727455)	(13, 33.311782592633854)	(14, 33.300047945469885)	(15, 33.30770781476175)	(16, 33.30667280220437)	(17, 33.28877614737195)	(18, 33.297867024440976)	(19, 33.3010322545367)	(20, 33.27949664181629)	(21, 33.2725673724428)	(22, 33.27816057129319)	(23, 33.283419021673275)	(24, 33.278097743054886)	(25, 33.26130745947309)	(26, 33.30662899975599)	(27, 33.30777208071718)	(28, 33.28739033183638)	(29, 33.300466464924604)	(30, 33.27842127733163)	(31, 33.26608777306172)	(32, 33.27716830685829)	(33, 33.26381733017991)	(34, 33.270978167858125)	(35, 33.16580642859397)	(36, 33.2502022927898)	(37, 33.241386498930446)	(38, 33.24183707947703)	(39, 33.23962510375825)	(40, 33.22604404441616)	(41, 33.21016632781671)	(42, 33.20973506060349)	(43, 33.21456257923768)	(44, 33.195832096397396)	(45, 33.19019547848987)	(46, 33.185639880087685)	(47, 33.157434410086815)	(48, 33.144404667337774)	(49, 33.13095650098183)	(50, 33.12914090387407)	(51, 33.0475690995005)
SRR21188785_1	(1, 33.2669177375033)	(2, 33.41628010269498)	(3, 33.41362620071606)	(4, 33.42270406441784)	(5, 33.56882404655744)	(6, 33.55721530041385)	(7, 33.540998917700826)	(8, 33.467568715887175)	(9, 33.57161733305776)	(10, 33.52154485451741)	(11, 33.51196865823353)	(12, 33.53095791824232)	(13, 33.56079641042534)	(14, 33.52191254938005)	(15, 33.557521391456305)	(16, 33.56123201056764)	(17, 33.54409500343641)	(18, 33.55559610748503)	(19, 33.55395255518303)	(20, 33.54840491955881)	(21, 33.40964062165308)	(22, 33.530445195760244)	(23, 33.53536607129631)	(24, 33.320228837030385)	(25, 33.53134531692226)	(26, 33.48990612001035)	(27, 33.58175087932399)	(28, 33.57212168494443)	(29, 33.472325424296315)	(30, 33.57187512858622)	(31, 33.56789434615657)	(32, 33.463044738246076)	(33, 33.566665279405065)	(34, 33.57128326165423)	(35, 33.559124689659)	(36, 33.53988337127141)	(37, 33.553053468588985)	(38, 33.440580364417166)	(39, 33.53133158538372)	(40, 33.516733831289706)	(41, 33.53893354382089)	(42, 33.49982033786639)	(43, 33.52781156190843)	(44, 33.496100219540025)	(45, 33.4409758045118)	(46, 33.449300972987665)	(47, 33.51033427596583)	(48, 33.44470010813587)	(49, 33.41349161282798)	(50, 33.484685595968756)	(51, 33.32741842607882)
SRR21188785_2	(1, 33.38172609671847)	(2, 33.457585652235146)	(3, 33.25599961250727)	(4, 33.338269492259904)	(5, 33.438477934193486)	(6, 33.40508899283162)	(7, 33.483978797940175)	(8, 33.48681760543129)	(9, 33.52490315620824)	(10, 33.4571102212259)	(11, 33.476475405615304)	(12, 33.462578853477666)	(13, 33.48092555272382)	(14, 33.47178354580773)	(15, 33.465637130456436)	(16, 33.475942603109395)	(17, 33.452581070744934)	(18, 33.460931586136134)	(19, 33.46661757171378)	(20, 33.4569111609428)	(21, 33.454800783356056)	(22, 33.45137532879863)	(23, 33.45426120913251)	(24, 33.44599585749579)	(25, 33.43917777240116)	(26, 33.503203516214384)	(27, 33.49435946487442)	(28, 33.49217361085149)	(29, 33.48437169864069)	(30, 33.473496084983175)	(31, 33.47543749880966)	(32, 33.468915676361746)	(33, 33.46290577695702)	(34, 33.45904345256024)	(35, 33.36151722214737)	(36, 33.458321935450954)	(37, 33.44747702965189)	(38, 33.444612546064725)	(39, 33.437972124506494)	(40, 33.430322011632775)	(41, 33.43463710059504)	(42, 33.42756305397882)	(43, 33.4352616504698)	(44, 33.422926214377064)	(45, 33.41723698401804)	(46, 33.41206828242671)	(47, 33.40028615209607)	(48, 33.38491256607421)	(49, 33.37897917767365)	(50, 33.37533848595209)	(51, 33.29139947185305)
SRR21188786_1	(1, 33.104815209758996)	(2, 33.28940178035536)	(3, 33.2428820352336)	(4, 33.26960981673119)	(5, 33.42905904548562)	(6, 33.41510180329611)	(7, 33.43326194445728)	(8, 33.372108076883066)	(9, 33.4791216422818)	(10, 33.434563764471875)	(11, 33.41698272821118)	(12, 33.435029448255875)	(13, 33.474406631069115)	(14, 33.43429659944201)	(15, 33.468443309168556)	(16, 33.47014776354653)	(17, 33.45175810892612)	(18, 33.465790315053546)	(19, 33.46602063412072)	(20, 33.46286905349781)	(21, 33.32433247379914)	(22, 33.4451173555572)	(23, 33.448237729472915)	(24, 33.23529002850093)	(25, 33.44267390430485)	(26, 33.39780535863683)	(27, 33.49385002086206)	(28, 33.48217197070801)	(29, 33.38059392681438)	(30, 33.4811493150414)	(31, 33.482307016037346)	(32, 33.375647112519914)	(33, 33.48031377241665)	(34, 33.48409313361917)	(35, 33.47818633147497)	(36, 33.458789963744884)	(37, 33.46746055229469)	(38, 33.445408476822884)	(39, 33.432696110887434)	(40, 33.452072296018855)	(41, 33.4494589886945)	(42, 33.42778588815317)	(43, 33.43475910319471)	(44, 33.38784444058553)	(45, 33.36663732063113)	(46, 33.36893584725691)	(47, 33.4204887339229)	(48, 33.35859612387681)	(49, 33.341165185093615)	(50, 33.39194210172127)	(51, 33.2416380493883)
SRR21188786_2	(1, 33.15462344645136)	(2, 33.29190989224421)	(3, 33.1359720116541)	(4, 33.20811594021007)	(5, 33.30774492171791)	(6, 33.2761377849899)	(7, 33.36574101820829)	(8, 33.37375088105417)	(9, 33.419195817995956)	(10, 33.34721852308025)	(11, 33.36872473557881)	(12, 33.35794777909476)	(13, 33.3856336404233)	(14, 33.37994753245153)	(15, 33.36837052249208)	(16, 33.37983924178556)	(17, 33.35213764990217)	(18, 33.36143631583452)	(19, 33.368698956125044)	(20, 33.3559729372552)	(21, 33.35635907785622)	(22, 33.3516229936361)	(23, 33.3561806144995)	(24, 33.35036064841008)	(25, 33.34183629889979)	(26, 33.413594553259344)	(27, 33.4035702889845)	(28, 33.40324821541413)	(29, 33.39568554977028)	(30, 33.382480957389554)	(31, 33.38328838853758)	(32, 33.377779090306255)	(33, 33.36993938033528)	(34, 33.36322786066977)	(35, 33.261465544562235)	(36, 33.34953201705336)	(37, 33.336301306015535)	(38, 33.33538176816397)	(39, 33.33008379361283)	(40, 33.32563582022876)	(41, 33.325059428954994)	(42, 33.31493751651894)	(43, 33.32201397657678)	(44, 33.30962156419083)	(45, 33.30927460157547)	(46, 33.30608986382618)	(47, 33.297256330472415)	(48, 33.29001599280143)	(49, 33.28469495242324)	(50, 33.28260817348182)	(51, 33.19916665371687)
SRR21188787_1	(1, 33.10315889066437)	(2, 33.28594599818421)	(3, 33.24728833097344)	(4, 33.27762275061466)	(5, 33.42971931300106)	(6, 33.41929941649776)	(7, 33.43371919439747)	(8, 33.37168848195698)	(9, 33.47973522984582)	(10, 33.43426455511211)	(11, 33.41868423342616)	(12, 33.43885695990985)	(13, 33.47817031884876)	(14, 33.43967518082046)	(15, 33.47354212615911)	(16, 33.47680741161846)	(17, 33.45760037374069)	(18, 33.469312051287105)	(19, 33.47090263425186)	(20, 33.46748228291412)	(21, 33.33462917573269)	(22, 33.450301756895506)	(23, 33.45471985307901)	(24, 33.2464034348823)	(25, 33.449984026955654)	(26, 33.4065332550106)	(27, 33.49955515785236)	(28, 33.4885448510519)	(29, 33.393190306004236)	(30, 33.4869003164913)	(31, 33.48698848239084)	(32, 33.38821821685075)	(33, 33.486958089658515)	(34, 33.490332582139786)	(35, 33.4847653619245)	(36, 33.46430597262824)	(37, 33.46331694995713)	(38, 33.45226667401607)	(39, 33.44664815482508)	(40, 33.45273704201249)	(41, 33.45342096840911)	(42, 33.41465499336969)	(43, 33.43830863185744)	(44, 33.39566326731899)	(45, 33.351657378412376)	(46, 33.35652115973721)	(47, 33.43250586796664)	(48, 33.377903975555974)	(49, 33.32960124667751)	(50, 33.343585590239115)	(51, 33.23246922134517)
SRR21188787_2	(1, 33.200635981411786)	(2, 33.30192956308941)	(3, 33.150086213526166)	(4, 33.20528490050618)	(5, 33.305716785278875)	(6, 33.26209215431622)	(7, 33.366958770347814)	(8, 33.36836825578919)	(9, 33.40719218383449)	(10, 33.34121136034475)	(11, 33.36075824831667)	(12, 33.34597002597702)	(13, 33.370111476810514)	(14, 33.36297619842174)	(15, 33.35374867714621)	(16, 33.363604060118355)	(17, 33.337752298737)	(18, 33.34806487652424)	(19, 33.35659219600507)	(20, 33.34340300904685)	(21, 33.34203569576956)	(22, 33.339478749803945)	(23, 33.34314314219355)	(24, 33.33513555641933)	(25, 33.32675215282041)	(26, 33.39644614993432)	(27, 33.38800223062873)	(28, 33.38759354729022)	(29, 33.37823892504682)	(30, 33.36869763028181)	(31, 33.370803406027186)	(32, 33.36816535282916)	(33, 33.36367212904844)	(34, 33.364752060158544)	(35, 33.27474303922693)	(36, 33.36353356336645)	(37, 33.35597013410501)	(38, 33.354423296892556)	(39, 33.352713435941325)	(40, 33.34503423554714)	(41, 33.34541459429782)	(42, 33.33173026656876)	(43, 33.33778475961383)	(44, 33.32466080912692)	(45, 33.316819034590594)	(46, 33.311213868419564)	(47, 33.29695279813095)	(48, 33.2827944157131)	(49, 33.27526578523097)	(50, 33.26967257833036)	(51, 33.18449609175764)
SRR21188788_1	(1, 33.11416534364239)	(2, 33.29528062673283)	(3, 33.26452089443697)	(4, 33.28670407412269)	(5, 33.44039547106999)	(6, 33.43096384382094)	(7, 33.442645079675636)	(8, 33.379493027045015)	(9, 33.4838659315965)	(10, 33.44199878354322)	(11, 33.424468755414914)	(12, 33.44479008516433)	(13, 33.481760324555765)	(14, 33.443547251856074)	(15, 33.477827751126135)	(16, 33.47962453896925)	(17, 33.46365267430867)	(18, 33.476233278352936)	(19, 33.47599004402646)	(20, 33.472297093002865)	(21, 33.33444990784375)	(22, 33.45559343425102)	(23, 33.45919466150555)	(24, 33.246770444111284)	(25, 33.454849426165644)	(26, 33.409672190655414)	(27, 33.50248457353533)	(28, 33.490892637660984)	(29, 33.39029053052363)	(30, 33.48801650343479)	(31, 33.485465204421864)	(32, 33.38023983912126)	(33, 33.481552734181)	(34, 33.49087296219964)	(35, 33.48195123356113)	(36, 33.46565315545449)	(37, 33.47287024774638)	(38, 33.453505934337755)	(39, 33.451942067837756)	(40, 33.452640641766024)	(41, 33.45930549043273)	(42, 33.44065605211963)	(43, 33.44186148304122)	(44, 33.406426024685196)	(45, 33.358185928167075)	(46, 33.357073884398964)	(47, 33.43085995358302)	(48, 33.36489122083766)	(49, 33.330167168232514)	(50, 33.36264954895193)	(51, 33.22968914957238)
SRR21188788_2	(1, 33.155607615791276)	(2, 33.30735023908537)	(3, 33.149882911994894)	(4, 33.214271477073005)	(5, 33.316515154525085)	(6, 33.28281042388833)	(7, 33.37573320796801)	(8, 33.37202248249383)	(9, 33.413902557420265)	(10, 33.350738385846064)	(11, 33.36864424380121)	(12, 33.35377886245227)	(13, 33.377418929257594)	(14, 33.37198522268297)	(15, 33.36200040130337)	(16, 33.37177915311682)	(17, 33.3459155690785)	(18, 33.35535670138134)	(19, 33.36223527118251)	(20, 33.347423308235875)	(21, 33.344811604606114)	(22, 33.34133584406161)	(23, 33.3422489470539)	(24, 33.33645395338475)	(25, 33.32849694018061)	(26, 33.39277767042348)	(27, 33.38392233458569)	(28, 33.38493832978526)	(29, 33.37514090054111)	(30, 33.36534784362171)	(31, 33.36665440831563)	(32, 33.36279416834534)	(33, 33.34974829191807)	(34, 33.34227256711257)	(35, 33.24405888989146)	(36, 33.33601667338515)	(37, 33.3263710873753)	(38, 33.3276557904455)	(39, 33.326199331053324)	(40, 33.322857971969405)	(41, 33.329491739110225)	(42, 33.31911236294782)	(43, 33.3269314102962)	(44, 33.315810830039275)	(45, 33.31081226482715)	(46, 33.30617127973858)	(47, 33.2964363462231)	(48, 33.28068471365883)	(49, 33.274281586648215)	(50, 33.26981487672088)	(51, 33.18979491800893)
SRR21188789_1	(1, 33.11489619386526)	(2, 33.29698165847134)	(3, 33.254238309799725)	(4, 33.28478385693903)	(5, 33.436979229236385)	(6, 33.42524884518287)	(7, 33.440798564413484)	(8, 33.37913048156494)	(9, 33.486666801735936)	(10, 33.44153115761415)	(11, 33.42526232528406)	(12, 33.44160129437944)	(13, 33.48182092667406)	(14, 33.4452132774329)	(15, 33.476977546436885)	(16, 33.48049887077997)	(17, 33.46148355837088)	(18, 33.47382698523512)	(19, 33.47389788654346)	(20, 33.46951025444375)	(21, 33.33831116584345)	(22, 33.45376622056049)	(23, 33.45711729323753)	(24, 33.24825877834752)	(25, 33.45261948646005)	(26, 33.41081459426575)	(27, 33.501595953442624)	(28, 33.48982774462757)	(29, 33.39317401074316)	(30, 33.48686216260539)	(31, 33.48854109914854)	(32, 33.38606943406974)	(33, 33.48482964502004)	(34, 33.488894639951624)	(35, 33.48248455004358)	(36, 33.46230503976117)	(37, 33.46918065590994)	(38, 33.44171653918481)	(39, 33.44722470972564)	(40, 33.453562972825864)	(41, 33.45347094598582)	(42, 33.42893575345547)	(43, 33.4430531213969)	(44, 33.39874487381428)	(45, 33.367335393025726)	(46, 33.366435686809446)	(47, 33.4279609208245)	(48, 33.40174530290401)	(49, 33.359656362846174)	(50, 33.40702213881281)	(51, 33.29128170834167)
SRR21188789_2	(1, 33.13231453679425)	(2, 33.322126232053584)	(3, 33.13871673983712)	(4, 33.203996121674294)	(5, 33.314412918154)	(6, 33.28545347593563)	(7, 33.37809545122838)	(8, 33.38514357243324)	(9, 33.42676750935876)	(10, 33.35860753049556)	(11, 33.37634122731412)	(12, 33.36321667888494)	(13, 33.3859398641419)	(14, 33.382862980746935)	(15, 33.372892775995666)	(16, 33.381633917431486)	(17, 33.356868315768594)	(18, 33.36539985169072)	(19, 33.372758538331304)	(20, 33.36060475838317)	(21, 33.357971591632364)	(22, 33.35632488661474)	(23, 33.35714604609217)	(24, 33.350336502558775)	(25, 33.343280534727846)	(26, 33.410025062727236)	(27, 33.400969251466684)	(28, 33.398841528151756)	(29, 33.39092110356317)	(30, 33.37887963096553)	(31, 33.37955838423966)	(32, 33.374451397605824)	(33, 33.3593530404499)	(34, 33.354187626631216)	(35, 33.255755686324164)	(36, 33.343960736609866)	(37, 33.336546479761104)	(38, 33.33716056878865)	(39, 33.334752459369014)	(40, 33.32629918851199)	(41, 33.32712614242097)	(42, 33.31605592117368)	(43, 33.32435499576876)	(44, 33.31390980858639)	(45, 33.310364340778484)	(46, 33.30715824960765)	(47, 33.2984505066315)	(48, 33.28619270858913)	(49, 33.280938607776356)	(50, 33.2788619076504)	(51, 33.195706583747814)
SRR21188790_1	(1, 33.093766585600214)	(2, 33.278682879956904)	(3, 33.255649316374125)	(4, 33.27778591722934)	(5, 33.43410130457417)	(6, 33.43064572924841)	(7, 33.437945170071195)	(8, 33.37221887423822)	(9, 33.475822896998984)	(10, 33.436529506375244)	(11, 33.417462759937116)	(12, 33.44682785681541)	(13, 33.477715158908374)	(14, 33.440299733490804)	(15, 33.476264105692)	(16, 33.48111897602453)	(17, 33.46523504867872)	(18, 33.47546344887245)	(19, 33.474190876527764)	(20, 33.476271937798984)	(21, 33.33721992318112)	(22, 33.451354068732954)	(23, 33.45620761299446)	(24, 33.24244740911104)	(25, 33.4498197631202)	(26, 33.407742742221636)	(27, 33.5010677254515)	(28, 33.49129383610073)	(29, 33.39349348748909)	(30, 33.49147898876725)	(31, 33.49061666964515)	(32, 33.39272266726754)	(33, 33.48990647573316)	(34, 33.493097665648804)	(35, 33.48635210811623)	(36, 33.46642014177564)	(37, 33.4732289363201)	(38, 33.45535934193725)	(39, 33.44628677839851)	(40, 33.455496590288085)	(41, 33.45351809232252)	(42, 33.40689774490227)	(43, 33.443564064511285)	(44, 33.4044265286724)	(45, 33.37332017622241)	(46, 33.37138013431649)	(47, 33.429302336423184)	(48, 33.36621612367684)	(49, 33.348861790765675)	(50, 33.387756904245755)	(51, 33.25358226172809)
SRR21188790_2	(1, 33.219377461454584)	(2, 33.29754872663512)	(3, 33.14810756715177)	(4, 33.21421999829061)	(5, 33.31048554401287)	(6, 33.28063145844503)	(7, 33.35557353348718)	(8, 33.365604597736876)	(9, 33.40775745332204)	(10, 33.3427740473397)	(11, 33.36176926882205)	(12, 33.35896437997115)	(13, 33.373685757427424)	(14, 33.36077682898087)	(15, 33.361412099880084)	(16, 33.365642473640456)	(17, 33.342594613354464)	(18, 33.35183409608317)	(19, 33.35904701077174)	(20, 33.34454816460892)	(21, 33.340676907457336)	(22, 33.3420372076881)	(23, 33.343839131009084)	(24, 33.33818762350979)	(25, 33.33116951694237)	(26, 33.38942700781916)	(27, 33.387317601779834)	(28, 33.37904457618822)	(29, 33.37843159985807)	(30, 33.36481997808875)	(31, 33.36275420807401)	(32, 33.363111459895414)	(33, 33.35107305563541)	(34, 33.347389644732104)	(35, 33.248305700810405)	(36, 33.337762079030725)	(37, 33.32593530741797)	(38, 33.32370667930578)	(39, 33.32196658404622)	(40, 33.31555300010619)	(41, 33.31292385710549)	(42, 33.305352861801126)	(43, 33.314791586700956)	(44, 33.30135036505803)	(45, 33.30180537317762)	(46, 33.300851389396094)	(47, 33.287313033050765)	(48, 33.28217653838483)	(49, 33.27380861583567)	(50, 33.272700683496375)	(51, 33.19442938283308)
SRR21188791_1	(1, 33.11541897085962)	(2, 33.30073289069924)	(3, 33.27136830588954)	(4, 33.29396372758102)	(5, 33.448774496094025)	(6, 33.441511204866835)	(7, 33.45157587529301)	(8, 33.38740661677695)	(9, 33.492345164043115)	(10, 33.45332444244048)	(11, 33.434042686884986)	(12, 33.45935133346494)	(13, 33.49254227132181)	(14, 33.45676998006549)	(15, 33.49090557695406)	(16, 33.49294404539131)	(17, 33.47672137240262)	(18, 33.48921108631649)	(19, 33.48856944772784)	(20, 33.48635623056888)	(21, 33.349797844047146)	(22, 33.4672289850413)	(23, 33.471718255303806)	(24, 33.26031177947775)	(25, 33.466065060161014)	(26, 33.419136128954236)	(27, 33.51273132832007)	(28, 33.503089590597824)	(29, 33.403332508919874)	(30, 33.50232236011488)	(31, 33.50048399876272)	(32, 33.39597222395267)	(33, 33.49873871140357)	(34, 33.50296891838601)	(35, 33.49702114225548)	(36, 33.47688864160707)	(37, 33.48259515330881)	(38, 33.459469805818735)	(39, 33.4497535529057)	(40, 33.47124028615193)	(41, 33.46640091848472)	(42, 33.443189656539566)	(43, 33.44985970605457)	(44, 33.398623492839775)	(45, 33.38178233976779)	(46, 33.380421427601064)	(47, 33.43780016437739)	(48, 33.38060145598203)	(49, 33.35840164875759)	(50, 33.39494813004769)	(51, 33.2608857824316)
SRR21188791_2	(1, 33.17836286846047)	(2, 33.31141692115191)	(3, 33.16497009283021)	(4, 33.21951585244688)	(5, 33.312027281759235)	(6, 33.28673271427062)	(7, 33.36560478386725)	(8, 33.374905303611705)	(9, 33.414338158615244)	(10, 33.34728236639607)	(11, 33.36418835528355)	(12, 33.35628146559421)	(13, 33.38059297652929)	(14, 33.36870346387844)	(15, 33.36498938358518)	(16, 33.371174104423304)	(17, 33.34485560301938)	(18, 33.356123995757315)	(19, 33.361054797523366)	(20, 33.34773357727492)	(21, 33.345454644357254)	(22, 33.3443515555506)	(23, 33.347470914227195)	(24, 33.34118212010597)	(25, 33.33223585749776)	(26, 33.39873120588797)	(27, 33.39190000677356)	(28, 33.3902309544942)	(29, 33.38579020110042)	(30, 33.37448465076064)	(31, 33.37473959430658)	(32, 33.37243486305394)	(33, 33.36078385501)	(34, 33.35906140617684)	(35, 33.26594949561955)	(36, 33.35979231900373)	(37, 33.35257694468399)	(38, 33.35351120438687)	(39, 33.35365791491817)	(40, 33.348937859550546)	(41, 33.34978092513909)	(42, 33.337743102060195)	(43, 33.342767937757294)	(44, 33.32672829295597)	(45, 33.32237489392435)	(46, 33.317256824244566)	(47, 33.30224751294551)	(48, 33.29286727834585)	(49, 33.28363007451499)	(50, 33.27985415821263)	(51, 33.19842053393874)
SRR21188792_1	(1, 33.121768595654444)	(2, 33.30415544818424)	(3, 33.27750092176856)	(4, 33.295533248429955)	(5, 33.4481656349683)	(6, 33.44005419330201)	(7, 33.45210267619968)	(8, 33.389499480181314)	(9, 33.49431560179679)	(10, 33.45446110643442)	(11, 33.43582619955078)	(12, 33.460422977749246)	(13, 33.49616278746865)	(14, 33.45774290653743)	(15, 33.4932178712224)	(16, 33.49541730524941)	(17, 33.47897425149252)	(18, 33.491387955408904)	(19, 33.491400765914165)	(20, 33.48953935085197)	(21, 33.35060046202952)	(22, 33.470240000356746)	(23, 33.47386204910113)	(24, 33.26213078836701)	(25, 33.47011351688706)	(26, 33.42348125075125)	(27, 33.51885003013104)	(28, 33.50632909904243)	(29, 33.40727879936377)	(30, 33.50805499031003)	(31, 33.50742366753009)	(32, 33.40390789327795)	(33, 33.50767237781423)	(34, 33.51204886802362)	(35, 33.50619511575163)	(36, 33.48733610610504)	(37, 33.49580449871702)	(38, 33.475265772377185)	(39, 33.47065865253349)	(40, 33.46217440894822)	(41, 33.4802451671254)	(42, 33.456402911471095)	(43, 33.45285877978721)	(44, 33.41333589813702)	(45, 33.36786703668487)	(46, 33.37795182317611)	(47, 33.45453286147972)	(48, 33.37534756096696)	(49, 33.35653055031863)	(50, 33.408882990831366)	(51, 33.2611864189996)
SRR21188792_2	(1, 33.20232218785593)	(2, 33.31591557309478)	(3, 33.16770171630366)	(4, 33.227349212549186)	(5, 33.321319173941326)	(6, 33.28472393867903)	(7, 33.373167383237416)	(8, 33.374994501820325)	(9, 33.41867787883167)	(10, 33.34891401576706)	(11, 33.36862301865368)	(12, 33.355907619230436)	(13, 33.38326891257256)	(14, 33.37580505005523)	(15, 33.366405139120666)	(16, 33.37841129870348)	(17, 33.35091667070373)	(18, 33.36313469009827)	(19, 33.37202566722564)	(20, 33.35954300549453)	(21, 33.358896520914065)	(22, 33.354806118475686)	(23, 33.36090087851283)	(24, 33.35358235036691)	(25, 33.34661165176263)	(26, 33.4141498516961)	(27, 33.40494453071491)	(28, 33.4036286161553)	(29, 33.39616353745076)	(30, 33.38652898346411)	(31, 33.389184609313034)	(32, 33.385159029652876)	(33, 33.37733724324008)	(34, 33.377397566125616)	(35, 33.28388756673574)	(36, 33.37727371772822)	(37, 33.36863092387053)	(38, 33.36771091878687)	(39, 33.365916758877304)	(40, 33.36000535933163)	(41, 33.364669802132426)	(42, 33.350690176105935)	(43, 33.35992865845835)	(44, 33.34555632558224)	(45, 33.33960365675062)	(46, 33.335730911282994)	(47, 33.320899629893965)	(48, 33.30724055027606)	(49, 33.29966074457818)	(50, 33.29326846461027)	(51, 33.20982213059378)
SRR21188793_1	(1, 33.11041779162523)	(2, 33.303550568039384)	(3, 33.30092455500868)	(4, 33.322281412188104)	(5, 33.4723386572747)	(6, 33.47065770410756)	(7, 33.469032983090976)	(8, 33.396161085988616)	(9, 33.50011795498247)	(10, 33.461619332575495)	(11, 33.44594930662161)	(12, 33.47249575702864)	(13, 33.50378535146798)	(14, 33.468114950633094)	(15, 33.50240941511748)	(16, 33.50570604861033)	(17, 33.49031278139742)	(18, 33.50089412906055)	(19, 33.4997998267974)	(20, 33.49860167492288)	(21, 33.36383507810778)	(22, 33.48072576772979)	(23, 33.485379025521446)	(24, 33.27582191713388)	(25, 33.482087693376116)	(26, 33.43351608466706)	(27, 33.52745591550864)	(28, 33.51703209360059)	(29, 33.421621517488006)	(30, 33.51596657008116)	(31, 33.51526215352854)	(32, 33.41518828493077)	(33, 33.41380378122399)	(34, 33.51803854496186)	(35, 33.51058556034107)	(36, 33.474397378786584)	(37, 33.46678833574797)	(38, 33.479026023179)	(39, 33.47648648837983)	(40, 33.47970824033886)	(41, 33.4863536214641)	(42, 33.45383136905785)	(43, 33.47109899395571)	(44, 33.416261287136884)	(45, 33.36742754572602)	(46, 33.36513050024273)	(47, 33.460275014976304)	(48, 33.42376311988846)	(49, 33.37477578139969)	(50, 33.4386562144289)	(51, 33.32678547491364)
SRR21188793_2	(1, 33.161949303592266)	(2, 33.326385838510355)	(3, 33.179832547471676)	(4, 33.246955890516574)	(5, 33.33589910664721)	(6, 33.31255249280721)	(7, 33.38701043948928)	(8, 33.38504524889448)	(9, 33.42391865763822)	(10, 33.365563790736125)	(11, 33.38105437554292)	(12, 33.36723655521467)	(13, 33.38709862172538)	(14, 33.378790132147444)	(15, 33.37321401388499)	(16, 33.38079262150878)	(17, 33.35898249911581)	(18, 33.3685055652789)	(19, 33.37228637273471)	(20, 33.35990105224175)	(21, 33.35658534336449)	(22, 33.35707997802213)	(23, 33.359475808436564)	(24, 33.35291643220826)	(25, 33.34519681820695)	(26, 33.4063223491937)	(27, 33.397695636763785)	(28, 33.39400002953608)	(29, 33.38785037173806)	(30, 33.37611607565477)	(31, 33.37649474333526)	(32, 33.37058094816872)	(33, 33.358785639255416)	(34, 33.347773462438816)	(35, 33.25157142354056)	(36, 33.34113603333488)	(37, 33.33863280329956)	(38, 33.3394930416027)	(39, 33.33955026775592)	(40, 33.33458778046968)	(41, 33.33788531329828)	(42, 33.32931199301131)	(43, 33.33721767484412)	(44, 33.32414128583427)	(45, 33.31732839159388)	(46, 33.31344837320578)	(47, 33.300185774364046)	(48, 33.28744119290922)	(49, 33.279375949982544)	(50, 33.274967784847085)	(51, 33.19418817057313)
SRR21188794_1	(1, 33.1030402914134)	(2, 33.29169430679884)	(3, 33.28634441143007)	(4, 33.31364305649766)	(5, 33.461746739458306)	(6, 33.45977979155283)	(7, 33.4513496142872)	(8, 33.37743544313915)	(9, 33.482084299013465)	(10, 33.442988772847556)	(11, 33.42759448385886)	(12, 33.44933446952708)	(13, 33.48042611359878)	(14, 33.444826973291825)	(15, 33.47817318878846)	(16, 33.483143072207255)	(17, 33.466441593734245)	(18, 33.477760333552496)	(19, 33.47642853385524)	(20, 33.47384330441552)	(21, 33.341437332562656)	(22, 33.455900857067356)	(23, 33.46105382622947)	(24, 33.25208263370755)	(25, 33.457218549282686)	(26, 33.41312706088282)	(27, 33.50382241555159)	(28, 33.493994440495044)	(29, 33.398314916913165)	(30, 33.493536281105776)	(31, 33.49087103509665)	(32, 33.38962479705475)	(33, 33.492138127290076)	(34, 33.4940842032428)	(35, 33.48913034093912)	(36, 33.468470400945314)	(37, 33.47607829447753)	(38, 33.452963875144604)	(39, 33.45053943539632)	(40, 33.46157161976945)	(41, 33.44433806226215)	(42, 33.441260094526356)	(43, 33.447776727603575)	(44, 33.40574288442198)	(45, 33.37009212052187)	(46, 33.37108996897511)	(47, 33.4347044322326)	(48, 33.36048897511414)	(49, 33.34266557355192)	(50, 33.39559404203211)	(51, 33.250538242713304)
SRR21188794_2	(1, 33.23673596303323)	(2, 33.34905604034758)	(3, 33.1729625347113)	(4, 33.23499598092526)	(5, 33.33792701723418)	(6, 33.30332603690215)	(7, 33.383328276298016)	(8, 33.388285164812324)	(9, 33.425698473890876)	(10, 33.36402924102726)	(11, 33.37973113542622)	(12, 33.37177398158444)	(13, 33.38690085145996)	(14, 33.38230693020926)	(15, 33.37722703513332)	(16, 33.38484863561958)	(17, 33.36126079233493)	(18, 33.369096274708006)	(19, 33.37579950927324)	(20, 33.364794160267934)	(21, 33.361235425569326)	(22, 33.36009405462649)	(23, 33.361463815465946)	(24, 33.3531374194238)	(25, 33.346397247287605)	(26, 33.41221541492953)	(27, 33.40483088244391)	(28, 33.402985739516424)	(29, 33.39663332286917)	(30, 33.387078641334675)	(31, 33.389310605186054)	(32, 33.38516487463077)	(33, 33.375005485006774)	(34, 33.367612051901645)	(35, 33.272682583525864)	(36, 33.361007703219165)	(37, 33.357193921268504)	(38, 33.358625808432144)	(39, 33.35476111493788)	(40, 33.34864563278198)	(41, 33.354971125055215)	(42, 33.344222336407285)	(43, 33.35191411827837)	(44, 33.33868076619737)	(45, 33.3335905909059)	(46, 33.329193773874245)	(47, 33.31768727548744)	(48, 33.3043963809013)	(49, 33.29792607554864)	(50, 33.294698577405086)	(51, 33.2103095786776)
SRR21188795_1	(1, 33.15323364876778)	(2, 33.329474884119826)	(3, 33.310801700436144)	(4, 33.331636288288706)	(5, 33.48473875018841)	(6, 33.471220237972794)	(7, 33.467501749469925)	(8, 33.401105204948855)	(9, 33.50772352166519)	(10, 33.45618372632044)	(11, 33.44680087310798)	(12, 33.46025566198034)	(13, 33.49697143473738)	(14, 33.459832974712256)	(15, 33.493369826908136)	(16, 33.49790250618346)	(17, 33.480790941803896)	(18, 33.49227624457347)	(19, 33.49179881039785)	(20, 33.4874296238088)	(21, 33.35566115750391)	(22, 33.46956268301176)	(23, 33.475063087512396)	(24, 33.26363394356889)	(25, 33.470082147477605)	(26, 33.42914085785552)	(27, 33.52145994620871)	(28, 33.50952432557981)	(29, 33.41458795167835)	(30, 33.50834415804212)	(31, 33.50745694022479)	(32, 33.40684591611446)	(33, 33.50806500024124)	(34, 33.51051472565581)	(35, 33.505329805469415)	(36, 33.484206522353006)	(37, 33.49135826376284)	(38, 33.47127909908003)	(39, 33.46683263098957)	(40, 33.47876245433706)	(41, 33.4731434860811)	(42, 33.45558445573065)	(43, 33.46747940188513)	(44, 33.431448503123235)	(45, 33.37922299224249)	(46, 33.382182691412204)	(47, 33.452481647864154)	(48, 33.371019792292756)	(49, 33.350327237834776)	(50, 33.42782164906849)	(51, 33.258185901610034)
SRR21188795_2	(1, 33.28636344765447)	(2, 33.38295134547421)	(3, 33.17975915661898)	(4, 33.25218889450332)	(5, 33.363044883674746)	(6, 33.32066979545321)	(7, 33.41980662700329)	(8, 33.42762617782992)	(9, 33.46350012922327)	(10, 33.39202923363306)	(11, 33.41458023755389)	(12, 33.398129002228025)	(13, 33.417221132998236)	(14, 33.407101417267)	(15, 33.40235573465207)	(16, 33.41140033519507)	(17, 33.388259411138336)	(18, 33.39589433725292)	(19, 33.40291358273113)	(20, 33.392077762488746)	(21, 33.387185277747754)	(22, 33.38677390452887)	(23, 33.38856446969649)	(24, 33.3793458572066)	(25, 33.37175744960012)	(26, 33.43850033493326)	(27, 33.429847985930934)	(28, 33.42853303160042)	(29, 33.420542741485754)	(30, 33.41260598271961)	(31, 33.41241588799203)	(32, 33.409939420279336)	(33, 33.40438174424863)	(34, 33.406487559969136)	(35, 33.313145812474026)	(36, 33.40423447459987)	(37, 33.39573566005041)	(38, 33.39806579315973)	(39, 33.392136296330094)	(40, 33.38223986943774)	(41, 33.38151343267505)	(42, 33.36996557536896)	(43, 33.373993096372885)	(44, 33.3603900560541)	(45, 33.35191213976909)	(46, 33.34367635348755)	(47, 33.33221447360498)	(48, 33.31757044725465)	(49, 33.31084705013751)	(50, 33.30749608122478)	(51, 33.21806338448281)
SRR21188796_1	(1, 33.086118302713224)	(2, 33.268451991677495)	(3, 33.283710710095676)	(4, 33.31197736159754)	(5, 33.462340513122285)	(6, 33.47373903282395)	(7, 33.46582750951612)	(8, 33.377575618964734)	(9, 33.47197043853869)	(10, 33.43130142380123)	(11, 33.423019912448034)	(12, 33.45339092658961)	(13, 33.47974908856694)	(14, 33.44314816211331)	(15, 33.479667248121196)	(16, 33.48269959734995)	(17, 33.4680705311346)	(18, 33.47954292976433)	(19, 33.48111040918987)	(20, 33.47347808295555)	(21, 33.342162046555096)	(22, 33.45833443566562)	(23, 33.453447646221804)	(24, 33.25221361098096)	(25, 33.45930880674899)	(26, 33.41281388963408)	(27, 33.50296586313854)	(28, 33.49344561875456)	(29, 33.39721312265806)	(30, 33.49291333442948)	(31, 33.491646167406984)	(32, 33.384743160697795)	(33, 33.48741504108712)	(34, 33.48559625462516)	(35, 33.48563863363543)	(36, 33.465732020754345)	(37, 33.471290693060006)	(38, 33.45569185465038)	(39, 33.450153061413715)	(40, 33.46126778515276)	(41, 33.44939142603886)	(42, 33.42581519636144)	(43, 33.44003293397998)	(44, 33.3672122449131)	(45, 33.269092671324074)	(46, 33.202542938418155)	(47, 33.42846831031623)	(48, 33.328147253461836)	(49, 33.18059807810941)	(50, 33.176241149920074)	(51, 33.093410805658614)
SRR21188796_2	(1, 33.21637347924504)	(2, 33.3050800169615)	(3, 33.125237640176486)	(4, 33.21762966827422)	(5, 33.31299005675672)	(6, 33.288407560474774)	(7, 33.35358796178966)	(8, 33.34978423545323)	(9, 33.37991773922568)	(10, 33.31006333362591)	(11, 33.322641740358094)	(12, 33.30820459122428)	(13, 33.32985586438717)	(14, 33.31840042725163)	(15, 33.30671974345122)	(16, 33.31987103330362)	(17, 33.29361805237047)	(18, 33.310973221361095)	(19, 33.31761975346493)	(20, 33.301016725368434)	(21, 33.29972241006514)	(22, 33.2997324979509)	(23, 33.30397262424727)	(24, 33.2966903575389)	(25, 33.278173054218676)	(26, 33.336947351373674)	(27, 33.32326170027853)	(28, 33.31852291594294)	(29, 33.30670530392847)	(30, 33.28973441415469)	(31, 33.292189924229596)	(32, 33.28555570528044)	(33, 33.27924761185376)	(34, 33.27511746329233)	(35, 33.173811452964614)	(36, 33.244663669147016)	(37, 33.21216960010681)	(38, 33.2010818762973)	(39, 33.2020468518008)	(40, 33.2014381171258)	(41, 33.22094981894965)	(42, 33.213626162239414)	(43, 33.22599915192529)	(44, 33.216109760153095)	(45, 33.211459541520426)	(46, 33.20888228451052)	(47, 33.185550389360245)	(48, 33.167872012421945)	(49, 33.1610738653292)	(50, 33.15245722847701)	(51, 33.07636850947779)
SRR21188797_1	(1, 33.106381984807406)	(2, 33.28579361177656)	(3, 33.29770224849915)	(4, 33.3209982154813)	(5, 33.47149719770414)	(6, 33.48039652731558)	(7, 33.473007789486644)	(8, 33.389827109337965)	(9, 33.48645989946792)	(10, 33.43990843859539)	(11, 33.43862028580756)	(12, 33.46695983343716)	(13, 33.49331899402896)	(14, 33.45732462942961)	(15, 33.492941695390805)	(16, 33.49660816628228)	(17, 33.48244873196849)	(18, 33.493727870062095)	(19, 33.494603840039446)	(20, 33.49192376685906)	(21, 33.35478849654131)	(22, 33.4730659608234)	(23, 33.477966884301516)	(24, 33.26611940433017)	(25, 33.47304099698312)	(26, 33.42383414732452)	(27, 33.5171867074723)	(28, 33.50833688637245)	(29, 33.40707577231124)	(30, 33.50783104258661)	(31, 33.505185807004224)	(32, 33.40325365001269)	(33, 33.50582070825536)	(34, 33.50955140514634)	(35, 33.50227556349058)	(36, 33.48097404899354)	(37, 33.47714158719398)	(38, 33.469904262508194)	(39, 33.46396789855068)	(40, 33.47336226670365)	(41, 33.437202796108465)	(42, 33.44386571959632)	(43, 33.44786189016185)	(44, 33.33485985353631)	(45, 33.250415658419776)	(46, 33.250420595298635)	(47, 33.4434747746798)	(48, 33.263998129947545)	(49, 33.23640055795114)	(50, 33.39795740363113)	(51, 33.22516403536845)
SRR21188797_2	(1, 33.21638379631593)	(2, 33.285502242775166)	(3, 33.11899980883567)	(4, 33.20274063843764)	(5, 33.293526859916135)	(6, 33.26212015985893)	(7, 33.34009946553396)	(8, 33.33665864726585)	(9, 33.3659582315364)	(10, 33.3012872143151)	(11, 33.31165065452884)	(12, 33.29727539477507)	(13, 33.31561780928749)	(14, 33.30533103041907)	(15, 33.29944850638572)	(16, 33.30716182071254)	(17, 33.281909825066585)	(18, 33.29776857034346)	(19, 33.30341025852222)	(20, 33.28712945667715)	(21, 33.28724225970167)	(22, 33.29060213178621)	(23, 33.29248527162533)	(24, 33.285166069269394)	(25, 33.270319337584496)	(26, 33.33152238370396)	(27, 33.31816551822522)	(28, 33.31271664776797)	(29, 33.30427812456635)	(30, 33.28704427222965)	(31, 33.290064524308086)	(32, 33.28337840680445)	(33, 33.26890091639882)	(34, 33.27659564756842)	(35, 33.18190617131049)	(36, 33.270071096411634)	(37, 33.265404534956375)	(38, 33.27087180227353)	(39, 33.27006681157338)	(40, 33.26557960785859)	(41, 33.27069253768172)	(42, 33.25665377745403)	(43, 33.26671169007038)	(44, 33.251123681367226)	(45, 33.239570267050915)	(46, 33.23408530148879)	(47, 33.21280013458118)	(48, 33.191458566161316)	(49, 33.17855514834844)	(50, 33.16881920406754)	(51, 33.08697506743439)
SRR21188798_1	(1, 33.08351539254555)	(2, 33.2701259907421)	(3, 33.27377534461853)	(4, 33.302020450121475)	(5, 33.45121675120465)	(6, 33.453186749035346)	(7, 33.447576775850294)	(8, 33.371238147170864)	(9, 33.47334992469347)	(10, 33.43515928923092)	(11, 33.42032329890761)	(12, 33.44401159767443)	(13, 33.47544738726503)	(14, 33.439607064873016)	(15, 33.47454464676617)	(16, 33.47707495354109)	(17, 33.46150429692234)	(18, 33.474064771353596)	(19, 33.47366690025962)	(20, 33.46911947204557)	(21, 33.33606286825281)	(22, 33.45130023391096)	(23, 33.45504642218276)	(24, 33.24509272875099)	(25, 33.450225630840166)	(26, 33.404287181156526)	(27, 33.49492773259699)	(28, 33.48468130453764)	(29, 33.38875145144756)	(30, 33.48460304238794)	(31, 33.48237682148628)	(32, 33.38090758822458)	(33, 33.46992103538514)	(34, 33.482535286169544)	(35, 33.477901649471825)	(36, 33.45640104112683)	(37, 33.46586290730534)	(38, 33.444184846234855)	(39, 33.435982335391984)	(40, 33.45020913757721)	(41, 33.44912390859471)	(42, 33.425330413302)	(43, 33.43542886399094)	(44, 33.37180436966595)	(45, 33.300123309085386)	(46, 33.297455142655984)	(47, 33.422079854511864)	(48, 33.3700392209331)	(49, 33.304150853019316)	(50, 33.39443876278999)	(51, 33.26578151744164)
SRR21188798_2	(1, 33.1738846598402)	(2, 33.29214971734035)	(3, 33.11952665351718)	(4, 33.20401004351935)	(5, 33.30724022134883)	(6, 33.2857148500096)	(7, 33.355828265216196)	(8, 33.35698986216414)	(9, 33.39500410749237)	(10, 33.3253073666235)	(11, 33.341777806965666)	(12, 33.330195563206004)	(13, 33.35679037222176)	(14, 33.349060991647505)	(15, 33.333675872687074)	(16, 33.34845619247296)	(17, 33.31771501411063)	(18, 33.33113161362808)	(19, 33.33651493149648)	(20, 33.320647118946894)	(21, 33.3228700134762)	(22, 33.31824025754623)	(23, 33.32393579242032)	(24, 33.31830618439842)	(25, 33.304711485360855)	(26, 33.36988865638419)	(27, 33.355819579688365)	(28, 33.356178365907105)	(29, 33.34673872174394)	(30, 33.331043649559)	(31, 33.334499473243525)	(32, 33.326908876316075)	(33, 33.31095462428474)	(34, 33.30060567927723)	(35, 33.20477603315451)	(36, 33.29478845461429)	(37, 33.28135286705462)	(38, 33.27367615404273)	(39, 33.26904741450432)	(40, 33.26166725682826)	(41, 33.270438438745884)	(42, 33.25894942581154)	(43, 33.26828207166378)	(44, 33.258423535581315)	(45, 33.25826830487117)	(46, 33.25720197153166)	(47, 33.24278524272458)	(48, 33.230290325548594)	(49, 33.22548080691233)	(50, 33.21974854334343)	(51, 33.14120161921338)
SRR21188799_1	(1, 33.09890465200674)	(2, 33.28118169213041)	(3, 33.255645335903544)	(4, 33.280419451572676)	(5, 33.43359392379904)	(6, 33.42853550033757)	(7, 33.4395877063502)	(8, 33.375569052424076)	(9, 33.48069596733863)	(10, 33.439909346516465)	(11, 33.42304215558485)	(12, 33.44965321571152)	(13, 33.48471063987701)	(14, 33.44674999197968)	(15, 33.48159089574793)	(16, 33.48395449212879)	(17, 33.46826603417788)	(18, 33.48028756105174)	(19, 33.48077013413094)	(20, 33.47472757149376)	(21, 33.34266705364783)	(22, 33.457656083393864)	(23, 33.46412897891019)	(24, 33.254772446916306)	(25, 33.45859900208055)	(26, 33.409836780779095)	(27, 33.503205250316874)	(28, 33.49266104169968)	(29, 33.39213205419938)	(30, 33.48977775123352)	(31, 33.48988546608808)	(32, 33.38630548542034)	(33, 33.48832856520843)	(34, 33.49170522280521)	(35, 33.48551741059808)	(36, 33.464665258976936)	(37, 33.4740333673089)	(38, 33.448987369417836)	(39, 33.442685561496965)	(40, 33.459877100510184)	(41, 33.455073747629584)	(42, 33.43240206495093)	(43, 33.43604270668324)	(44, 33.37263611684339)	(45, 33.340557662819336)	(46, 33.33048839246449)	(47, 33.42518765195119)	(48, 33.33836361202659)	(49, 33.316061108472354)	(50, 33.39492760068659)	(51, 33.228644524017874)
SRR21188799_2	(1, 33.13521486311544)	(2, 33.272951810878894)	(3, 33.11512592991035)	(4, 33.188206923394844)	(5, 33.28511031313693)	(6, 33.259216023156284)	(7, 33.33120869794442)	(8, 33.33720883657464)	(9, 33.38239548133176)	(10, 33.30906705208325)	(11, 33.32704873822616)	(12, 33.32572366498739)	(13, 33.343304654880136)	(14, 33.33661681858385)	(15, 33.32922146418562)	(16, 33.337731953164045)	(17, 33.30577629557859)	(18, 33.32294335052396)	(19, 33.32823221005871)	(20, 33.31159060351873)	(21, 33.31096774538104)	(22, 33.31175717792196)	(23, 33.312216620890986)	(24, 33.30692418841239)	(25, 33.29508683739145)	(26, 33.360810011193095)	(27, 33.35268573863976)	(28, 33.34931927333543)	(29, 33.343990058340154)	(30, 33.33144037514556)	(31, 33.33353524853905)	(32, 33.33015298706192)	(33, 33.31706412783557)	(34, 33.316178037761055)	(35, 33.228392349402014)	(36, 33.317113735340165)	(37, 33.308502075635914)	(38, 33.30209984918792)	(39, 33.30356543314478)	(40, 33.29940599996562)	(41, 33.303426426824096)	(42, 33.28950104741789)	(43, 33.296467798994)	(44, 33.28308411548522)	(45, 33.28025268911977)	(46, 33.27780646371117)	(47, 33.259137192732)	(48, 33.24618455669113)	(49, 33.23949420052918)	(50, 33.22946524802492)	(51, 33.15265519185035)
