Sample	0	1	2	3	4	5	6	7	8	9	10	11	12	13	14	15	16	17	18	19	20	21	22
SRR21188779_1	(16.0, 1.0)	(17.0, 0.0)	(18.0, 10.0)	(19.0, 46.0)	(20.0, 272.0)	(21.0, 1067.0)	(22.0, 4229.0)	(23.0, 11851.0)	(24.0, 31082.0)	(25.0, 61475.0)	(26.0, 124950.0)	(27.0, 207582.0)	(28.0, 358922.0)	(29.0, 538885.0)	(30.0, 842191.0)	(31.0, 1383148.0)	(32.0, 3494191.0)	(33.0, 20385749.0)	(34.0, 20931906.0)				
SRR21188779_2	(12.0, 4.0)	(13.0, 55.0)	(14.0, 414.0)	(15.0, 2020.0)	(16.0, 6934.0)	(17.0, 14689.0)	(18.0, 28426.0)	(19.0, 39647.0)	(20.0, 53059.0)	(21.0, 59466.0)	(22.0, 76824.0)	(23.0, 92258.0)	(24.0, 125198.0)	(25.0, 153076.0)	(26.0, 209851.0)	(27.0, 262405.0)	(28.0, 370426.0)	(29.0, 497935.0)	(30.0, 752724.0)	(31.0, 1239874.0)	(32.0, 3223032.0)	(33.0, 22188375.0)	(34.0, 18980865.0)
SRR21188780_1	(17.0, 1.0)	(18.0, 3.0)	(19.0, 34.0)	(20.0, 173.0)	(21.0, 712.0)	(22.0, 2915.0)	(23.0, 7850.0)	(24.0, 21244.0)	(25.0, 43602.0)	(26.0, 88653.0)	(27.0, 150167.0)	(28.0, 259262.0)	(29.0, 391956.0)	(30.0, 638482.0)	(31.0, 1166681.0)	(32.0, 2553355.0)	(33.0, 15161788.0)	(34.0, 13627479.0)					
SRR21188780_2	(12.0, 3.0)	(13.0, 42.0)	(14.0, 336.0)	(15.0, 1590.0)	(16.0, 5353.0)	(17.0, 11290.0)	(18.0, 21958.0)	(19.0, 30090.0)	(20.0, 40009.0)	(21.0, 43143.0)	(22.0, 52786.0)	(23.0, 62463.0)	(24.0, 87230.0)	(25.0, 111468.0)	(26.0, 155440.0)	(27.0, 197053.0)	(28.0, 278332.0)	(29.0, 367369.0)	(30.0, 547199.0)	(31.0, 899206.0)	(32.0, 2384883.0)	(33.0, 16110932.0)	(34.0, 12706182.0)
SRR21188781_1	(18.0, 5.0)	(19.0, 37.0)	(20.0, 190.0)	(21.0, 800.0)	(22.0, 3191.0)	(23.0, 8948.0)	(24.0, 23920.0)	(25.0, 49073.0)	(26.0, 102374.0)	(27.0, 174511.0)	(28.0, 309645.0)	(29.0, 470540.0)	(30.0, 757112.0)	(31.0, 1322827.0)	(32.0, 3237198.0)	(33.0, 19253170.0)	(34.0, 16239870.0)						
SRR21188781_2	(12.0, 6.0)	(13.0, 47.0)	(14.0, 313.0)	(15.0, 1379.0)	(16.0, 4128.0)	(17.0, 8552.0)	(18.0, 15925.0)	(19.0, 21532.0)	(20.0, 30624.0)	(21.0, 35853.0)	(22.0, 47261.0)	(23.0, 58711.0)	(24.0, 83957.0)	(25.0, 108360.0)	(26.0, 157193.0)	(27.0, 209152.0)	(28.0, 309803.0)	(29.0, 433365.0)	(30.0, 676001.0)	(31.0, 1160277.0)	(32.0, 3208681.0)	(33.0, 20783131.0)	(34.0, 14599160.0)
SRR21188782_1	(18.0, 9.0)	(19.0, 45.0)	(20.0, 250.0)	(21.0, 1083.0)	(22.0, 4098.0)	(23.0, 11284.0)	(24.0, 29139.0)	(25.0, 58556.0)	(26.0, 118872.0)	(27.0, 202344.0)	(28.0, 354590.0)	(29.0, 541199.0)	(30.0, 885059.0)	(31.0, 1532762.0)	(32.0, 3581706.0)	(33.0, 21504447.0)	(34.0, 19549992.0)						
SRR21188782_2	(12.0, 7.0)	(13.0, 42.0)	(14.0, 408.0)	(15.0, 1790.0)	(16.0, 5947.0)	(17.0, 12873.0)	(18.0, 24616.0)	(19.0, 33978.0)	(20.0, 46183.0)	(21.0, 51125.0)	(22.0, 66118.0)	(23.0, 79657.0)	(24.0, 108330.0)	(25.0, 134076.0)	(26.0, 187648.0)	(27.0, 240166.0)	(28.0, 348312.0)	(29.0, 481165.0)	(30.0, 741603.0)	(31.0, 1261093.0)	(32.0, 3430441.0)	(33.0, 23147929.0)	(34.0, 17971928.0)
SRR21188783_1	(17.0, 1.0)	(18.0, 4.0)	(19.0, 26.0)	(20.0, 186.0)	(21.0, 705.0)	(22.0, 2981.0)	(23.0, 8553.0)	(24.0, 22942.0)	(25.0, 47037.0)	(26.0, 97702.0)	(27.0, 168513.0)	(28.0, 297959.0)	(29.0, 453940.0)	(30.0, 725156.0)	(31.0, 1221776.0)	(32.0, 3145510.0)	(33.0, 18587440.0)	(34.0, 17669094.0)					
SRR21188783_2	(12.0, 2.0)	(13.0, 32.0)	(14.0, 335.0)	(15.0, 1420.0)	(16.0, 4661.0)	(17.0, 9986.0)	(18.0, 18701.0)	(19.0, 25420.0)	(20.0, 33705.0)	(21.0, 36228.0)	(22.0, 44097.0)	(23.0, 51378.0)	(24.0, 73805.0)	(25.0, 100438.0)	(26.0, 155449.0)	(27.0, 213055.0)	(28.0, 318279.0)	(29.0, 438478.0)	(30.0, 672366.0)	(31.0, 1127350.0)	(32.0, 3052107.0)	(33.0, 20421959.0)	(34.0, 15650274.0)
SRR21188784_1	(17.0, 1.0)	(18.0, 6.0)	(19.0, 54.0)	(20.0, 241.0)	(21.0, 1018.0)	(22.0, 4007.0)	(23.0, 11340.0)	(24.0, 29003.0)	(25.0, 58920.0)	(26.0, 120033.0)	(27.0, 200104.0)	(28.0, 341884.0)	(29.0, 510670.0)	(30.0, 836341.0)	(31.0, 1448047.0)	(32.0, 3107046.0)	(33.0, 18222234.0)	(34.0, 16841878.0)					
SRR21188784_2	(12.0, 3.0)	(13.0, 24.0)	(14.0, 253.0)	(15.0, 1097.0)	(16.0, 3963.0)	(17.0, 9083.0)	(18.0, 18423.0)	(19.0, 27071.0)	(20.0, 38677.0)	(21.0, 45679.0)	(22.0, 61542.0)	(23.0, 78250.0)	(24.0, 114670.0)	(25.0, 152256.0)	(26.0, 219626.0)	(27.0, 280310.0)	(28.0, 390530.0)	(29.0, 513478.0)	(30.0, 761724.0)	(31.0, 1255913.0)	(32.0, 3301347.0)	(33.0, 19940601.0)	(34.0, 14518307.0)
SRR21188785_1	(18.0, 4.0)	(19.0, 21.0)	(20.0, 131.0)	(21.0, 562.0)	(22.0, 2187.0)	(23.0, 5918.0)	(24.0, 14819.0)	(25.0, 30175.0)	(26.0, 64294.0)	(27.0, 115989.0)	(28.0, 215789.0)	(29.0, 354198.0)	(30.0, 639896.0)	(31.0, 1151742.0)	(32.0, 3042097.0)	(33.0, 20095879.0)	(34.0, 16796129.0)						
SRR21188785_2	(12.0, 4.0)	(13.0, 38.0)	(14.0, 249.0)	(15.0, 900.0)	(16.0, 2701.0)	(17.0, 5500.0)	(18.0, 10246.0)	(19.0, 14446.0)	(20.0, 20018.0)	(21.0, 23729.0)	(22.0, 31938.0)	(23.0, 40296.0)	(24.0, 58492.0)	(25.0, 78206.0)	(26.0, 114312.0)	(27.0, 152407.0)	(28.0, 225713.0)	(29.0, 321300.0)	(30.0, 519893.0)	(31.0, 950002.0)	(32.0, 2990871.0)	(33.0, 21902914.0)	(34.0, 15065655.0)
SRR21188786_1	(17.0, 1.0)	(18.0, 3.0)	(19.0, 39.0)	(20.0, 209.0)	(21.0, 955.0)	(22.0, 3599.0)	(23.0, 10374.0)	(24.0, 27537.0)	(25.0, 56644.0)	(26.0, 119034.0)	(27.0, 204381.0)	(28.0, 358699.0)	(29.0, 548142.0)	(30.0, 885541.0)	(31.0, 1547644.0)	(32.0, 3770895.0)	(33.0, 21904248.0)	(34.0, 17731402.0)					
SRR21188786_2	(12.0, 11.0)	(13.0, 58.0)	(14.0, 367.0)	(15.0, 1373.0)	(16.0, 4069.0)	(17.0, 8398.0)	(18.0, 15717.0)	(19.0, 22393.0)	(20.0, 32366.0)	(21.0, 41103.0)	(22.0, 57696.0)	(23.0, 70885.0)	(24.0, 95912.0)	(25.0, 119115.0)	(26.0, 171769.0)	(27.0, 228482.0)	(28.0, 344073.0)	(29.0, 486710.0)	(30.0, 768237.0)	(31.0, 1324661.0)	(32.0, 3653810.0)	(33.0, 23295609.0)	(34.0, 16426533.0)
SRR21188787_1	(18.0, 5.0)	(19.0, 31.0)	(20.0, 219.0)	(21.0, 882.0)	(22.0, 3472.0)	(23.0, 9932.0)	(24.0, 25954.0)	(25.0, 53786.0)	(26.0, 111835.0)	(27.0, 191873.0)	(28.0, 337983.0)	(29.0, 515192.0)	(30.0, 861767.0)	(31.0, 1442672.0)	(32.0, 3495596.0)	(33.0, 20482476.0)	(34.0, 16950644.0)						
SRR21188787_2	(12.0, 6.0)	(13.0, 30.0)	(14.0, 356.0)	(15.0, 1418.0)	(16.0, 4428.0)	(17.0, 9058.0)	(18.0, 16627.0)	(19.0, 22794.0)	(20.0, 31510.0)	(21.0, 34770.0)	(22.0, 44520.0)	(23.0, 53917.0)	(24.0, 79285.0)	(25.0, 109719.0)	(26.0, 169036.0)	(27.0, 232875.0)	(28.0, 347127.0)	(29.0, 482889.0)	(30.0, 739536.0)	(31.0, 1249089.0)	(32.0, 3429616.0)	(33.0, 22037666.0)	(34.0, 15388047.0)
SRR21188788_1	(18.0, 6.0)	(19.0, 44.0)	(20.0, 179.0)	(21.0, 817.0)	(22.0, 3281.0)	(23.0, 8962.0)	(24.0, 24758.0)	(25.0, 50552.0)	(26.0, 106954.0)	(27.0, 183242.0)	(28.0, 319810.0)	(29.0, 486906.0)	(30.0, 790952.0)	(31.0, 1373011.0)	(32.0, 3252267.0)	(33.0, 19281671.0)	(34.0, 16199464.0)						
SRR21188788_2	(12.0, 1.0)	(13.0, 43.0)	(14.0, 328.0)	(15.0, 1389.0)	(16.0, 4464.0)	(17.0, 9151.0)	(18.0, 17172.0)	(19.0, 23564.0)	(20.0, 32773.0)	(21.0, 38425.0)	(22.0, 50018.0)	(23.0, 61645.0)	(24.0, 87164.0)	(25.0, 113361.0)	(26.0, 164409.0)	(27.0, 217525.0)	(28.0, 319340.0)	(29.0, 442107.0)	(30.0, 684571.0)	(31.0, 1157053.0)	(32.0, 3156227.0)	(33.0, 20698312.0)	(34.0, 14803834.0)
SRR21188789_1	(17.0, 1.0)	(18.0, 7.0)	(19.0, 44.0)	(20.0, 277.0)	(21.0, 1035.0)	(22.0, 4111.0)	(23.0, 11056.0)	(24.0, 29697.0)	(25.0, 60463.0)	(26.0, 125540.0)	(27.0, 215159.0)	(28.0, 377005.0)	(29.0, 569126.0)	(30.0, 904407.0)	(31.0, 1534178.0)	(32.0, 3933208.0)	(33.0, 23054223.0)	(34.0, 18883354.0)					
SRR21188789_2	(12.0, 7.0)	(13.0, 64.0)	(14.0, 336.0)	(15.0, 1469.0)	(16.0, 4249.0)	(17.0, 8748.0)	(18.0, 16497.0)	(19.0, 23533.0)	(20.0, 34356.0)	(21.0, 42893.0)	(22.0, 59349.0)	(23.0, 75352.0)	(24.0, 104905.0)	(25.0, 131610.0)	(26.0, 187560.0)	(27.0, 246140.0)	(28.0, 367316.0)	(29.0, 514645.0)	(30.0, 803694.0)	(31.0, 1368290.0)	(32.0, 3748440.0)	(33.0, 24592528.0)	(34.0, 17370910.0)
SRR21188790_1	(17.0, 1.0)	(18.0, 11.0)	(19.0, 42.0)	(20.0, 231.0)	(21.0, 1069.0)	(22.0, 4139.0)	(23.0, 11473.0)	(24.0, 30516.0)	(25.0, 61347.0)	(26.0, 125980.0)	(27.0, 215074.0)	(28.0, 374665.0)	(29.0, 567322.0)	(30.0, 921794.0)	(31.0, 1558621.0)	(32.0, 3712456.0)	(33.0, 21650851.0)	(34.0, 19027283.0)					
SRR21188790_2	(12.0, 7.0)	(13.0, 49.0)	(14.0, 341.0)	(15.0, 1491.0)	(16.0, 4906.0)	(17.0, 10390.0)	(18.0, 20306.0)	(19.0, 28990.0)	(20.0, 41506.0)	(21.0, 48767.0)	(22.0, 64889.0)	(23.0, 77981.0)	(24.0, 105481.0)	(25.0, 131809.0)	(26.0, 187174.0)	(27.0, 243778.0)	(28.0, 358987.0)	(29.0, 500353.0)	(30.0, 779822.0)	(31.0, 1331753.0)	(32.0, 3618807.0)	(33.0, 23336489.0)	(34.0, 17368799.0)
SRR21188791_1	(17.0, 2.0)	(18.0, 8.0)	(19.0, 40.0)	(20.0, 243.0)	(21.0, 943.0)	(22.0, 3775.0)	(23.0, 10744.0)	(24.0, 28534.0)	(25.0, 58824.0)	(26.0, 122640.0)	(27.0, 210299.0)	(28.0, 370037.0)	(29.0, 564886.0)	(30.0, 923513.0)	(31.0, 1586068.0)	(32.0, 3818278.0)	(33.0, 22550494.0)	(34.0, 19753899.0)					
SRR21188791_2	(12.0, 4.0)	(13.0, 51.0)	(14.0, 447.0)	(15.0, 1657.0)	(16.0, 5327.0)	(17.0, 11346.0)	(18.0, 20991.0)	(19.0, 28653.0)	(20.0, 38848.0)	(21.0, 43031.0)	(22.0, 54499.0)	(23.0, 65689.0)	(24.0, 94018.0)	(25.0, 126511.0)	(26.0, 189807.0)	(27.0, 258299.0)	(28.0, 383302.0)	(29.0, 531057.0)	(30.0, 818232.0)	(31.0, 1380596.0)	(32.0, 3735939.0)	(33.0, 24265833.0)	(34.0, 17949090.0)
SRR21188792_1	(18.0, 6.0)	(19.0, 41.0)	(20.0, 206.0)	(21.0, 923.0)	(22.0, 3684.0)	(23.0, 10520.0)	(24.0, 28083.0)	(25.0, 56745.0)	(26.0, 119417.0)	(27.0, 204888.0)	(28.0, 362525.0)	(29.0, 551691.0)	(30.0, 904180.0)	(31.0, 1577658.0)	(32.0, 3701145.0)	(33.0, 22157165.0)	(34.0, 19655633.0)						
SRR21188792_2	(12.0, 6.0)	(13.0, 45.0)	(14.0, 389.0)	(15.0, 1477.0)	(16.0, 4813.0)	(17.0, 10153.0)	(18.0, 19369.0)	(19.0, 25907.0)	(20.0, 35260.0)	(21.0, 38106.0)	(22.0, 48098.0)	(23.0, 57782.0)	(24.0, 85793.0)	(25.0, 117440.0)	(26.0, 182022.0)	(27.0, 250213.0)	(28.0, 373531.0)	(29.0, 517966.0)	(30.0, 799029.0)	(31.0, 1348758.0)	(32.0, 3683391.0)	(33.0, 24165980.0)	(34.0, 17568982.0)
SRR21188793_1	(16.0, 1.0)	(17.0, 0.0)	(18.0, 5.0)	(19.0, 27.0)	(20.0, 192.0)	(21.0, 762.0)	(22.0, 3169.0)	(23.0, 8837.0)	(24.0, 22957.0)	(25.0, 47422.0)	(26.0, 99728.0)	(27.0, 172261.0)	(28.0, 303355.0)	(29.0, 466644.0)	(30.0, 763154.0)	(31.0, 1314871.0)	(32.0, 3153337.0)	(33.0, 18854206.0)	(34.0, 17042480.0)				
SRR21188793_2	(12.0, 2.0)	(13.0, 33.0)	(14.0, 310.0)	(15.0, 1289.0)	(16.0, 4383.0)	(17.0, 9055.0)	(18.0, 17026.0)	(19.0, 23808.0)	(20.0, 33337.0)	(21.0, 38527.0)	(22.0, 51375.0)	(23.0, 64270.0)	(24.0, 90415.0)	(25.0, 115328.0)	(26.0, 165460.0)	(27.0, 215936.0)	(28.0, 313199.0)	(29.0, 432152.0)	(30.0, 667154.0)	(31.0, 1126875.0)	(32.0, 3055576.0)	(33.0, 20496684.0)	(34.0, 15331214.0)
SRR21188794_1	(17.0, 1.0)	(18.0, 7.0)	(19.0, 44.0)	(20.0, 206.0)	(21.0, 924.0)	(22.0, 3660.0)	(23.0, 10257.0)	(24.0, 26996.0)	(25.0, 54395.0)	(26.0, 111962.0)	(27.0, 190879.0)	(28.0, 335193.0)	(29.0, 507978.0)	(30.0, 826837.0)	(31.0, 1441014.0)	(32.0, 3457702.0)	(33.0, 20675554.0)	(34.0, 17297083.0)					
SRR21188794_2	(12.0, 5.0)	(13.0, 46.0)	(14.0, 331.0)	(15.0, 1296.0)	(16.0, 4239.0)	(17.0, 8584.0)	(18.0, 16180.0)	(19.0, 22470.0)	(20.0, 30962.0)	(21.0, 34985.0)	(22.0, 46605.0)	(23.0, 57116.0)	(24.0, 82925.0)	(25.0, 110901.0)	(26.0, 165073.0)	(27.0, 222722.0)	(28.0, 332203.0)	(29.0, 461916.0)	(30.0, 709754.0)	(31.0, 1205158.0)	(32.0, 3328035.0)	(33.0, 22286647.0)	(34.0, 15812539.0)
SRR21188795_1	(17.0, 1.0)	(18.0, 4.0)	(19.0, 26.0)	(20.0, 170.0)	(21.0, 738.0)	(22.0, 2903.0)	(23.0, 8053.0)	(24.0, 21235.0)	(25.0, 43512.0)	(26.0, 93363.0)	(27.0, 163248.0)	(28.0, 291989.0)	(29.0, 453639.0)	(30.0, 740399.0)	(31.0, 1345088.0)	(32.0, 3269388.0)	(33.0, 20143846.0)	(34.0, 16201070.0)					
SRR21188795_2	(12.0, 4.0)	(13.0, 41.0)	(14.0, 266.0)	(15.0, 846.0)	(16.0, 2705.0)	(17.0, 5377.0)	(18.0, 10499.0)	(19.0, 14542.0)	(20.0, 20767.0)	(21.0, 24737.0)	(22.0, 33678.0)	(23.0, 43354.0)	(24.0, 66052.0)	(25.0, 92404.0)	(26.0, 142755.0)	(27.0, 196240.0)	(28.0, 294686.0)	(29.0, 413728.0)	(30.0, 644889.0)	(31.0, 1112278.0)	(32.0, 3233105.0)	(33.0, 22050182.0)	(34.0, 14375537.0)
SRR21188796_1	(17.0, 1.0)	(18.0, 2.0)	(19.0, 29.0)	(20.0, 165.0)	(21.0, 856.0)	(22.0, 3262.0)	(23.0, 9148.0)	(24.0, 25092.0)	(25.0, 51120.0)	(26.0, 106971.0)	(27.0, 182299.0)	(28.0, 315425.0)	(29.0, 479050.0)	(30.0, 785492.0)	(31.0, 1511508.0)	(32.0, 3105076.0)	(33.0, 18101699.0)	(34.0, 15767355.0)					
SRR21188796_2	(12.0, 6.0)	(13.0, 39.0)	(14.0, 360.0)	(15.0, 1573.0)	(16.0, 5331.0)	(17.0, 10886.0)	(18.0, 20785.0)	(19.0, 28786.0)	(20.0, 39618.0)	(21.0, 46238.0)	(22.0, 62976.0)	(23.0, 82405.0)	(24.0, 118647.0)	(25.0, 151631.0)	(26.0, 206932.0)	(27.0, 256258.0)	(28.0, 351434.0)	(29.0, 454792.0)	(30.0, 669695.0)	(31.0, 1105326.0)	(32.0, 3015415.0)	(33.0, 19707576.0)	(34.0, 14107841.0)
SRR21188797_1	(17.0, 1.0)	(18.0, 3.0)	(19.0, 34.0)	(20.0, 201.0)	(21.0, 915.0)	(22.0, 3356.0)	(23.0, 9675.0)	(24.0, 25421.0)	(25.0, 52264.0)	(26.0, 108126.0)	(27.0, 184573.0)	(28.0, 323026.0)	(29.0, 491014.0)	(30.0, 808649.0)	(31.0, 1518725.0)	(32.0, 3230296.0)	(33.0, 18962247.0)	(34.0, 17223585.0)					
SRR21188797_2	(12.0, 5.0)	(13.0, 65.0)	(14.0, 385.0)	(15.0, 1679.0)	(16.0, 5629.0)	(17.0, 11915.0)	(18.0, 22338.0)	(19.0, 30765.0)	(20.0, 41521.0)	(21.0, 45868.0)	(22.0, 59580.0)	(23.0, 74121.0)	(24.0, 108163.0)	(25.0, 144747.0)	(26.0, 209033.0)	(27.0, 270246.0)	(28.0, 379239.0)	(29.0, 497360.0)	(30.0, 734511.0)	(31.0, 1208141.0)	(32.0, 3283515.0)	(33.0, 20991510.0)	(34.0, 14821775.0)
SRR21188798_1	(16.0, 1.0)	(17.0, 1.0)	(18.0, 6.0)	(19.0, 41.0)	(20.0, 224.0)	(21.0, 981.0)	(22.0, 3813.0)	(23.0, 10389.0)	(24.0, 27777.0)	(25.0, 56039.0)	(26.0, 116431.0)	(27.0, 196069.0)	(28.0, 339453.0)	(29.0, 509576.0)	(30.0, 805498.0)	(31.0, 1377338.0)	(32.0, 3469763.0)	(33.0, 19699967.0)	(34.0, 16677036.0)				
SRR21188798_2	(12.0, 3.0)	(13.0, 51.0)	(14.0, 361.0)	(15.0, 1515.0)	(16.0, 4909.0)	(17.0, 9960.0)	(18.0, 18965.0)	(19.0, 26900.0)	(20.0, 39625.0)	(21.0, 49597.0)	(22.0, 69433.0)	(23.0, 85792.0)	(24.0, 114584.0)	(25.0, 139740.0)	(26.0, 189783.0)	(27.0, 239404.0)	(28.0, 340616.0)	(29.0, 463194.0)	(30.0, 706269.0)	(31.0, 1188949.0)	(32.0, 3216036.0)	(33.0, 21095072.0)	(34.0, 15289645.0)
SRR21188799_1	(17.0, 2.0)	(18.0, 7.0)	(19.0, 42.0)	(20.0, 279.0)	(21.0, 1227.0)	(22.0, 4829.0)	(23.0, 13644.0)	(24.0, 35090.0)	(25.0, 70871.0)	(26.0, 143795.0)	(27.0, 242105.0)	(28.0, 417095.0)	(29.0, 626222.0)	(30.0, 1003492.0)	(31.0, 1779055.0)	(32.0, 4039747.0)	(33.0, 23628264.0)	(34.0, 21171672.0)					
SRR21188799_2	(13.0, 61.0)	(14.0, 494.0)	(15.0, 2207.0)	(16.0, 7139.0)	(17.0, 15059.0)	(18.0, 28404.0)	(19.0, 38774.0)	(20.0, 52052.0)	(21.0, 58029.0)	(22.0, 74055.0)	(23.0, 88138.0)	(24.0, 123663.0)	(25.0, 159335.0)	(26.0, 228684.0)	(27.0, 300045.0)	(28.0, 437024.0)	(29.0, 593740.0)	(30.0, 899708.0)	(31.0, 1493054.0)	(32.0, 3955973.0)	(33.0, 25533099.0)	(34.0, 19088701.0)	
