Sample	0	1	2	3	4	5	6	7	8	9	10	11	12	13	14	15
SRR21188779_1	(1.0, 18.631872831330313)	(2.0, 9.071649105856586)	(3.0, 5.448315875167932)	(4.0, 3.659848426592438)	(5.0, 2.7526081047528828)	(6.0, 2.2435134082975003)	(7.0, 1.8870055997575967)	(8.0, 1.6089160999403964)	(9.0, 1.3354071315558764)	('>10', 17.30484228491655)	('>50', 5.275746762491987)	('>100', 8.564141146156743)	('>500', 2.547394339604662)	('>1k', 4.670140945283163)	('>5k', 2.489214693195728)	('>10k+', 12.5093832450996)
SRR21188779_2	(1.0, 17.885719187136388)	(2.0, 8.701782622775333)	(3.0, 5.369183852962087)	(4.0, 3.8544134527096734)	(5.0, 2.986522593151455)	(6.0, 2.4104866517970778)	(7.0, 1.9514532996747602)	(8.0, 1.6927817662548514)	(9.0, 1.5454899998364717)	('>10', 17.934740847450193)	('>50', 5.09838516193268)	('>100', 7.917200340297362)	('>500', 2.175177767731121)	('>1k', 4.171482407397794)	('>5k', 1.786330131527201)	('>10k+', 14.518849917365554)
SRR21188780_1	(1.0, 24.88390939232644)	(2.0, 13.16520169937844)	(3.0, 7.442776762325567)	(4.0, 4.603691048083696)	(5.0, 3.4126104805286515)	(6.0, 2.569656448698788)	(7.0, 2.1155155987072978)	(8.0, 1.724989593487141)	(9.0, 1.4718039119741206)	('>10', 16.620017155620104)	('>50', 4.447805655136689)	('>100', 6.89561717503914)	('>500', 1.938660358382559)	('>1k', 3.320552216930224)	('>5k', 1.3314046734400098)	('>10k+', 4.055787829940964)
SRR21188780_2	(1.0, 24.126334019329736)	(2.0, 12.760372637149633)	(3.0, 7.5243596177331975)	(4.0, 4.928448924962792)	(5.0, 3.465680344175121)	(6.0, 2.648198370312348)	(7.0, 2.130857316312683)	(8.0, 1.8020855931988697)	(9.0, 1.531018406498322)	('>10', 17.115903101270277)	('>50', 4.396963192684236)	('>100', 6.488015933513385)	('>500', 1.6919334952702523)	('>1k', 2.9961717230601668)	('>5k', 1.786921730532912)	('>10k+', 4.606735593996168)
SRR21188781_1	(1.0, 32.84632391783126)	(2.0, 13.068175477722429)	(3.0, 6.812420863592068)	(4.0, 4.204533657151531)	(5.0, 3.105644528249021)	(6.0, 2.3779637097987827)	(7.0, 2.0221630794301877)	(8.0, 1.5451348865456347)	(9.0, 1.455660446401129)	('>10', 15.649483339320792)	('>50', 3.9346492932709545)	('>100', 5.7752351610850505)	('>500', 1.5264596182341463)	('>1k', 2.600001288690517)	('>5k', 0.8191479051644286)	('>10k+', 2.257002827512196)
SRR21188781_2	(1.0, 33.057320517374386)	(2.0, 13.103567205941886)	(3.0, 6.961135699298547)	(4.0, 4.4569236199254485)	(5.0, 3.2859438534594663)	(6.0, 2.4068356468988483)	(7.0, 2.0037657211034086)	(8.0, 1.6587556798230403)	(9.0, 1.4081864850446584)	('>10', 15.601183093265195)	('>50', 3.602964645190361)	('>100', 5.226116965857876)	('>500', 1.3197679058810197)	('>1k', 2.426721555486378)	('>5k', 1.2405318502653664)	('>10k+', 2.240279555183871)
SRR21188782_1	(1.0, 24.986810671772037)	(2.0, 11.397337574424316)	(3.0, 6.301121831693431)	(4.0, 3.992813756712598)	(5.0, 2.905715345657588)	(6.0, 2.313779900430468)	(7.0, 1.8640842067390533)	(8.0, 1.6288058542836417)	(9.0, 1.4125166919330694)	('>10', 16.923642248026905)	('>50', 4.6567707223028165)	('>100', 7.036244042333896)	('>500', 2.039687756717404)	('>1k', 3.855015879976192)	('>5k', 1.7470737679301105)	('>10k+', 6.93857974906626)
SRR21188782_2	(1.0, 24.145279086969833)	(2.0, 10.983600807178535)	(3.0, 6.38831150633457)	(4.0, 4.282895481004245)	(5.0, 3.0986577913949325)	(6.0, 2.422151426830434)	(7.0, 2.048253451222098)	(8.0, 1.719913582984836)	(9.0, 1.4856540281495334)	('>10', 17.397167423061074)	('>50', 4.392593283418593)	('>100', 6.457600756598325)	('>500', 1.8406404796939262)	('>1k', 3.5991244862127436)	('>5k', 1.7743291917602548)	('>10k+', 7.963827217185942)
SRR21188783_1	(1.0, 26.16293689154585)	(2.0, 11.543288927449199)	(3.0, 6.040656995878469)	(4.0, 4.033268998937622)	(5.0, 2.965413768028644)	(6.0, 2.2617497747265776)	(7.0, 1.899767043211821)	(8.0, 1.699337006569199)	(9.0, 1.3449072059122895)	('>10', 17.43030547298985)	('>50', 4.889317388589872)	('>100', 7.0608365309024395)	('>500', 1.7215571408650316)	('>1k', 3.181827234766834)	('>5k', 1.5281033941481095)	('>10k+', 6.23672622547821)
SRR21188783_2	(1.0, 25.563494189119346)	(2.0, 11.230509556478445)	(3.0, 6.356032393202736)	(4.0, 4.2403917232063)	(5.0, 3.1215799694433333)	(6.0, 2.518965984967391)	(7.0, 2.0351314901555115)	(8.0, 1.7802164978655908)	(9.0, 1.47093615815435)	('>10', 17.862550798712626)	('>50', 4.594590548298498)	('>100', 6.226128426772312)	('>500', 1.4507793996283613)	('>1k', 2.929979973518269)	('>5k', 1.6055067132178371)	('>10k+', 7.013206177259196)
SRR21188784_1	(1.0, 18.727359334825067)	(2.0, 7.723795029536708)	(3.0, 4.08757372019665)	(4.0, 2.6930866634261954)	(5.0, 1.9414018623584675)	(6.0, 1.4981990380796297)	(7.0, 1.1782735663678452)	(8.0, 1.0350272787246497)	(9.0, 0.8216787226148917)	('>10', 9.94928957266689)	('>50', 3.090016080672122)	('>100', 6.86554409099414)	('>500', 3.5998895446665706)	('>1k', 12.26320944713907)	('>5k', 7.313460451840209)	('>10k+', 17.21219559589102)
SRR21188784_2	(1.0, 18.91404092225133)	(2.0, 7.75503224561932)	(3.0, 4.275595227060122)	(4.0, 2.7057392579101447)	(5.0, 1.9616058343357563)	(6.0, 1.524367222026052)	(7.0, 1.233087840229345)	(8.0, 0.9777165364648908)	(9.0, 0.8371422133001339)	('>10', 9.279714646168573)	('>50', 2.6355066388128066)	('>100', 5.138438574530353)	('>500', 3.1259407867270737)	('>1k', 14.814241937950213)	('>5k', 8.093637264045507)	('>10k+', 16.728192852568235)
SRR21188785_1	(1.0, 30.568861966238597)	(2.0, 13.352872027841608)	(3.0, 7.044901002193837)	(4.0, 4.3983708167754445)	(5.0, 3.1949632362794973)	(6.0, 2.442048678297154)	(7.0, 2.0811153997956873)	(8.0, 1.7554645854982194)	(9.0, 1.4727041132027534)	('>10', 16.65198230305466)	('>50', 4.333615631979856)	('>100', 6.250984376911177)	('>500', 1.5588405305199493)	('>1k', 2.5070229733123015)	('>5k', 0.7822513311869438)	('>10k+', 1.6040010269124487)
SRR21188785_2	(1.0, 31.046386789952834)	(2.0, 13.687976940071486)	(3.0, 7.523037354305977)	(4.0, 4.811558759113608)	(5.0, 3.384049105790101)	(6.0, 2.6398398047922207)	(7.0, 2.2105535168600534)	(8.0, 1.7707066048161186)	(9.0, 1.4965430101827124)	('>10', 16.01218193847667)	('>50', 3.7696887649413244)	('>100', 5.5794987048405815)	('>500', 1.3999877257136928)	('>1k', 2.4574444347088136)	('>5k', 0.8486965740691289)	('>10k+', 1.3618499713648973)
SRR21188786_1	(1.0, 32.07830982577061)	(2.0, 13.191610740431841)	(3.0, 6.828910011099146)	(4.0, 4.218176225067344)	(5.0, 3.0179450352782755)	(6.0, 2.422373772517844)	(7.0, 1.963291364158914)	(8.0, 1.5800160411551845)	(9.0, 1.4185937516846334)	('>10', 16.16590313094666)	('>50', 4.1112733363649605)	('>100', 5.868034717497705)	('>500', 1.50013878042413)	('>1k', 2.3942728080019124)	('>5k', 0.8354363002859369)	('>10k+', 2.4057141593148885)
SRR21188786_2	(1.0, 32.46751182107602)	(2.0, 13.363906035843225)	(3.0, 6.999858133075622)	(4.0, 4.563983469243784)	(5.0, 3.2403934082961703)	(6.0, 2.5840568847574272)	(7.0, 1.970592564710978)	(8.0, 1.710280503848326)	(9.0, 1.4651210938503914)	('>10', 15.42312310967593)	('>50', 3.733195483816355)	('>100', 5.451503554769518)	('>500', 1.3019692502715663)	('>1k', 2.0786906939494343)	('>5k', 1.0793207172761508)	('>10k+', 2.566493275539275)
SRR21188787_1	(1.0, 31.766654866366252)	(2.0, 13.161290509337084)	(3.0, 7.040079173310489)	(4.0, 4.340848968672242)	(5.0, 3.2156932788752424)	(6.0, 2.3748098764307475)	(7.0, 2.0605109643137545)	(8.0, 1.72484685830581)	(9.0, 1.4872350855492817)	('>10', 16.229983555884473)	('>50', 4.211497831714969)	('>100', 5.992352009979496)	('>500', 1.493902710909057)	('>1k', 2.488756303722907)	('>5k', 0.6321569879934108)	('>10k+', 1.779381018635082)
SRR21188787_2	(1.0, 31.542591871416896)	(2.0, 13.511853694699582)	(3.0, 7.225827109894574)	(4.0, 4.555948098875411)	(5.0, 3.299882508100932)	(6.0, 2.5379870591845277)	(7.0, 2.056209081746973)	(8.0, 1.7325907363788997)	(9.0, 1.4977400909519434)	('>10', 16.294834432424015)	('>50', 3.8425027809142462)	('>100', 5.457197141560317)	('>500', 1.3018138006437763)	('>1k', 2.2886601709077867)	('>5k', 1.0449808939099061)	('>10k+', 1.8093805283903082)
SRR21188788_1	(1.0, 31.438129331824484)	(2.0, 13.137225003152572)	(3.0, 6.969971505691662)	(4.0, 4.492626478286718)	(5.0, 3.3099269039446315)	(6.0, 2.612571063880643)	(7.0, 2.0186484786207464)	(8.0, 1.7387597213215094)	(9.0, 1.4599669524307353)	('>10', 17.130865558591466)	('>50', 4.3094310031602)	('>100', 6.148663343546321)	('>500', 1.5632901723840793)	('>1k', 2.2142604442891725)	('>5k', 0.5087493147779395)	('>10k+', 0.9469147240970943)
SRR21188788_2	(1.0, 31.359627792223847)	(2.0, 13.327937478150723)	(3.0, 7.185926892432468)	(4.0, 4.601690065846275)	(5.0, 3.3387405978993714)	(6.0, 2.6833833744336544)	(7.0, 2.1062129812037633)	(8.0, 1.7687904925200444)	(9.0, 1.5588258874176149)	('>10', 17.020299470254336)	('>50', 4.064420449680678)	('>100', 5.773519487328396)	('>500', 1.3652335014238197)	('>1k', 2.2215471509417726)	('>5k', 0.3187471655292006)	('>10k+', 1.30509721271395)
SRR21188789_1	(1.0, 31.74151826017992)	(2.0, 13.740029217423777)	(3.0, 7.521761491164887)	(4.0, 4.5938235533001)	(5.0, 3.2618015081367675)	(6.0, 2.606108665916279)	(7.0, 1.9345888672993954)	(8.0, 1.7513922133292115)	(9.0, 1.458220919696519)	('>10', 16.416645058740063)	('>50', 4.206292346318399)	('>100', 6.118189098310104)	('>500', 1.5445318149657818)	('>1k', 2.1046927618926703)	('>5k', 0.34477585245785675)	('>10k+', 0.6556283708684244)
SRR21188789_2	(1.0, 32.34780513838446)	(2.0, 13.926029833246526)	(3.0, 7.486473880599696)	(4.0, 4.8775598272329805)	(5.0, 3.372232965709242)	(6.0, 2.645011443113136)	(7.0, 2.0924067306954375)	(8.0, 1.7074106603778256)	(9.0, 1.5221564158632857)	('>10', 16.263272237141965)	('>50', 3.7858523174453826)	('>100', 5.549867054595579)	('>500', 1.4490454126308197)	('>1k', 1.7753459871504536)	('>5k', 0.20422534223811134)	('>10k+', 0.9953047535753727)
SRR21188790_1	(1.0, 21.415723724333112)	(2.0, 9.46193047572083)	(3.0, 5.186477340594954)	(4.0, 3.5377706129820217)	(5.0, 2.73134178067684)	(6.0, 2.1199101243558545)	(7.0, 1.8079395622563161)	(8.0, 1.4245479845749678)	(9.0, 1.3624078138318816)	('>10', 17.43858208232394)	('>50', 5.233571448002359)	('>100', 9.266431134531883)	('>500', 3.197273895363548)	('>1k', 7.240222844423331)	('>5k', 2.8620953505471514)	('>10k+', 5.713773825480933)
SRR21188790_2	(1.0, 21.188537474062464)	(2.0, 9.271018771017193)	(3.0, 5.374509950307014)	(4.0, 3.7505966731521365)	(5.0, 2.869908841219607)	(6.0, 2.277913735430564)	(7.0, 1.930726291607546)	(8.0, 1.6172435202626785)	(9.0, 1.4062673513160187)	('>10', 17.23825202186913)	('>50', 4.810899448283231)	('>100', 8.509351860150362)	('>500', 3.2383147063064404)	('>1k', 7.321040342356548)	('>5k', 2.763247010943317)	('>10k+', 6.432172001715602)
SRR21188791_1	(1.0, 26.607127801704262)	(2.0, 11.96030970375148)	(3.0, 6.559853013682257)	(4.0, 4.195610990423456)	(5.0, 3.0122628008496037)	(6.0, 2.3626339321448993)	(7.0, 1.9070158114678124)	(8.0, 1.6541260979907113)	(9.0, 1.4316586742381991)	('>10', 16.2907336702606)	('>50', 4.6117353654637885)	('>100', 7.957410391217507)	('>500', 2.5618702268403855)	('>1k', 3.960179141466249)	('>5k', 1.1713752941523254)	('>10k+', 3.7560970843465964)
SRR21188791_2	(1.0, 26.37504198995126)	(2.0, 11.844966718559812)	(3.0, 6.711094431871009)	(4.0, 4.359023117051441)	(5.0, 3.239204750911225)	(6.0, 2.4441569066660382)	(7.0, 2.02904174353143)	(8.0, 1.719990935790354)	(9.0, 1.4589083993348506)	('>10', 16.118184676088806)	('>50', 4.377414907224598)	('>100', 7.923901546231715)	('>500', 2.3135220710791735)	('>1k', 3.5177707060859347)	('>5k', 1.1830548470004516)	('>10k+', 4.384722252621815)
SRR21188792_1	(1.0, 25.456215893847016)	(2.0, 11.118265931212669)	(3.0, 6.150021842868812)	(4.0, 4.055465134658842)	(5.0, 3.0125406678869315)	(6.0, 2.417339549943392)	(7.0, 2.017579360817889)	(8.0, 1.6953285928941404)	(9.0, 1.4767908430642602)	('>10', 18.7156717615154)	('>50', 5.319012821072522)	('>100', 8.164169476688384)	('>500', 2.1734659341413303)	('>1k', 3.198596260112995)	('>5k', 1.3483127038880363)	('>10k+', 3.6812232253874386)
SRR21188792_2	(1.0, 24.978859855702538)	(2.0, 11.006608754188035)	(3.0, 6.363248039699789)	(4.0, 4.216406770367941)	(5.0, 3.2758311400085423)	(6.0, 2.604364646112596)	(7.0, 2.149552218734975)	(8.0, 1.8069191603174746)	(9.0, 1.634068177775078)	('>10', 18.96583937885955)	('>50', 5.079790521830086)	('>100', 7.490342521301368)	('>500', 1.9001756673292913)	('>1k', 3.049396068865222)	('>5k', 1.2581419807971057)	('>10k+', 4.2204550981105236)
SRR21188793_1	(1.0, 30.03489507606026)	(2.0, 12.830051419414673)	(3.0, 6.757272726125868)	(4.0, 4.309445566133537)	(5.0, 3.017395876263916)	(6.0, 2.449099421764508)	(7.0, 1.9378800176437787)	(8.0, 1.6833857692662662)	(9.0, 1.497168373437425)	('>10', 16.828967689705582)	('>50', 4.511627291836586)	('>100', 6.669290445868868)	('>500', 1.6922728841536263)	('>1k', 2.447792230787971)	('>5k', 0.8197844165470665)	('>10k+', 2.5136707949901647)
SRR21188793_2	(1.0, 29.367411122696176)	(2.0, 12.780784821560895)	(3.0, 6.980509850321702)	(4.0, 4.636886921213525)	(5.0, 3.395006071969876)	(6.0, 2.616130908699852)	(7.0, 2.098472160268533)	(8.0, 1.8661399414989774)	(9.0, 1.514380326020335)	('>10', 16.90150009926295)	('>50', 4.257352229002217)	('>100', 6.123113238637637)	('>500', 1.3267507396945444)	('>1k', 2.3688433771343345)	('>5k', 1.1439230888779959)	('>10k+', 2.6227951031403194)
SRR21188794_1	(1.0, 32.8819678659284)	(2.0, 13.41922302810244)	(3.0, 7.049921363486096)	(4.0, 4.3505730677432854)	(5.0, 3.170298409851836)	(6.0, 2.3631014161171464)	(7.0, 1.9773331870696687)	(8.0, 1.6618511698393894)	(9.0, 1.3323726402807656)	('>10', 15.99644403076145)	('>50', 4.0253277798979274)	('>100', 5.841359167637237)	('>500', 1.5589030019300625)	('>1k', 2.420212771828726)	('>5k', 0.5195877300296531)	('>10k+', 1.4315233694960985)
SRR21188794_2	(1.0, 32.77206715564755)	(2.0, 13.486206439884848)	(3.0, 7.402315594196018)	(4.0, 4.6701674225137255)	(5.0, 3.3695094638114833)	(6.0, 2.5037752145345835)	(7.0, 2.1131519187864756)	(8.0, 1.6501149092074812)	(9.0, 1.5008868696215223)	('>10', 15.439066180188934)	('>50', 3.680771884324919)	('>100', 5.549605389311872)	('>500', 1.3677284025566108)	('>1k', 2.309687563196884)	('>5k', 0.669962179446928)	('>10k+', 1.5149834127700412)
SRR21188795_1	(1.0, 34.18496144755183)	(2.0, 14.426538294995538)	(3.0, 7.345666029417214)	(4.0, 4.6064656906680765)	(5.0, 3.15292389645839)	(6.0, 2.395030280773744)	(7.0, 1.9692213547585484)	(8.0, 1.6544089453913704)	(9.0, 1.3920298402246072)	('>10', 15.524589020270158)	('>50', 3.8015743497518435)	('>100', 4.984485427865544)	('>500', 1.1719838484516425)	('>1k', 1.8363610350686437)	('>5k', 0.44252085161186755)	('>10k+', 1.111239686740983)
SRR21188795_2	(1.0, 35.29392126878798)	(2.0, 14.704857876451015)	(3.0, 7.7743078054503005)	(4.0, 4.825880946837618)	(5.0, 3.3337728352721676)	(6.0, 2.545998884660721)	(7.0, 2.097875828283131)	(8.0, 1.6609326961891138)	(9.0, 1.463112711897399)	('>10', 14.72044213637465)	('>50', 3.2258090332906963)	('>100', 4.105524023922145)	('>500', 1.0025759577713038)	('>1k', 1.8581911482876472)	('>5k', 0.45034806528981997)	('>10k+', 0.9364487812342694)
SRR21188796_1	(1.0, 32.09616066059991)	(2.0, 14.096082636363407)	(3.0, 7.299667772707924)	(4.0, 4.35006784859887)	(5.0, 3.085359523417797)	(6.0, 2.3332328911611597)	(7.0, 1.832389075013066)	(8.0, 1.528041830181588)	(9.0, 1.2567497039064968)	('>10', 14.39071779813291)	('>50', 3.7739762658617435)	('>100', 6.018578482640277)	('>500', 1.6289331210302123)	('>1k', 2.3966237882947157)	('>5k', 0.8087536306971734)	('>10k+', 3.1046649713927867)
SRR21188796_2	(1.0, 32.0688604003569)	(2.0, 14.09709212025922)	(3.0, 7.5377444226334385)	(4.0, 4.636732485319174)	(5.0, 3.2259724101990526)	(6.0, 2.4536922812636712)	(7.0, 1.929973535416069)	(8.0, 1.600913360941715)	(9.0, 1.4031027216639909)	('>10', 13.839753115945)	('>50', 3.7409387341959386)	('>100', 5.635559920327501)	('>500', 1.3023344573371725)	('>1k', 2.15011374910548)	('>5k', 1.1700531197139805)	('>10k+', 3.2071631653216666)
SRR21188797_1	(1.0, 26.929955413053936)	(2.0, 12.787293069248204)	(3.0, 7.006720412604478)	(4.0, 4.438983372552163)	(5.0, 3.317076150645527)	(6.0, 2.5272940990368173)	(7.0, 2.0810274475100043)	(8.0, 1.7640122500345072)	(9.0, 1.5023682106389686)	('>10', 16.729190646878486)	('>50', 4.517420532906299)	('>100', 7.51998627159695)	('>500', 2.2568867560285537)	('>1k', 3.375630309353397)	('>5k', 0.7508670064601306)	('>10k+', 2.4952880514513005)
SRR21188797_2	(1.0, 26.23192133736671)	(2.0, 12.338700686401923)	(3.0, 7.1882112492575105)	(4.0, 4.803765670887465)	(5.0, 3.566047392489597)	(6.0, 2.748057899130587)	(7.0, 2.247665058034866)	(8.0, 1.8209613090431096)	(9.0, 1.5108626334617836)	('>10', 16.535481320720805)	('>50', 4.397494393602044)	('>100', 7.751236373409415)	('>500', 2.0789055184198744)	('>1k', 2.822505870743735)	('>5k', 1.1384446842572813)	('>10k+', 2.819738602773545)
SRR21188798_1	(1.0, 31.546489729084303)	(2.0, 13.59566152710164)	(3.0, 7.120683924480412)	(4.0, 4.540309473780953)	(5.0, 3.1696271930772193)	(6.0, 2.414148419783507)	(7.0, 1.965579163566999)	(8.0, 1.6867443823826396)	(9.0, 1.4173604817290153)	('>10', 15.540170223850037)	('>50', 3.9944486641282273)	('>100', 6.3052084440618605)	('>500', 1.7663398714839689)	('>1k', 2.438770165855207)	('>5k', 0.61308998177889)	('>10k+', 1.8853683538549566)
SRR21188798_2	(1.0, 31.417010414669928)	(2.0, 13.629298170799572)	(3.0, 7.286730284406236)	(4.0, 4.7711088869267435)	(5.0, 3.3977186762385085)	(6.0, 2.59035215557178)	(7.0, 2.1023029965463285)	(8.0, 1.6705928390738878)	(9.0, 1.4911774159337476)	('>10', 15.17569248468766)	('>50', 3.8816668272266424)	('>100', 6.100914125031073)	('>500', 1.5039282479670653)	('>1k', 2.206623056767267)	('>5k', 0.9311461073029117)	('>10k+', 1.843737310850899)
SRR21188799_1	(1.0, 24.717391944422566)	(2.0, 11.571439476604668)	(3.0, 6.630294604228706)	(4.0, 4.342455202592179)	(5.0, 3.125680893237131)	(6.0, 2.4928404388360694)	(7.0, 2.093148054127018)	(8.0, 1.7565788213859839)	(9.0, 1.5287942218999861)	('>10', 17.6727939047349)	('>50', 5.012457166543473)	('>100', 7.9861030736061585)	('>500', 2.3780616718567695)	('>1k', 3.4236408376118783)	('>5k', 1.2102060522541682)	('>10k+', 4.058113636058471)
SRR21188799_2	(1.0, 24.381941497571454)	(2.0, 11.463483605520095)	(3.0, 6.780925758151465)	(4.0, 4.5762421904191)	(5.0, 3.3445404234784926)	(6.0, 2.582348104651571)	(7.0, 2.1478421346252077)	(8.0, 1.7637422632339257)	(9.0, 1.5412020662691803)	('>10', 17.325009718422926)	('>50', 4.835007579654528)	('>100', 8.03599339879278)	('>500', 2.183087904664759)	('>1k', 2.9776071501406465)	('>5k', 1.2528281481900996)	('>10k+', 4.808198056213934)
