Sample	salmon-percent_mapped	salmon-num_mapped	salmon-library_types	salmon-compatible_fragment_ratio	salmon-strand_mapping_bias	fastqc-percent_duplicates	fastqc-percent_gc	fastqc-avg_sequence_length	fastqc-median_sequence_length	fastqc-percent_fails	fastqc-total_sequences
SRR21188779	74.1602040797554	35.876895	ISR	100.0	1.5553600226062247e-06						
SRR21188779_1						71.49976409719432	51.0	51.0	51	27.27272727272727	48.377556999999996
SRR21188779_2						72.25472280646454	54.0	51.0	51	36.36363636363637	48.377556999999996
SRR21188780	71.1017534347782	24.255906	ISR	100.0	3.2121006991733705e-06						
SRR21188780_1						62.09570735811063	50.0	51.0	51	18.181818181818183	34.114357
SRR21188780_2						62.86874618029541	53.0	51.0	51	27.27272727272727	34.114357
SRR21188781	62.1829033162524	26.087849	ISR	100.0	3.588538366004568e-06						
SRR21188781_1						54.68581501912299	48.0	51.0	51	18.181818181818183	41.953410999999996
SRR21188781_2						54.292427178818144	49.0	51.0	51	18.181818181818183	41.953410999999996
SRR21188782	68.3103397416478	33.045424	ISR	100.0	1.8313343132328453e-06						
SRR21188782_1						63.60073372662995	50.0	51.0	51	18.181818181818183	48.375434999999996
SRR21188782_2						64.40818233516026	51.0	51.0	51	18.181818181818183	48.375434999999996
SRR21188783	68.63870914927787	29.136806	ISR	100.0	2.8868700301089e-06						
SRR21188783_1						62.3811408480448	50.0	51.0	51	18.181818181818183	42.449525
SRR21188783_2						62.84708385642993	51.0	51.0	51	18.181818181818183	42.449525
SRR21188784	45.01182486391349	18.784706999999997	ISR	100.0	4.024740500350933e-06						
SRR21188784_1						73.71421808169896	53.0	51.0	51	18.181818181818183	41.732827
SRR21188784_2						73.48332813590213	54.0	51.0	51	18.181818181818183	41.732827
SRR21188785	69.01772238450047	29.353119999999997	ISR	100.0	1.8994863257119105e-06						
SRR21188785_1						56.563311496354466	46.0	51.0	51	27.27272727272727	42.52983
SRR21188785_2						55.592371124975195	47.0	51.0	51	18.181818181818183	42.52983
SRR21188786	60.87855106410526	28.716015	ISR	100.0	3.901105230880544e-06						
SRR21188786_1						55.364818810046714	47.0	51.0	51	18.181818181818183	47.169346999999995
SRR21188786_2						54.68966840215688	49.0	51.0	51	18.181818181818183	47.169346999999995
SRR21188787	63.56121131133872	28.274772	ISR	100.0	3.325565266962957e-06						
SRR21188787_1						55.512986920049556	48.0	51.0	51	18.181818181818183	44.484319
SRR21188787_2						55.3929378668938	49.0	51.0	51	18.181818181818183	44.484319
SRR21188788	66.9148562945175	28.159696	ISR	100.0	2.477076158385688e-06						
SRR21188788_1						55.741467484319536	48.0	51.0	51	18.181818181818183	42.082876
SRR21188788_2						55.58311866811446	49.0	51.0	51	18.181818181818183	42.082876
SRR21188789	59.21263815418705	29.430393	ISR	100.0	2.1735610210954964e-06						
SRR21188789_1						54.988519200789405	47.0	51.0	51	18.181818181818183	49.702891
SRR21188789_2						54.17819533684294	48.0	51.0	51	18.181818181818183	49.702891
SRR21188790	67.43159830407947	32.544427999999996	ISR	100.0	2.0299882246920336e-06						
SRR21188790_1						68.68478588056686	50.0	51.0	51	18.181818181818183	48.262875
SRR21188790_2						68.80283965009588	52.0	51.0	51	18.181818181818183	48.262875
SRR21188791	67.55788781392049	33.781124	ISR	100.0	1.6316446898556453e-06						
SRR21188791_1						61.53434243700107	49.0	51.0	51	18.181818181818183	50.003226999999995
SRR21188791_2						61.647764106113655	51.0	51.0	51	18.181818181818183	50.003226999999995
SRR21188792	71.0784945467179	35.066227	ISR	100.0	1.8266000848503807e-06						
SRR21188792_1						63.119829001644526	48.0	51.0	51	18.181818181818183	49.334509999999995
SRR21188792_2						63.383146230717735	50.0	51.0	51	18.181818181818183	49.334509999999995
SRR21188793	67.94879125489712	28.71068	ISR	100.0	2.4702302940809167e-06						
SRR21188793_1						57.52780527133219	49.0	51.0	51	18.181818181818183	42.253408
SRR21188793_2						57.903532022691614	50.0	51.0	51	18.181818181818183	42.253408
SRR21188794	62.020406806374936	27.8724	ISR	100.0	2.6107357861141655e-06						
SRR21188794_1						54.32218624015709	48.0	51.0	51	18.181818181818183	44.940692
SRR21188794_2						54.12968088527823	49.0	51.0	51	18.181818181818183	44.940692
SRR21188795	61.280768603569555	26.215099	ISR	100.0	2.353092680405733e-06						
SRR21188795_1						52.38541137932463	45.0	51.0	51	27.27272727272727	42.778672
SRR21188795_2						50.88977468504618	45.0	51.0	51	18.181818181818183	42.778672
SRR21188796	62.968041429562206	25.467140999999998	ISR	100.0	3.53189078846239e-06						
SRR21188796_1						54.847422022274735	49.0	51.0	51	18.181818181818183	40.44455
SRR21188796_2						54.65916313623029	50.0	51.0	51	27.27272727272727	40.44455
SRR21188797	75.59016835478815	32.460014	ISR	100.0	2.1784516076547386e-06						
SRR21188797_1						60.43039014092879	49.0	51.0	51	18.181818181818183	42.942111
SRR21188797_2						61.0801247663082	51.0	51.0	51	27.27272727272727	42.942111
SRR21188798	65.34655267588985	28.288785999999998	ISR	100.0	3.145901203331103e-06						
SRR21188798_1						55.50223933478031	48.0	51.0	51	18.181818181818183	43.290403
SRR21188798_2						55.41754537685669	49.0	51.0	51	18.181818181818183	43.290403
SRR21188799	73.53796736127077	39.105607	ISR	100.0	1.7815443710451305e-06						
SRR21188799_1						63.38403854416963	49.0	51.0	51	18.181818181818183	53.177437999999995
SRR21188799_2						63.60828319834526	51.0	51.0	51	18.181818181818183	53.177437999999995
